9 26
0 2 102550601 79027884
0 3 639865368 766602640
0 4 791111758 937019900
0 5 832114789 732711230
0 6 7226658 992318545
0 8 236307578 717161914
1 3 545262843 919863745
1 5 62436054 390723035
1 6 918713240 198964521
1 7 40144972 199641017
1 8 563765774 306474825
2 3 892945986 127444659
2 4 253070025 330272308
2 6 620644116 837567326
2 8 893900559 138567541
3 5 613594450 465431449
3 6 461928722 482629942
3 7 29864834 13031989
3 8 848276869 992871690
4 6 701214414 67868202
4 8 235932874 68984149
5 6 777996970 914615047
5 7 762578060 260010895
6 7 773564223 220858794
6 8 949660984 853676777
7 8 180012069 805851900
