1000 1000000000000
1 -39844534509 -69125083758
1 -153399325502 -359983513846
1 -912143633812 -197378364236
1 -965573247256 -733530503147
1 -953738207242 -606796463032
1 -415034060386 -727375212655
1 8724949799 -446179526879
1 -809552003180 -680574915258
1 -371022957932 -860844814408
1 -388123876426 -215082218486
1 -927298109165 -698815187405
1 -68098149690 -880204271512
1 -238603239207 -333703486058
1 -912684630786 -836509225667
1 -597227860036 -883876522075
1 -501352681956 -389163452328
1 -464545375512 -998513976347
1 -167618878162 -995814581164
1 -136428415754 -558217991837
1 -709599149543 -100190731421
1 -776046068080 -153843280265
1 -395845213867 -615167485951
1 -999837482048 -805209095040
1 -573866492285 1499605790
1 -929652493243 -369459608913
1 -191091167714 -745654507184
1 -523093966233 -850538652874
1 -657184060205 -350467452139
1 -195827009089 -61977036433
1 -213865902228 -98325434630
1 -151875010046 -606160149087
1 -738793527212 -185655490673
1 -61033839145 -278499434500
1 -663112088547 -706187376900
1 -624709290147 -816968550274
1 -663549848602 -237792912512
1 -881818138063 -512812655764
1 -795448303611 -293870750721
1 -624312036529 -309955390940
1 -482538656435 -34597397123
1 -70194671784 -987116644267
1 -469207584880 -580917201165
1 -354425944234 -487586954358
1 -450333928181 -918128930804
1 -388411153901 -5494557174
1 -614278955184 -747988764158
1 -691742015696 -134436183339
1 -596765758880 -335197213512
1 -334645386214 -250468385237
1 -156394578458 -631114964489
1 -172264359411 -174156517290
1 -322679464823 -186926161165
1 -304724130320 -203762267889
1 -329996756129 -208209181992
1 -734685916682 -811368428539
1 -301559852334 -721930870647
1 -480980117407 -218975447187
1 -568962501499 -804009007073
1 -53252214344 -45503109962
1 -477730265973 -356271113733
1 -428530666454 -610066397905
1 -974588126105 -765694007646
1 -137752048792 -610006033945
1 -616800535498 -144331921134
1 -99070132114 -696669810915
1 -731687017500 -119797467229
1 -32136481979 -494853803365
1 -536219447997 8313095645
1 -690197962561 -83074153079
1 -148885286945 -672567370926
1 -806825441741 -463328068334
1 -390632607598 -406806974856
1 -165713516150 -816404618422
1 -949299967141 -265565206902
1 -652476185058 -662919967000
1 -377114552616 -970896398000
1 -27487905659 -634770516287
1 -484630205012 -54797241015
1 -399157770034 -598793539369
1 -378433177406 -240065581741
1 -37118428003 -690012942571
1 -197880782550 -776011029811
1 -636071298365 -641049870979
1 -869787366196 -401098953604
1 -425608345389 -966115091199
1 -54684290028 -315017697313
1 -657590162732 -798084989367
1 -676933390894 -103697169
1 -444400438358 -747474243424
1 -99621202226 -327185389339
1 -268251151326 -508925460784
1 -161924361591 -142907481282
1 -296913605055 -279207006384
1 -509685281336 -910901105797
1 -288745982153 -258549581561
1 -460037592665 -613232519292
1 -245293550664 -202909872218
1 -251930611195 -518916659784
1 -60808388660 -382999064014
1 -552678643316 -643737006192
1 -287800202129 -944516900385
1 -140568668532 -873341311104
1 -535362903127 -412082981864
1 -980338475039 -896103817341
1 -765190435288 -736229199950
1 -622327423511 -389648172435
1 -125225333450 -345912524424
1 -308343387938 -398258956429
1 -280559817586 -155834326659
1 -726320547335 -294277018140
1 -437084241713 -564369874542
1 -453605746437 -215342377226
1 -14051749222 -690464182531
1 -369145926474 -514992004240
1 -945158679516 -439010653749
1 -581384562196 -283272353185
1 -201955314498 -815047389559
1 -271091984115 -824190232079
1 -49556987058 -269419548305
1 -313998976636 -663990415212
1 -375067781132 -14355554055
1 -725282200081 -908831466076
1 -639414854307 -517915627087
1 -346428038418 -633866966271
1 -841982923085 -163563937640
1 -658287129068 -699251303071
1 -447758886502 -663250756747
1 -133536944899 -809631209952
1 -749187204513 -325386191519
1 -105875250017 -941359470919
1 -219619289456 -601327215654
1 -383159340389 -846689522832
1 -130844659011 -138129409652
1 -918980211078 -997664891713
1 -821116860598 -565420348220
1 -8726959292 -514565967749
1 -402469558431 -112164784266
1 -44191362437 -169061921835
1 -11535155816 -692890378272
1 -191550571254 -488932806052
1 -164621701594 -662950034993
1 -97571780690 -185860807318
1 -612394658697 -424871248932
1 -327895348700 -184649529811
1 -310113682301 -528530782989
1 -831109446867 -555265473757
1 -285700761154 -524268529873
1 -676481922364 -935902643534
1 -647885874624 -377217340568
1 -886810416634 -997046538375
1 -862861124971 -976306411531
1 -587965563321 -86550335988
1 -760355767535 -859021421192
1 -594827300954 -75978984533
1 -188365765432 -225783819297
1 -24351700988 -869475887098
1 -890988551585 -692366260461
1 -922673082857 -431415695160
1 -702504273363 -504373158871
1 -303808820527 -843136736977
1 -385444337175 -241297326457
1 -688930058520 -368181565374
1 -450872924589 -632090328957
1 -979691033945 2045564374
1 686124721 -778757604636
1 -794711023447 -987034669891
1 -895184633530 -631059644212
1 -740265924278 -84066458253
1 -391680917081 -373015351618
1 -623161027106 -174415389481
1 -758663785886 -181718558537
1 -799332210583 -902111847811
1 -625268820360 -305984168937
1 -92034481895 -70981075946
1 -548230725938 -679621183328
1 -740570852168 -546781174282
1 -973988936071 -353581479449
1 -770680875833 -355252285792
1 -447123555680 -682799856799
1 -569134355589 -306599200084
1 -27539168721 -601331050913
1 -358784033447 -859616842199
1 -485496994013 -606893219664
1 -40597411973 -472773443256
1 -690350265500 -347127865083
1 -346681940982 -642100973918
1 -478255300888 -294264538601
1 -332825185349 -395257874629
1 -570462925386 -169711881866
1 -444706270829 -363472824777
1 -632983617296 -613608997888
1 -58296351394 -530028555896
1 -425134163914 -222719899998
1 -621681819985 -956607560927
1 -524529525746 -919739278125
1 -314477911562 -484008043599
1 -421273327036 -938667702113
1 -828907390578 -347039855154
1 -655031902311 -745581383255
1 -46143799091 -322486990498
2 -726254602998 -363034031425
2 -209996867672 -630664156246
2 -525443330420 -792884764603
2 -194104927253 -384356230137
2 -727661996874 -977528386252
2 -406427450336 -12168629398
2 -729730907542 -983031279014
2 -111391168711 -995076124816
2 -421150789786 -712348557341
2 -212021846790 -988253990975
2 -781321693434 -264897680423
2 -437628254580 -51653997060
2 -868381771012 -148283604452
2 -95110085161 -399123000847
2 -235498888167 -224400773742
2 -257987515065 -664887442617
2 -975858893367 -329380637873
2 -635850951051 -414267768805
2 -358819244477 -227749886487
2 -29968752494 -426133807483
2 -183695533553 -353566006700
2 -371194218168 -900504937153
2 -870433765382 -976296681243
2 -153215745554 -540276900002
2 -979215680325 -707554056693
2 -315455904442 -854496463136
2 -448231042981 -862408105859
2 -458614137948 -957279532510
2 -77924840541 -267351057094
2 -479970335116 -13173038490
2 -683041121318 -854503392380
2 -44052309630 -697450148425
2 -405858387382 -576762551909
2 -764382625982 -105409061415
2 -66731583000 -440576341087
2 -555008123381 -454126509668
2 -198963605599 -630824071863
2 -265092004821 -644568372811
2 -287675754935 -626355037107
2 -361802488882 -845641345769
2 -885296385442 -109539082858
2 -570028506233 -293897418672
2 -4828914383 -525045306257
2 -889706221020 -192930153989
2 -205325175347 -469823296377
2 -972074391621 -881468751767
2 -206263848337 -782632913145
2 -316053753462 -345147631388
2 -852595256747 -496171967380
2 -293104023818 -993588908405
2 -20631193300 -113564592715
2 -270988970211 -671564090257
2 -615721564443 -394360600718
2 -765954778278 -814627137599
2 -938290069337 -177404829429
2 -519117215292 -323620986353
2 -858759179889 -299597762253
2 -183782957800 -872667767649
2 -271688087432 -864873224827
2 -747845511356 -604106968719
2 -632223731157 -969317240295
2 -812741084439 -515836513256
2 -948479304759 -923558516487
2 -237509880389 -194747552339
2 -405411878870 -461789713146
2 -23237668460 -434771702851
2 -574375156144 -524434097186
2 -158900488244 -254912184283
2 -760980224355 -988359823507
2 -474477071630 -449134592646
2 -917372522717 -571983961725
2 -371909275340 -141422344807
2 -242259532845 -390593376019
2 -788775366197 -339454148126
2 -191458742561 -667156722989
2 -594165274277 -408099151671
2 -90009407558 -848087024074
2 -993002583512 -565372899322
2 -651475536330 -128935717042
2 -580994516646 -378428500382
2 -1805877775 -265106157642
2 -495433311376 -11293319995
2 -284787144058 -923918102750
2 -146020863216 -552029810916
2 -112003815709 -859225722685
2 -920817076905 -176632695446
2 -79458230115 -52876728754
2 -992685891681 -684577314122
2 -470945967949 -820699619384
2 -298292077860 -887018924331
2 -657102177281 -220438756574
2 -886450871845 -467264129897
2 -216416147414 -740541821257
2 -70702959151 -759576814873
2 -778060184851 -771118865975
2 -706384003188 -616433787542
2 -88803037948 -93118676493
2 -677483296257 -252094022849
2 -543273966340 -933986344607
2 -611623981569 -871915556335
2 -475151279363 -386641692541
2 -545813233205 -987637277596
2 -265925035814 -958224215980
2 -808851366809 -116537088077
2 -452049681716 -423434875113
2 -532779287553 -433837737893
2 -85818294643 -920420705832
2 -517222187620 -312361277256
2 -909353415885 -870842688126
2 -916770703341 -482142763195
2 -361502945325 -603195963995
2 -711630503424 -494075698564
2 -914387683471 -411675590833
2 -417789568738 -939171218190
2 -501186429112 -196179605727
2 -424748958521 -503638087762
2 -835098881691 -300522238949
2 -399364985625 -990535597379
2 -212443554024 -537962317518
2 -398544716579 -729324256222
2 -804658709099 -260833167347
2 -423937516905 -976955468776
2 -541810367079 -836110206578
2 -608171859145 -95596018644
2 -706492762249 -938001759217
2 -803424526719 -363459871562
2 -814958369812 -175652691338
2 -640373648936 -218383401697
2 -477701606557 -110153656428
2 -377472153687 -14822899769
2 -799791712265 -547582586082
2 -932087947631 -392560380415
2 -760894752402 -422509447484
2 -885708260588 -644781560153
2 -377826014332 -69232986771
2 -622364906106 -281079615271
2 -432161046977 -510624929978
2 -779878211983 -117308448283
2 -18566379356 -535080148796
2 -340023390353 -274860033117
2 -823493388989 -464448393773
2 -396990672465 -702422812686
2 -620939721390 -965030529630
2 -373284152744 -93730507334
2 -641044752222 -568259186853
2 -793606500010 -802499932124
2 -455264652385 -933085831061
2 -130019239344 -247690834542
2 -606223965303 -242086900733
2 -727198428852 -16625916779
2 -298556048804 -844804602750
2 -719712040295 -518761383537
2 -675137824260 -381390308858
2 -755094563561 -239726914911
2 -747297428301 -543339192113
2 -856066830534 -898688980537
2 -740198277271 -457403709489
2 -97552152953 -316346779609
2 -816081188470 -388211424427
2 -102285018672 -630396601219
2 -761248132122 -718184285527
2 -21496851775 -69248992026
2 -745002206444 -791391974967
2 -291185127924 -444452294963
2 -126367607070 -900994422557
2 -932374514851 -947711710664
2 -3507463972 -506770326685
2 -750007065292 -296262317855
2 -934176002504 -402322003456
2 -934573661528 -273391954541
2 -804621269853 -279149302175
2 -352252966843 -58252879406
2 -620169698669 -949696554255
2 -685824950833 -635094980969
2 -498426684542 -875402271202
2 -431260078022 -583115056674
2 -449157207016 -724466157249
2 -655329542310 -478676742815
2 -272648108983 -691875465348
2 -117026589571 -991396114063
2 -398167006835 -127831807220
2 6468407457 -1310010641
2 -730322879291 -362181711794
2 -302759598224 -879960455643
2 -690110746786 -87538809190
2 -17427205858 -610329745545
2 -205262311822 -762929640385
2 -827133883646 -864630407325
2 -26651237987 -880567734371
2 -112103453127 -367536431020
2 -31287531537 -86734174240
2 -585808922617 -994832088615
2 -607148619258 -306241485559
2 -312963667525 -992356725311
2 -270012245735 -65452101863
2 -993189141478 -185016313339
2 -734463525317 -377944493706
2 -218777133435 -316720513490
2 -532447095484 -480943881858
2 -773855607312 -211703482088
3 -938818497252 -874676451205
3 -86677296902 -6302847181
3 -645068156224 -438488072115
3 -926153976991 -675932028553
3 -615892737824 -447056291818
3 -702969298172 -753425597058
3 -325331761320 -586088669947
3 -408419740351 -476232260430
3 -937838586443 -711033111886
3 -455477143215 -454301742880
3 -301591753799 -66508716724
3 -866051636082 -258780220200
3 -234300841946 -480676116632
3 -544136427262 -459432666987
3 -745873332687 -720609381105
3 -322299576338 -622042898408
3 -216123884415 -620038909149
3 -140163183433 -982960380522
3 -938042371328 -974036248124
3 -754176542108 -351925472676
3 -208717231327 -292284452834
3 -286510170501 -652644968560
3 -234014780862 -976521022997
3 -196245854748 -341341951599
3 -123646753349 -812676071361
3 -920246461804 -852134672257
3 -253369413265 -941859091143
3 -784806454848 -818715640879
3 -613907559142 -131974188605
3 -144499715778 -319587137060
3 -351783486165 -525986246808
3 -470364781309 -737816184946
3 -516852416302 -223865563128
3 -551102041744 -325478792702
3 -446037346164 -862646123960
3 -191817952457 -672399596003
3 -80996336573 -500773250228
3 -178930502460 -368594892785
3 -67853727952 -767811111408
3 -370941127487 -818763803713
3 -658560796503 -768960453310
3 -86162430652 -96898281618
3 -456428239009 -208882225484
3 -524198869678 -673949707969
3 -420958376632 -283355545166
3 -566567373323 -932974713287
3 -257620728573 -802553190580
3 -123589933925 -887965020145
3 -586484892175 -437935049610
3 -373796225445 -635146386056
3 -884677848342 -618869951313
3 -408479781672 -882358188302
3 -871622069696 -43337035616
3 -962755293750 -568812835066
3 -910092239026 -244268067571
3 -241771953536 -288658856679
3 -202899774361 -384023713399
3 -616475826146 -503453030047
3 -854373181157 -912228430428
3 -890868829732 -162262679080
3 -160087743124 -768098754142
3 -506406604261 -445171411928
3 -323521175951 -390061787092
3 -68343430090 -444505902546
3 -376618924937 -245158771486
3 -18587157186 -896966753228
3 -336983223602 -997822083710
3 -258448879952 -840018211962
3 -592280414145 -574379472681
3 -321661170498 -923495964144
3 -185100440584 -118090756536
3 -866831332276 -844885525705
3 -294441677845 -36294385297
3 -242302215422 -399649831560
3 -230338130662 -864004716571
3 -50752889820 -146365191340
3 -176647473618 -564673859469
3 -768068282000 -749481170522
3 -366108475472 -735853510039
3 -731519142210 -341805554618
3 -692629238731 -310105007569
3 -364644302314 -953893406687
3 -905631062938 -372703498812
3 -797919657257 -345458816146
3 -304315897032 -86282514937
3 -525226974840 -39913800189
3 -290584509616 -124784656982
3 -458596978577 -292754748864
3 -898118801855 -782058378125
3 -427111778526 -817567614455
3 -337526624320 -147832063792
3 -154993626469 -34252561795
3 -27557834091 -630018491844
3 -691381703970 -822380893547
3 -66431704737 -626546321000
3 -317799816530 -656981239232
3 -475068326708 -253863107158
3 -197770588216 -950773323154
3 -445674871198 -346400906322
3 -771601671582 -991872077523
3 -891960365796 -516604253671
3 -995809965995 -165727347000
3 -518706673059 -370451684560
3 -153904660105 -862409697902
3 -749729346517 -551625023029
3 -836910442309 -810837233993
3 -389404603403 -297652142270
3 -884619580823 -689204726240
3 -291672745030 -374540594355
3 -963552500419 -874987080387
3 -112922177080 -486553181092
3 -505895680582 -961424011335
3 -174140995559 -779898617369
3 -960406598866 -101163646381
3 -490597167047 -856696673921
3 -845879315620 -767470931171
3 -467754124881 -48475757024
3 -37892228307 -693639797567
3 -223358309137 -337106950091
3 -590884976990 -479701907795
3 -330366541947 -477825391968
3 -225772168302 -429137948499
3 -689405313674 -905444472546
3 -247294434588 -511984953226
3 -486371250515 -361268897424
3 -791757891140 -72493009682
3 -407553675771 -519603745989
3 -667048574338 -129822343273
3 -693486368167 -662243142971
3 -19605325756 -336948867473
3 -824325326456 -515618109875
3 -502434380381 -699388733105
3 -379231897267 -590779987701
3 -740026828436 -547968167838
3 -223999954875 -306776414664
3 -377355324688 -326113802693
3 -899087783762 -317313071462
3 -783770261332 -854681572164
3 -86457519599 -989260135162
3 -551629353262 -202354408812
3 -717285667714 -382365832615
3 -340687684508 -2447636791
3 -934268211923 -722796601251
3 -370633503622 -326822081090
3 -521798923061 -212456710516
3 -178878798600 -377739600945
3 -375437808754 -908708253621
3 -442849181512 -147364856275
3 -368540783111 -253553827094
3 -884485074561 -670938170353
3 -47801657700 -194033306460
3 -521953495630 -323898395964
3 -645363386910 -99566038390
3 -506839976390 -545397031062
3 -792507327589 -529698196912
3 -766313506945 -102843852385
3 -308145557542 -460795309777
3 -259800123754 -38790574051
3 -744296498817 -194463044091
3 -372361920092 -294872129655
3 -519397253631 -944493940347
3 -683189789053 -7101306132
3 -866796677807 -748839457256
3 -670046046144 -674995431300
3 -878081778107 -553635945590
3 -72120949719 -945802618035
3 -147002961436 -743550983271
3 -582228790908 -853215059580
3 -51981801288 -262785229653
3 -56955697644 -609304602881
3 -61167382195 -461730830765
3 -840635003282 -663658637747
3 -256177532597 -763982125783
3 -930225831956 -18085846225
3 -39653665914 -514363137346
3 -322197871012 -372599280417
3 -287864736645 -796734389381
3 -461433518009 -999034787115
3 -243480467277 -436388707065
3 -695073515988 -660231211963
3 -922647011777 -217549547052
3 -428832617959 -954105599851
3 -961761498205 -45891850882
3 -435537564379 -531800271546
3 -298338125449 -15545239756
3 -347667181208 -207194938483
3 -883126798834 7378795671
3 -332234717130 -96082809253
3 -160913177285 -754706730306
3 -594340232113 4602670500
3 -973389777079 -649635868821
3 -109438319808 -614699038550
3 -588331185484 -109163319492
3 -885220769608 -597390667181
3 -144461843809 -919059066338
3 -896565463249 -894175784816
3 -643080894899 -89065838994
3 -988110283858 -286419539724
3 -704792966379 -569257047571
3 -9989816871 -248109269170
4 -321089496930 -803735356196
4 -962363111728 -756366247592
4 -211273966307 -921906163617
4 -934172016088 -992113418395
4 -190154723536 -359230910875
4 -902097186619 -609553204900
4 -355669595299 -204422922299
4 -696841840441 -94302589383
4 -568324784661 -49665610771
4 -732067838829 -265740325092
4 -658762807196 6503540886
4 -459507664651 -423833259973
4 -911001408514 -706145664251
4 -107865298373 -9308521031
4 -393043759724 -337859413200
4 -972758712131 -684377232836
4 -502578333135 -313987922135
4 -670041447805 -523336694612
4 7749701823 -482902825950
4 -352979441323 -299174562572
4 -503848972152 -380507155021
4 -343183490606 -505835644221
4 -323924955585 -102697854892
4 -214933949146 -752502003306
4 -433109953969 -341237926719
4 -332531522547 -820581779838
4 -396025116769 -521052225808
4 -945398742471 -427653979129
4 -676119164607 -382227632924
4 -149458039873 -93817497662
4 -243979068306 -803704570534
4 -627571963605 -458987927893
4 -462661706975 -794880964830
4 -57836549069 1781361642
4 -271604432100 -164872363060
4 -551736294429 -227771330747
4 -461030663175 -514321986951
4 -59293624224 -574830013013
4 -312723962538 -492625598731
4 -712678613957 -931686504223
4 -875392788073 -409391841749
4 -651690127991 -441714183901
4 -563505251450 -338292670151
4 -31121299070 -805894446301
4 -292736360207 -167097121671
4 -638853384096 -725351917214
4 -497286904447 -145471406228
4 -341914113599 -71448510863
4 -79048210176 -292012703813
4 -836014532793 -928740970514
4 -281688067940 -243419357196
4 -997216809855 -868520416016
4 -49568301223 -903077612661
4 -410345110624 -596695930942
4 -353622512066 -714655907640
4 -272894778123 -923291986806
4 -504473866437 -395975570037
4 -100337350993 -127693533310
4 -308420523786 -750846014957
4 -825175490319 -243449442984
4 -107905597954 -604247038032
4 -594541348380 -999518110274
4 -535828770612 -996094352734
4 -815689927935 -209690192659
4 -896342549793 -637355327969
4 -538994167662 -788951696904
4 -894161345322 -722688958483
4 -41587050599 -381782454755
4 -129378909209 -817943117929
4 -121616563609 -667229718213
4 -850502441566 -431621265783
4 -136984779387 -397680100104
4 -518138747141 -617684329821
4 -604618870849 -926305306240
4 -525449574458 -319721542287
4 -830339592970 -135411457143
4 -131317299094 -379432223360
4 -91209863834 -945997029731
4 -948925059799 -559596749844
4 -25779830742 -440714703238
4 -925003742926 -8256871331
4 -785474980130 -532736718948
4 -431343889154 -259089928854
4 -468111618437 -404995467806
4 7857543145 -169446405488
4 -608187357980 -624115826871
4 -181336674058 -455524829452
4 -691123884772 -568564076953
4 -951842173620 -159313744157
4 -11017638845 -87101896901
4 -435623278905 -472167086805
4 -2625563566 -893023780355
4 -207788843045 -435446166429
4 -284544437582 -576966713338
4 -519913309642 -402604449087
4 -449029663242 -818131034923
4 -409353662701 -699581746714
4 -193851260814 -16447805106
4 -409624718135 -798758046178
4 -111137655578 -574285593118
4 -325625828653 -405363799980
4 -768148309568 -741815301912
4 -694164422410 -480688131434
4 -536256934059 -961916538124
4 -8887651895 -298274111667
4 -963740647829 -611908628413
4 -705600929477 -54263514180
4 -966655176129 -44374663975
4 -510003508022 -330439326266
4 -112049397296 -473896276606
4 -374098147228 -392482702732
4 -293683159108 -280349375921
4 -817840737879 -829054708255
4 -757949035668 -310442978834
4 -593869501193 -707220260996
4 -122910769136 -962911718607
4 -50071587105 -552822173300
4 -754927477616 -456707998343
4 -523387380864 -207286521229
4 -424457206168 -735327343069
4 -113605773449 -219890926733
4 -480479209546 -80751623032
4 -170018326917 -237119647458
4 -406193000603 -838167339512
4 -574722294928 -550650703758
4 -227275270474 -187881997788
4 -823593972890 -339890256461
4 -182881192580 -33453511
4 -794169480817 -898626396239
4 -636162756703 -414835472014
4 -865762487327 -743670370138
4 -386207854576 -450691160576
4 -62423795358 -98035423461
4 -326103294450 -642016394000
4 -856649460208 -435604106223
4 -186940714256 -771442441467
4 -972168869052 -72157207783
4 -679827121030 -511254600781
4 -749255751786 -313859858088
4 -911571637440 -101698604480
4 -379184736121 -784665299835
4 -449735498022 -158216998428
4 -225103595999 -571988171924
4 -933303542394 -554339609564
4 -885788499434 -346230572637
4 -265546127651 -354489320327
4 -183346511783 -938180642338
4 -58771675305 -59793497357
4 -312146474921 -247633588577
4 -944759088390 -248283262177
4 -1972739198 -270809925713
4 -131667783358 -234737673246
4 -863926895466 -738715466251
4 -572779348896 -541379019186
4 -492958063797 -825990301321
4 -684885285587 -662379017490
4 -177955795906 -741748136715
4 -246349034413 -709274098366
4 -588690263816 -322002479564
4 -426084089168 -55142155097
4 -443908833492 -196980334350
4 -889173107047 -167082913049
4 -195575493054 -698162546065
4 -634568972418 -348766021073
4 -205817027974 -421587056221
4 -406518548328 -328059404350
4 -920578312526 -41474485128
4 -436358575640 -383915154409
4 -450308466858 -410825255732
4 -442734246445 -238319292328
4 -160925632677 -609074587160
4 -138123217356 -267491126638
4 -957010105496 -834526756841
4 -191052255217 -264477700382
4 -161896406578 -170385881728
4 -958846970564 -482526924814
4 -414577994716 -2608774941
4 -391670196099 -221160799334
4 -348261296870 -544134935472
4 -266846375688 -142587186871
4 -54051931892 -877859365231
4 -89924529432 -784737154743
4 -51837188017 -803171944749
4 -229347169612 -973076604867
4 -426725069588 -642594966241
4 -111187082495 -782617644294
4 -532437615540 -720476706909
4 -826783949430 -409969280189
4 -779139378717 -276216029879
4 -25673229171 -185231787210
4 -854187324801 -539182884686
4 -43496841801 -182096378071
4 -513229350476 -135788157305
4 -629161492499 -329732939127
4 -833359986436 -491449047550
4 -239223619471 -108674413072
4 -740631208945 -493415815219
4 -467938816603 -266803764847
4 -53174835906 -948977024851
4 -230551943376 -606298373293
5 -407749409292 -245531446643
5 -831256191841 4384111442
5 -198185353457 -161850951061
5 -803883082013 -994972101910
5 -644913687548 -397027290877
5 -376894803922 -181436598763
5 -477077795684 -445773575012
5 -540235401752 -855881080140
5 -313236884257 -531615717411
5 -896513872313 -64533121724
5 -363005064002 -384819909138
5 -345492514384 -767906832426
5 -254291371079 -50589162390
5 -43186203000 -647646187463
5 -340426267563 -440549892231
5 -618001312282 -135550285946
5 -906435574950 -503740402094
5 -392804221122 -747361691722
5 -239896500015 -137250458092
5 -744808203663 -279990643300
5 -136979663590 -542834609477
5 -716621366203 -320450003403
5 1392842775 -789887573395
5 -70553129150 -755717435560
5 -639023117120 -252975302696
5 -668721528566 -486164986717
5 -960235183324 -692029727570
5 -119266723543 -307380590682
5 -745330609981 -262554505377
5 -80026536467 -620374766738
5 -737500549782 -209203370876
5 -289775391647 -172419143893
5 -543489524658 -922802380582
5 -358416810420 -145975952756
5 -746327305076 6428009655
5 -755586346043 -520848575968
5 -399515540306 -677589811951
5 -664747083048 -743545287975
5 -994844583221 -844364763803
5 -903226179616 -651775847090
5 -932836203079 -993865611970
5 -242953632333 -613357234956
5 -975479922363 -25672541120
5 -553348363484 -327439459169
5 -382200266162 -317844152262
5 -870970805925 -8401033579
5 -122745722274 -710376287384
5 -725867189988 -619549527759
5 -98368892229 -631517962952
5 -288354507534 -770489110634
5 -539099287933 -116082409545
5 -485965178536 -463458466802
5 -78535238362 -991623128176
5 -715064778272 -492083795071
5 -570704276676 -666294883006
5 -212376100532 -577987545946
5 -873661028593 -798421724504
5 -236278980620 -20394079190
5 -977721843947 -673671856602
5 -56386340560 -506742752286
5 -873582926514 -773710615898
5 -543620438064 -534322260333
5 -353144359349 -401581677089
5 -748684786958 -595087302995
5 -703185248759 -817395290555
5 -770857813693 -174135891183
5 -714760198588 -354597904761
5 -338110856318 -214215082968
5 -608017742606 -263283224853
5 -359540406980 -933607090823
5 -831684847473 4538324063
5 -716115549856 7112652888
5 -25642453455 -820788132531
5 -969694028391 -660966273503
5 -263163367806 -848775474513
5 -478184064666 -457048092225
5 -831524731094 -702958054734
5 -787586940745 -439657518871
5 -173864240460 -648591046065
5 -771854338225 -109656125747
5 -909943290125 -16615612731
5 -381834828508 -301519956276
5 -4550035945 -937905208567
5 -832076975030 -279702570203
5 -857831819967 -700091357562
5 -611972106761 -242672169146
5 -748413122426 -914243728832
5 -634307159826 -67286349996
5 -636223398915 -471888467592
5 -89304721301 -975701686719
5 -334410437737 -533000494247
5 -114648846494 -135093573410
5 -507238132450 -861094700977
5 -389181374404 -943970292812
5 -897254413644 -503079748638
5 -264651598462 -835868926791
5 -252665433466 -754452835795
5 -12582244967 -696506446590
5 -984548386677 -770110156592
5 -966614309371 -329341537974
5 -543322581291 -580078575360
5 -704516474925 -179460921736
5 9573312487 -289043649245
5 -966102018979 -301393986839
5 -620172998493 -779536590581
5 -49721680 -85045052371
5 -133198280837 -983534997068
5 -185949161450 -104460273639
5 -817960841619 -690448731112
5 -522664314450 -642354710315
5 -85851073473 -263409045294
5 -276810810097 -462248206483
5 -677148306887 -460578480984
5 -129032231007 -736735831559
5 -320775898994 -620926852782
5 -436081229994 -611973278348
5 -890046491306 -325189698130
5 -520171656944 -853736324303
5 -155248745339 -493510609585
5 -955584667892 -681918440410
5 -27221129100 -239868885074
5 -585376007964 -712257494718
5 -930885017309 -186213749276
5 -40022584690 -588425697977
5 -869301402592 -607151362480
5 -200874458025 -279960360395
5 -448522096869 -9150498210
5 -697886270199 -681231285399
5 -72046857646 -33268688838
5 -585149037837 -607589084531
5 -181388740956 -599916315873
5 -699477754448 -653100692178
5 -136879886376 -936679408380
5 -950210132090 -119524538947
5 -639858038429 -860942784037
5 -919411703975 -53247579616
5 -334106190916 -36818293329
5 -675691416165 -450624620256
5 -650201702482 -358833857036
5 -870227520578 -952666049786
5 -255822800088 -816629414953
5 -795908280883 -218373266366
5 -279813030361 -502371586169
5 -841093894644 -406813283619
5 -664569977228 -958166362012
5 -947778814003 -680965103197
5 -706108415804 -560500306427
5 -484233004646 -588624935223
5 -892402107419 -721906664928
5 -614948907852 -228972955076
5 -261000485638 -680833579918
5 -511617017325 -42234780830
5 -216404483028 -651232013261
5 -359617658865 -198637143077
5 -580749144209 -900232919176
5 -592780482773 -600292751398
5 -819126440977 -339748647625
5 -157231341938 -713257729254
5 -93108578669 -420449183513
5 -215587106264 -941175680210
5 -248443627545 -534606475350
5 -448466816716 -865519245538
5 -705431195597 -455706206591
5 -20106508067 -872587923904
5 -992867313038 -33455456475
5 -483432130866 -918271048154
5 -959381090940 -533319216616
5 -350548570413 -117000496072
5 -438396883986 -671316813900
5 -61939309673 -385019854490
5 -423331995607 -771091817544
5 -951284864264 -125525994607
5 -672697355092 -112030982259
5 -1720886108 -443258558325
5 -834641158956 -904635167019
5 -163488106954 -368002928398
5 -849842546107 -325144814889
5 -968545283463 -124602967812
5 -803646640997 -442621610522
5 -356430862644 -310672901324
5 -566876695867 -329114968348
5 -785644720995 -184361925688
5 -886384415085 -945424105773
5 -439274106127 -274431667190
5 -426274918581 -364142514989
5 -7710327287 -323003762532
5 -281526227399 -201164018469
5 -82457300878 -515543530847
5 -726867194667 -690907054216
5 -714964879371 -530895416081
5 -729838142463 -713241932270
5 -980588806568 -669409888784
5 -660015939201 -110978756981
5 -835479713280 -728750208351
5 -499356977547 -366559807153
5 -839940405578 -869726585565
5 -698819248303 -496339746532
5 -464507601176 -375327484873
5 -607627452907 -473258604929
5 -165237935496 -936065017904
