9032
0.622
0.144
0.199
3.085
2.326
0.998
0.338
1.652
1.359
1.785
3.566
0.683
3.725
0.771
2.522
3.087
0.641
0.065
0.956
2.442
3.261
3.543
0.540
0.366
2.710
1.049
1.033
0.412
1.969
3.553
0.230
0.150
0.223
3.441
3.335
0.197
3.591
3.803
3.692
0.165
0.505
2.349
2.262
0.872
3.509
1.512
3.804
3.602
1.898
2.312
3.395
2.818
3.344
1.727
1.759
0.455
3.568
3.610
1.795
3.751
3.081
3.579
1.782
0.563
1.186
2.864
0.916
0.209
3.647
0.736
2.155
0.100
1.859
1.953
3.784
0.755
1.797
2.535
2.697
0.309
0.708
0.251
1.061
2.166
0.224
3.330
1.843
2.221
2.475
2.212
1.663
0.882
0.772
0.565
1.443
2.137
0.567
1.309
0.552
0.963
1.648
3.084
2.458
1.637
2.907
2.344
3.340
0.834
0.516
0.200
3.651
2.875
2.995
1.156
0.371
2.083
2.373
3.038
0.445
0.940
3.571
1.723
3.890
0.564
0.091
2.655
2.081
2.027
1.261
3.691
2.964
1.091
0.518
2.477
2.205
1.213
1.604
2.335
3.780
1.970
2.032
3.547
3.038
2.566
2.850
3.976
3.971
0.645
2.428
2.103
2.265
1.393
3.920
0.857
2.602
0.725
1.040
0.017
0.787
1.360
0.908
2.512
0.464
1.647
3.989
1.589
2.464
0.268
1.538
1.624
2.317
1.253
2.433
3.231
2.005
3.246
3.944
1.405
1.707
2.538
2.724
3.539
2.143
3.120
3.173
0.497
2.026
0.840
0.364
2.282
2.226
0.739
1.809
0.424
0.425
0.732
2.636
1.822
1.369
3.005
2.091
1.608
2.247
0.888
1.812
1.471
0.320
1.385
1.933
2.948
2.596
2.186
1.832
0.311
3.157
2.674
2.230
1.008
0.710
3.311
2.329
0.989
0.979
0.753
1.832
1.801
1.752
1.124
0.908
0.001
0.719
3.138
1.593
3.199
1.674
2.070
3.558
2.983
3.220
3.064
3.875
2.985
3.800
3.881
2.094
0.526
3.723
0.871
2.896
0.556
0.748
3.846
2.515
1.020
0.900
3.472
2.323
1.298
0.357
2.909
1.172
2.062
1.571
3.652
1.490
1.644
3.236
3.863
2.636
2.928
1.256
1.973
0.633
1.841
0.598
2.909
2.156
1.625
1.691
3.050
0.544
2.422
1.998
2.838
0.594
1.047
3.453
2.960
1.019
1.422
3.629
1.109
0.738
1.750
0.842
1.551
3.498
2.338
0.820
3.083
2.873
3.851
3.146
2.421
0.292
3.847
1.361
3.682
2.503
1.576
3.442
0.322
1.776
3.318
1.309
1.741
2.120
2.973
1.067
0.772
1.954
3.100
1.912
0.308
1.902
0.304
0.903
1.617
3.768
1.640
3.291
3.170
3.246
1.620
1.617
3.336
2.564
0.415
3.520
2.867
3.999
3.061
1.989
3.826
3.080
2.706
0.741
0.455
1.312
2.370
3.481
2.460
2.370
1.240
0.971
2.285
2.977
3.149
0.181
3.161
0.042
0.694
3.213
0.074
1.163
0.372
0.256
3.272
2.201
2.094
2.543
1.512
3.416
2.675
0.069
3.984
2.492
1.114
0.792
3.697
0.840
3.924
1.092
3.080
0.631
1.303
3.468
2.642
2.329
1.591
0.751
3.777
3.815
0.240
2.568
1.129
0.751
0.451
1.356
2.411
1.404
3.644
1.906
2.177
1.972
1.108
2.248
2.751
0.257
3.449
2.614
0.388
0.610
1.872
1.303
1.691
1.128
0.865
3.437
0.429
3.412
3.507
0.939
0.097
1.497
0.433
3.486
0.933
2.141
3.352
2.766
1.566
3.233
2.101
0.066
3.063
2.866
2.344
0.011
2.874
0.488
3.318
3.240
0.024
3.548
1.451
1.868
0.862
0.193
0.185
1.751
0.779
0.804
1.036
0.917
1.544
0.568
1.660
3.960
2.228
3.752
1.659
3.737
2.187
2.018
3.841
2.433
1.139
1.815
1.848
1.864
2.141
1.825
0.342
3.807
2.063
2.388
1.330
1.246
3.174
1.007
1.774
2.599
2.532
3.243
3.267
1.302
1.087
0.743
2.354
2.576
1.781
1.577
1.990
3.767
3.364
2.768
0.648
2.343
0.275
2.586
3.760
0.434
0.640
1.099
2.471
2.777
2.297
3.455
1.058
1.940
0.727
1.509
2.956
2.957
2.866
1.660
1.937
2.749
2.993
2.133
1.813
0.227
1.255
1.469
0.936
2.456
3.831
1.583
2.780
3.029
0.366
1.531
3.086
0.560
1.007
1.986
1.304
2.158
0.234
3.447
1.505
2.854
1.641
3.311
1.441
3.062
2.927
2.213
2.118
2.558
3.584
2.399
0.015
2.844
3.097
0.422
2.003
0.344
0.969
3.063
1.038
0.600
3.463
1.126
0.886
0.395
1.686
0.675
0.403
2.733
3.479
3.229
2.299
0.632
1.560
1.604
1.884
1.882
2.456
0.327
1.909
0.262
0.988
2.917
2.435
1.113
3.413
0.863
1.553
0.769
2.813
2.716
1.826
0.004
0.905
0.502
0.472
1.503
3.178
0.521
0.610
0.275
1.107
2.609
0.272
0.012
0.156
0.069
3.458
1.593
3.418
3.725
1.129
0.230
1.894
3.938
1.861
3.202
1.845
1.930
3.749
0.704
1.050
2.373
3.225
0.008
1.441
2.983
0.592
3.959
3.298
3.708
2.362
2.773
2.047
0.128
0.900
1.169
2.637
2.786
0.416
1.046
2.630
0.465
3.007
3.264
1.304
0.747
1.211
0.480
0.454
3.763
0.489
2.615
1.031
2.594
0.053
3.169
0.365
0.619
1.628
2.441
1.428
3.912
1.011
0.658
2.461
1.844
2.742
0.067
2.245
3.149
3.662
2.245
1.396
3.974
0.873
3.194
3.292
0.823
1.347
2.240
3.594
0.785
0.355
3.301
0.766
0.080
1.939
2.804
1.642
3.724
0.781
3.331
3.768
3.956
3.137
2.018
2.119
3.119
2.886
1.804
3.762
1.768
3.310
1.815
0.125
3.084
1.850
0.480
2.753
1.999
1.895
3.425
2.797
3.990
2.550
3.744
2.936
2.083
0.378
2.967
1.040
3.407
0.270
2.816
1.596
2.474
3.865
0.828
1.780
3.400
3.387
2.959
0.016
1.389
0.259
3.478
1.972
1.068
3.547
0.807
0.158
3.624
3.060
1.346
2.646
0.226
3.841
3.958
3.891
1.816
0.810
3.416
2.253
3.112
0.516
1.977
2.517
1.568
1.183
2.170
1.573
2.007
2.709
2.942
1.382
2.796
2.753
3.527
1.457
3.672
3.746
2.682
1.310
2.719
0.442
1.410
3.658
0.483
2.500
2.837
3.657
2.863
3.678
1.592
2.036
3.149
2.337
2.897
2.719
3.471
3.257
0.453
0.373
2.918
0.167
0.341
2.287
1.723
3.950
1.292
2.099
0.155
3.101
2.032
2.095
3.144
0.852
3.837
2.162
1.174
3.245
2.998
0.939
0.588
2.496
3.588
0.330
2.231
2.141
1.750
0.225
0.206
0.746
2.640
0.180
0.556
1.368
2.269
0.715
2.770
0.489
2.621
3.044
1.319
0.820
1.805
2.238
1.751
3.128
3.387
3.174
2.423
3.182
0.635
1.126
0.549
2.918
0.122
3.393
0.009
0.113
2.903
1.150
0.247
0.124
0.468
3.500
2.568
0.652
2.709
2.710
2.303
0.054
0.344
2.696
2.547
3.363
2.564
0.055
3.549
3.955
2.079
2.284
3.351
2.747
0.362
1.292
1.903
2.802
3.508
3.928
0.609
1.411
2.013
2.951
0.177
1.989
3.671
3.722
1.617
0.534
1.868
3.879
0.374
1.945
3.756
3.339
3.840
2.133
2.083
0.210
1.861
0.677
2.919
0.526
2.359
1.646
3.063
0.202
1.821
1.278
1.633
2.213
1.163
2.354
2.126
2.686
1.351
0.385
2.204
0.498
0.164
0.148
2.520
3.897
1.624
2.637
1.078
0.774
2.847
0.163
3.951
2.466
3.488
3.115
0.615
0.263
2.414
3.796
2.739
1.319
0.894
0.812
0.928
0.227
1.347
1.614
2.770
2.261
3.552
3.116
1.463
0.122
0.254
0.682
3.355
2.011
1.197
2.354
2.941
2.944
0.904
3.814
3.163
3.439
2.863
2.385
1.308
2.064
1.332
3.270
0.355
0.800
1.546
2.274
2.336
0.784
1.915
0.410
2.058
2.693
3.657
1.061
2.510
0.906
2.298
3.825
1.324
1.543
3.650
0.631
2.848
1.562
2.068
3.459
0.723
3.355
1.219
0.711
3.288
2.582
3.069
3.233
2.690
0.507
3.443
1.007
2.293
3.655
0.238
3.695
3.783
3.353
3.292
2.496
3.297
3.564
0.864
3.207
2.994
3.395
2.861
0.882
2.656
0.744
1.155
3.180
3.239
1.800
2.742
2.245
2.721
1.435
2.000
3.888
2.179
2.009
3.903
3.888
2.693
2.704
2.832
2.352
1.516
2.230
1.495
0.403
0.884
2.588
1.458
0.838
0.886
0.553
2.941
3.965
3.043
2.632
0.768
3.459
3.518
2.475
3.736
0.881
0.369
1.082
0.208
3.416
1.770
1.583
3.308
3.398
1.864
0.012
2.900
0.383
3.703
1.179
0.375
0.791
2.664
2.625
2.308
0.554
2.830
1.589
0.144
2.751
2.981
2.027
1.339
0.864
2.170
2.953
2.780
1.073
1.313
3.706
1.765
3.916
0.761
2.223
3.511
0.687
2.544
1.007
2.861
3.100
3.765
0.176
3.772
0.013
2.588
3.860
1.155
2.454
2.310
3.167
1.775
1.686
0.212
2.019
0.164
0.749
2.201
1.428
3.891
3.651
3.677
1.087
0.022
2.348
1.657
2.640
3.248
1.643
0.846
2.596
1.892
2.317
3.193
0.573
0.919
3.079
2.385
0.393
3.032
2.343
1.810
3.546
2.103
1.364
0.717
2.611
3.431
2.938
0.611
0.473
0.682
0.634
0.351
1.488
1.894
2.473
2.011
3.265
2.549
1.954
0.236
2.288
0.458
2.542
3.647
1.351
3.100
2.975
1.784
3.616
1.052
0.175
1.165
1.083
3.272
0.087
1.191
2.354
3.265
0.419
0.995
3.791
1.522
3.054
1.711
1.527
1.138
3.797
3.275
1.259
0.146
1.177
2.507
0.330
1.848
0.168
0.053
0.375
1.310
0.979
1.739
2.595
2.192
1.493
2.906
1.739
1.205
0.434
0.515
0.969
3.756
3.037
3.135
1.971
3.699
1.764
3.343
3.063
0.648
3.510
0.648
2.509
3.885
1.807
3.745
2.829
2.711
3.663
2.701
0.647
0.918
3.975
0.651
1.448
2.082
3.868
2.610
3.583
0.523
0.828
0.226
2.984
3.995
2.184
1.602
3.241
0.577
1.260
2.766
3.068
3.733
3.427
1.921
2.638
2.135
1.337
3.308
1.885
0.593
2.764
0.343
1.558
1.323
2.775
3.588
1.723
0.783
0.346
0.246
2.291
2.448
0.102
1.996
2.353
2.114
0.489
1.355
1.221
1.756
2.496
1.157
0.509
2.406
1.932
3.326
1.008
0.200
1.329
1.798
0.719
2.469
2.668
0.291
3.147
0.617
3.428
0.513
1.777
3.579
3.884
0.522
1.659
1.714
3.065
2.097
0.096
0.316
2.513
2.333
3.679
2.236
2.699
2.069
0.229
2.666
2.918
2.384
3.718
1.726
1.482
0.029
3.803
2.277
3.220
1.513
3.349
1.248
3.544
1.501
1.157
2.758
0.794
2.233
1.096
0.483
3.068
2.881
2.920
2.911
2.435
1.056
2.284
0.574
0.186
3.154
1.822
2.787
1.726
3.755
3.617
3.113
2.693
3.005
3.987
3.460
3.109
0.732
0.253
0.671
1.603
0.964
1.975
0.400
1.185
0.613
0.137
3.248
1.573
1.246
2.848
3.354
0.750
1.225
3.358
2.042
0.184
0.892
1.515
0.601
0.092
2.079
1.301
0.926
3.126
0.888
2.628
2.492
1.057
3.522
3.356
3.017
3.279
2.877
3.292
0.159
2.402
2.675
3.942
0.747
0.715
2.114
1.855
0.277
1.954
1.314
3.633
2.795
1.639
0.306
3.045
1.781
2.082
1.832
3.121
0.304
3.281
2.977
2.721
1.422
2.009
0.411
1.812
3.752
0.748
2.994
0.491
0.051
1.471
3.565
1.803
2.872
0.871
0.899
1.487
2.526
1.242
3.174
3.003
3.021
1.040
1.688
1.539
1.132
3.040
2.165
0.183
0.370
0.055
0.673
3.025
1.403
0.329
3.969
1.693
3.330
1.013
0.076
1.661
2.237
0.537
3.906
2.643
0.581
3.229
2.985
1.499
3.194
0.193
1.625
2.279
1.109
1.230
0.322
0.391
0.868
3.523
2.761
0.355
0.642
1.815
3.457
1.194
1.228
3.987
2.916
0.238
1.863
3.214
0.111
0.973
3.811
1.305
0.147
3.525
0.804
1.349
0.194
3.478
2.660
3.466
3.057
1.942
0.807
1.227
3.208
1.144
1.906
0.247
2.673
1.273
0.443
0.459
3.860
1.907
0.869
3.751
1.213
1.108
2.774
0.947
1.538
1.061
0.581
0.485
3.911
3.156
2.357
1.733
0.260
3.473
0.622
0.487
1.027
1.896
3.380
3.034
2.778
2.367
0.146
2.025
0.180
0.336
3.310
0.482
3.439
1.992
2.007
3.382
2.161
2.640
1.461
1.581
1.468
0.399
3.858
2.233
2.344
0.384
0.853
1.390
1.303
1.627
1.128
0.146
0.855
2.224
0.772
3.463
3.629
3.534
3.754
2.713
1.629
1.721
2.406
1.050
3.746
0.560
1.570
2.820
1.499
3.101
2.954
2.572
2.910
1.679
2.240
3.587
3.457
1.711
2.607
2.402
3.300
0.801
2.621
2.485
1.225
0.943
1.766
2.946
2.237
1.902
3.454
3.146
3.286
0.380
2.927
3.055
2.300
2.134
2.269
2.379
1.505
2.943
0.580
0.783
2.989
1.195
0.394
0.914
2.481
1.791
3.550
3.495
0.559
2.208
0.963
3.389
0.780
0.752
3.145
3.353
3.682
2.392
3.808
2.084
2.183
3.045
1.517
1.193
1.565
0.772
0.132
3.940
2.087
0.056
3.617
2.796
2.172
3.215
2.848
1.352
1.209
0.936
1.139
0.597
3.190
2.038
1.479
0.277
1.719
0.793
1.850
2.810
3.374
0.467
3.501
0.149
3.961
2.234
2.674
1.020
2.917
1.202
1.037
1.136
0.886
2.019
1.958
0.233
2.491
3.365
2.770
3.246
0.348
3.619
3.268
0.412
3.580
1.088
3.987
2.798
2.400
1.401
0.141
3.513
1.771
2.011
0.631
0.770
3.728
3.251
0.163
1.028
1.621
0.949
2.250
2.550
2.372
3.361
3.772
2.068
2.763
1.007
3.754
1.594
0.863
1.979
2.173
2.983
3.864
3.393
0.836
0.517
2.928
1.858
3.759
0.543
0.104
0.207
2.987
0.125
3.895
0.195
3.423
3.703
2.800
1.463
2.962
3.903
3.940
3.807
2.161
3.947
2.813
0.615
2.609
2.486
2.327
0.324
1.350
1.258
0.396
3.850
3.939
3.609
3.764
3.147
1.083
3.690
1.101
1.417
3.342
2.078
1.031
0.960
0.979
3.596
2.409
0.249
3.818
1.248
3.010
3.538
2.823
2.503
0.701
2.158
1.139
2.546
2.266
0.635
3.457
1.658
1.226
0.853
0.809
0.549
1.313
3.708
3.294
0.259
2.707
0.060
3.730
2.124
1.709
1.240
0.854
0.390
1.210
3.995
3.458
1.156
1.125
3.440
0.709
2.671
2.937
0.476
2.934
1.376
0.511
1.072
3.232
1.643
0.569
1.918
3.595
0.806
0.527
0.190
1.531
2.894
0.806
2.492
0.739
0.330
3.354
3.535
3.976
0.963
3.740
2.702
0.047
3.914
1.046
2.362
1.688
2.007
3.712
1.660
3.148
2.994
0.542
3.473
1.396
0.277
2.281
2.313
3.115
2.532
0.501
1.205
1.054
2.393
0.948
3.884
3.790
3.274
0.089
1.150
2.589
2.458
2.288
0.811
1.817
3.713
0.852
3.368
1.200
0.004
1.115
0.432
3.292
2.275
3.837
1.863
3.570
1.796
0.326
0.685
3.895
1.253
1.073
2.081
0.403
1.521
3.068
2.101
2.425
2.991
1.582
3.204
3.665
0.347
1.867
1.335
2.595
1.838
1.036
0.990
3.925
0.404
2.358
2.520
3.011
0.395
1.219
3.955
0.178
0.176
0.255
3.694
0.201
3.564
2.417
0.620
3.558
1.830
3.208
0.583
2.593
0.909
0.898
0.631
1.312
1.497
2.182
2.986
2.343
0.863
0.605
1.486
0.435
2.522
1.995
0.041
0.877
1.272
1.205
1.655
3.364
0.694
1.675
3.635
1.072
1.815
1.644
1.846
1.102
3.474
0.245
0.219
3.934
0.795
3.344
1.185
2.183
2.239
0.609
2.302
0.691
3.842
2.174
0.087
0.860
1.557
1.153
3.880
0.169
1.007
3.351
2.567
0.896
2.499
1.723
1.073
0.361
1.807
2.400
3.763
0.374
2.025
3.607
0.231
2.061
2.694
0.314
1.444
3.892
3.433
0.164
0.780
3.471
2.495
2.067
3.258
1.544
1.908
3.744
1.066
3.660
2.324
0.605
2.493
3.082
2.179
3.537
0.469
3.768
3.483
1.461
0.108
0.640
2.292
2.000
0.051
3.853
1.869
0.141
3.813
2.417
2.534
2.477
1.002
2.258
2.406
1.414
3.947
0.708
3.496
1.696
1.151
1.400
2.012
2.648
2.942
2.675
2.322
1.732
2.807
0.871
2.615
0.334
0.106
1.241
1.134
1.127
2.198
3.731
0.747
3.944
2.528
0.514
2.657
1.765
3.764
2.896
1.214
2.247
1.842
3.110
1.072
1.172
3.593
3.506
3.369
0.244
1.629
3.787
1.089
0.869
3.230
2.168
1.502
1.852
1.219
2.764
3.276
2.416
0.160
0.950
1.856
2.472
2.661
1.127
2.649
3.801
2.208
3.041
3.797
0.598
0.621
1.702
0.543
1.793
2.129
1.943
1.640
2.592
3.983
3.796
2.777
2.928
1.658
1.106
0.655
3.772
2.908
1.195
2.131
2.738
3.271
1.882
1.769
1.956
0.124
1.798
0.148
1.891
0.945
2.693
2.473
0.601
2.212
0.294
0.279
0.861
2.161
1.309
2.460
3.667
3.649
0.260
1.384
3.785
2.428
1.121
3.493
1.374
1.378
3.082
1.610
3.132
2.592
3.299
2.043
2.956
2.670
2.077
3.655
1.848
0.191
3.730
2.186
1.581
2.040
1.212
1.435
2.583
3.127
2.622
1.295
1.573
3.992
2.823
1.178
2.678
2.915
3.668
2.033
3.059
1.340
1.695
2.941
2.526
1.786
0.662
1.164
0.203
3.901
3.930
1.597
3.957
0.890
2.447
2.698
2.161
1.288
1.961
3.269
0.289
1.885
0.106
3.885
2.886
0.600
2.127
2.263
0.687
3.166
1.263
3.581
2.942
0.760
2.185
0.488
0.461
1.002
1.402
3.485
3.457
2.270
1.153
0.396
1.955
2.847
3.086
1.780
1.353
0.143
0.879
3.453
3.661
1.093
2.974
3.682
0.005
0.790
3.725
3.146
0.200
0.525
3.512
2.423
2.457
0.613
3.746
2.561
0.813
1.748
3.210
1.169
3.345
1.083
1.780
3.534
3.002
3.853
0.377
3.406
0.659
0.058
3.805
3.391
2.950
2.583
2.213
0.295
1.500
0.111
2.983
0.299
1.388
1.263
0.147
0.517
0.950
3.639
2.774
1.239
0.517
0.776
1.317
1.130
2.213
1.507
3.494
3.619
0.650
3.819
3.066
2.943
3.168
2.999
3.731
2.540
2.204
1.743
2.370
2.928
3.457
3.847
1.002
0.734
3.681
1.211
1.067
1.185
3.275
2.097
1.027
3.184
3.287
0.955
0.783
0.974
1.975
0.569
2.034
3.453
0.822
1.898
2.457
1.341
1.651
3.703
1.471
1.720
1.486
2.896
2.340
2.826
1.827
1.523
1.517
3.558
0.235
3.381
1.364
3.803
0.398
2.516
2.785
1.454
2.340
3.157
1.781
1.943
0.957
2.167
0.611
2.095
0.778
2.622
1.945
0.325
3.664
2.932
3.314
3.434
0.098
3.679
1.145
2.711
1.774
2.405
0.813
2.552
1.409
0.603
3.367
3.495
2.987
3.451
1.011
0.326
0.121
3.129
1.881
2.851
3.748
1.064
0.314
1.933
1.092
3.025
3.548
2.588
1.642
1.723
3.686
1.184
0.806
0.420
0.725
3.226
0.022
0.009
2.635
1.725
3.235
3.148
3.670
3.820
0.016
2.238
0.512
1.107
1.022
1.374
3.338
3.032
0.044
3.901
3.519
0.746
2.624
0.773
3.447
0.981
3.995
0.649
0.812
1.787
3.060
2.519
1.718
2.380
0.204
1.600
2.096
3.891
0.893
3.360
1.171
2.469
2.360
2.746
2.097
0.952
1.105
2.033
1.372
2.276
0.500
3.198
2.304
0.770
0.492
3.294
0.516
0.705
3.211
0.063
1.376
0.692
1.217
3.825
0.251
3.981
1.207
2.701
2.589
0.229
3.182
1.284
2.108
1.951
3.393
0.130
3.736
0.682
2.829
0.760
1.459
1.773
1.573
0.353
3.856
2.769
3.042
1.908
1.864
2.502
0.949
1.362
2.179
2.294
3.765
3.018
1.720
3.086
2.523
2.592
1.697
0.851
3.992
3.295
2.091
1.288
0.582
2.590
2.727
1.598
2.767
1.603
1.613
2.055
3.376
1.655
0.879
1.096
3.828
2.952
1.361
2.847
2.138
1.234
0.800
1.254
1.543
0.984
3.577
0.437
2.593
0.818
2.100
2.370
2.779
1.727
1.139
0.705
2.094
2.117
2.847
3.299
0.331
2.883
3.672
1.935
0.518
3.280
3.009
3.763
2.576
3.914
3.184
3.137
2.076
2.915
3.256
0.814
0.969
3.197
3.117
1.904
2.158
2.688
3.492
0.462
2.035
3.502
3.715
3.322
2.382
2.254
2.519
2.497
3.496
0.070
1.583
2.451
1.958
1.299
1.223
1.507
3.162
2.557
2.342
3.887
2.526
0.442
0.666
0.112
2.255
3.096
2.260
2.926
0.606
1.785
3.483
3.440
1.765
3.757
3.761
1.844
2.793
2.847
3.968
0.837
3.521
1.667
2.686
3.805
3.847
2.680
1.244
1.853
0.586
3.051
2.217
3.917
0.814
3.908
2.903
2.500
2.636
2.464
1.339
1.956
1.316
3.465
3.515
2.812
2.952
0.476
2.733
2.256
1.158
1.797
3.385
1.707
2.672
2.084
2.000
3.306
3.383
1.294
1.959
0.185
0.938
3.102
1.099
0.546
3.929
1.712
1.263
0.859
0.591
0.810
1.881
2.894
2.013
1.363
3.771
0.853
0.039
2.119
0.636
0.508
2.394
1.818
2.084
0.061
2.944
3.520
1.511
2.312
1.650
2.916
2.824
3.811
2.376
2.077
3.717
2.783
3.614
3.820
0.119
3.919
1.064
1.742
2.398
2.539
2.106
2.897
3.082
3.169
2.394
0.247
0.060
0.215
2.100
2.188
2.662
1.231
3.787
2.841
2.452
2.168
3.473
3.234
0.274
1.028
1.098
2.139
1.781
1.517
0.473
2.012
1.584
3.569
1.687
0.352
3.169
3.021
3.045
3.772
3.841
0.265
0.787
3.154
3.216
3.338
3.155
3.505
2.162
0.746
0.823
3.457
2.591
1.153
2.262
2.844
1.138
3.190
2.315
2.372
3.510
0.709
1.062
3.140
3.169
3.180
0.005
3.592
0.022
1.250
1.663
3.482
1.912
2.109
2.861
2.494
1.967
1.887
1.318
1.436
2.231
1.146
1.574
0.206
2.516
0.416
1.860
3.265
1.042
3.771
0.219
1.910
0.172
1.586
3.987
3.379
0.447
2.917
1.697
3.652
3.126
3.351
0.525
1.816
1.540
1.703
1.603
0.915
0.868
2.603
3.819
1.480
0.281
1.800
2.180
1.226
0.922
2.919
3.391
3.932
3.826
2.439
2.964
0.067
1.616
3.828
3.006
3.484
2.710
2.058
1.796
0.341
0.772
0.109
3.276
0.361
3.260
3.642
0.823
0.680
1.199
0.653
0.964
2.711
1.648
1.725
1.126
2.841
2.891
1.382
1.109
0.211
1.949
2.112
2.629
1.465
0.810
3.762
3.122
1.042
1.628
2.309
2.918
0.463
0.156
3.412
2.988
1.008
0.809
1.687
1.618
1.302
1.998
2.322
2.729
2.542
0.753
3.395
1.963
1.433
1.182
3.218
3.242
2.392
1.903
3.035
2.200
2.163
3.376
1.555
1.682
3.727
0.913
0.121
2.480
2.202
1.170
3.686
3.511
1.451
3.035
1.331
1.852
2.169
2.102
0.705
0.359
2.471
3.264
1.565
1.028
2.327
2.514
0.480
1.844
3.700
2.620
1.837
3.536
0.789
2.121
1.400
2.477
3.551
2.977
0.005
0.921
0.492
3.182
0.345
1.813
3.696
0.808
3.359
0.623
2.178
3.175
0.395
0.963
2.839
1.251
1.083
0.171
1.665
2.852
0.800
3.639
1.297
2.884
3.605
0.343
2.663
0.577
0.714
2.838
0.124
0.591
0.851
2.932
1.404
0.825
1.224
3.336
3.562
2.928
0.424
3.741
0.358
1.750
3.178
3.117
2.584
1.353
3.710
0.475
1.290
3.693
3.330
1.872
2.286
1.741
2.945
0.151
0.930
1.534
0.325
1.730
0.899
1.549
3.242
3.669
1.519
0.779
3.028
2.340
1.186
1.038
2.603
2.194
1.501
2.259
2.721
1.454
3.994
1.931
3.931
0.980
0.619
1.346
3.684
1.154
2.715
3.909
2.052
3.280
2.690
0.577
3.664
0.858
2.435
2.324
1.772
3.985
0.314
3.559
0.766
3.249
0.527
3.535
3.974
3.630
2.795
3.070
0.269
0.269
2.459
3.236
1.777
2.404
1.527
1.225
3.880
3.310
3.579
2.187
1.774
2.817
0.121
0.616
0.958
2.755
0.646
2.730
2.362
2.645
1.530
2.296
2.199
3.002
1.870
2.475
2.173
0.818
1.445
3.522
1.328
0.113
1.230
2.561
0.637
3.867
2.223
1.129
3.281
2.229
3.827
0.868
1.680
1.587
2.616
3.427
2.420
1.888
2.054
1.581
0.575
1.554
3.563
2.527
3.278
2.398
3.328
1.486
2.967
1.133
3.309
3.963
1.366
1.392
3.166
2.406
2.079
0.613
0.130
3.528
2.536
3.708
2.364
0.146
1.125
2.127
1.906
2.187
0.441
0.751
0.047
1.354
0.935
3.977
2.834
2.977
0.585
2.446
3.348
0.682
1.816
1.018
0.525
2.779
0.496
0.961
3.494
3.640
1.661
2.734
3.763
0.849
0.521
2.304
1.055
1.528
1.317
1.659
2.189
3.003
0.782
2.962
0.129
1.847
1.241
1.762
2.172
1.347
0.777
1.710
0.215
2.567
2.445
1.462
2.136
2.435
3.172
1.728
3.560
3.655
1.753
2.890
1.610
1.760
0.283
3.176
0.730
2.244
0.385
0.058
3.263
3.454
2.763
3.366
2.176
2.838
1.885
3.563
0.192
1.094
3.023
2.659
0.554
2.947
0.402
0.474
1.724
0.506
2.880
3.246
1.584
3.530
1.348
1.035
0.008
2.457
3.976
0.939
2.187
2.655
1.443
0.831
0.652
0.123
0.458
3.126
3.689
3.749
0.168
0.063
1.674
3.223
2.451
3.014
0.836
2.844
3.633
2.552
2.037
1.716
3.829
1.314
0.412
0.193
2.883
2.135
2.024
2.948
0.810
3.507
0.195
2.667
1.658
1.087
2.734
1.131
0.884
1.825
0.049
0.301
1.616
2.196
0.942
3.065
2.585
0.094
1.881
1.399
2.042
1.156
0.617
2.970
3.640
0.573
0.272
3.577
0.052
2.898
3.335
0.336
3.985
0.942
2.501
3.139
2.314
2.507
0.872
3.676
3.190
2.562
1.769
2.179
0.296
0.369
2.243
0.069
0.790
0.166
0.362
1.790
2.062
2.185
0.431
3.390
1.043
0.105
0.527
2.781
2.625
3.489
1.101
3.109
0.639
3.302
1.829
0.293
3.882
3.322
0.544
0.564
2.857
2.050
0.752
3.690
0.134
0.688
1.124
0.583
2.708
0.793
1.309
2.136
2.218
0.443
1.497
3.351
0.563
0.029
2.430
1.234
2.263
0.256
3.852
2.421
2.782
3.490
0.889
1.123
2.085
3.281
1.466
3.748
0.878
1.714
1.537
3.421
1.229
2.175
2.815
1.638
1.707
2.177
3.611
3.410
1.695
1.116
1.515
0.516
2.212
1.100
0.876
0.851
3.335
3.454
2.361
0.380
3.245
1.098
2.379
3.809
0.962
1.625
2.729
0.858
1.959
3.789
1.564
0.904
3.174
2.996
1.604
3.738
3.314
3.512
2.523
2.350
1.905
2.246
1.496
2.869
0.186
1.305
1.156
3.192
2.731
3.965
1.526
3.330
0.616
3.258
3.987
3.123
2.938
0.063
0.922
0.744
1.705
0.414
0.416
2.273
1.366
3.680
1.217
0.641
2.663
0.332
1.169
1.367
1.052
2.200
0.391
2.755
2.547
1.463
0.714
3.630
2.687
1.021
1.248
0.139
1.185
2.488
2.397
0.842
3.888
2.738
1.264
0.001
2.813
3.737
2.082
2.923
0.326
3.346
0.198
2.146
2.935
2.851
3.046
3.454
1.699
0.142
2.718
3.910
3.925
3.823
3.897
2.501
0.591
2.931
2.308
1.484
1.882
3.542
2.293
1.156
1.205
1.206
1.729
2.515
0.263
1.004
2.208
3.175
0.017
0.921
2.287
1.878
2.796
3.321
1.524
0.102
3.335
1.511
3.191
1.498
3.199
3.656
1.711
1.270
3.806
0.797
1.249
0.133
2.221
3.252
2.362
3.080
2.865
0.405
2.180
3.989
3.511
2.665
0.349
0.930
3.157
1.362
3.799
2.071
0.842
0.372
2.357
0.203
3.941
0.489
0.353
3.146
2.197
1.861
0.574
3.692
1.486
3.240
2.254
0.234
1.240
3.383
2.298
1.864
1.494
1.629
2.495
1.484
3.677
3.466
1.225
1.333
3.538
2.886
2.005
3.357
1.039
0.362
3.181
3.965
2.554
3.475
3.200
2.982
1.383
2.556
0.071
1.969
1.390
0.123
2.023
3.599
3.444
0.476
2.806
3.401
1.436
2.501
1.697
3.951
1.742
0.546
0.975
3.434
3.340
1.184
0.504
3.548
3.166
3.726
2.022
1.820
2.838
1.557
2.813
0.666
0.549
3.679
3.708
3.912
3.698
3.275
3.654
0.987
1.744
0.696
2.607
3.640
2.814
1.943
2.081
3.768
1.732
0.540
2.408
3.844
3.450
2.650
3.612
1.424
2.253
0.324
2.795
2.336
1.647
3.988
0.985
1.426
0.505
0.584
2.664
1.098
3.831
0.208
3.521
0.393
1.402
3.682
0.439
0.994
2.605
2.154
2.346
1.273
0.916
3.673
3.261
1.400
2.775
2.599
3.733
1.515
1.026
1.783
1.814
1.125
2.594
0.652
3.850
1.097
1.776
2.640
0.547
2.036
0.264
0.847
3.155
0.329
0.967
3.391
2.065
1.752
0.699
3.576
3.719
2.304
0.993
0.857
1.453
2.820
2.563
0.493
1.741
3.887
3.345
2.854
3.292
2.754
2.614
1.545
0.515
0.149
0.286
2.828
3.146
2.323
3.346
1.248
2.119
0.113
2.222
1.949
0.274
2.486
2.967
0.872
1.091
0.727
0.288
3.791
1.332
1.369
3.716
0.163
0.359
2.930
0.651
3.750
3.843
3.655
3.533
1.240
2.683
2.730
0.053
0.340
1.187
3.803
1.111
0.319
3.888
3.152
1.122
0.498
3.885
1.467
1.332
3.896
3.139
1.976
2.938
0.057
0.938
0.515
1.106
3.028
2.537
3.140
3.399
1.502
1.992
0.037
0.633
0.364
1.290
0.696
2.884
0.172
2.084
2.733
2.100
1.550
2.733
1.226
3.737
3.042
3.752
3.068
2.829
3.667
1.460
3.589
1.086
1.219
0.252
2.588
2.896
2.325
2.831
3.903
1.507
2.300
0.675
0.792
0.221
0.070
0.124
2.647
3.057
1.729
2.698
2.936
3.173
3.728
3.591
3.776
3.193
1.296
3.767
3.179
3.676
3.340
0.695
0.739
2.075
3.919
2.450
2.447
2.849
2.325
3.784
1.285
1.794
2.846
2.741
1.410
2.191
1.511
2.463
3.964
3.024
0.416
3.085
1.965
2.329
0.663
2.952
0.189
1.611
0.533
0.866
3.616
0.336
2.180
1.664
0.772
0.633
3.976
0.156
2.131
1.651
2.559
1.300
2.814
2.423
0.696
3.462
2.885
3.595
2.306
2.700
1.843
2.092
2.239
1.253
2.265
0.519
1.912
2.733
3.078
1.054
2.433
2.030
3.531
1.590
0.534
1.490
2.741
0.071
3.483
2.702
2.527
1.226
3.037
3.030
3.265
0.338
1.615
0.030
3.630
3.206
2.024
2.970
3.328
2.121
3.403
0.915
3.329
0.467
2.499
1.160
0.577
3.462
0.928
2.290
3.822
1.597
1.805
2.728
1.944
2.471
2.904
0.372
0.025
0.048
2.477
3.743
1.445
3.712
3.917
2.065
0.380
3.086
0.644
2.782
2.352
2.213
2.908
0.246
2.859
2.480
1.637
0.644
1.614
3.599
3.054
3.731
0.542
1.962
3.423
3.498
3.453
3.878
2.175
1.666
0.181
1.464
1.522
1.713
1.981
1.384
3.818
3.119
2.110
3.153
2.040
1.648
1.764
2.403
0.146
1.631
2.929
1.271
2.456
0.662
2.208
2.990
2.793
3.497
3.313
2.806
0.818
0.609
0.657
2.491
2.796
3.547
0.376
3.006
2.966
0.089
2.100
1.302
1.780
1.179
0.940
0.745
2.442
2.708
0.373
0.353
1.503
2.424
1.142
3.770
0.719
3.634
0.745
0.864
3.926
2.793
2.732
2.829
0.393
1.693
2.791
3.855
2.935
2.696
1.475
2.707
0.974
1.282
3.421
1.962
1.863
0.170
0.046
3.190
3.918
1.364
0.975
1.040
3.951
2.699
2.793
3.945
2.549
1.805
2.268
2.097
3.876
0.890
2.781
0.375
1.497
2.328
3.473
3.053
1.519
3.770
0.492
2.422
3.306
2.341
0.732
0.853
0.069
0.460
2.572
1.367
0.841
2.906
3.394
3.449
3.648
2.006
2.026
2.614
3.149
1.121
3.762
2.152
2.561
2.130
2.243
3.503
3.396
0.173
2.241
3.895
3.338
0.651
0.243
0.139
2.540
3.330
3.783
3.898
1.691
2.362
1.538
0.279
3.366
1.142
2.515
0.264
1.539
1.125
3.996
0.265
2.528
2.110
0.435
1.019
0.237
3.927
1.105
1.050
1.249
2.091
3.084
3.113
1.138
2.701
0.012
3.299
0.296
0.707
0.067
3.892
3.658
2.644
2.752
2.615
1.896
2.024
3.318
2.561
1.948
0.815
0.031
2.872
2.221
1.757
1.010
2.160
0.345
1.772
3.971
2.698
3.076
0.282
1.984
3.549
2.722
2.019
3.208
3.111
0.453
1.708
2.605
3.945
1.889
0.024
0.720
1.317
0.563
0.283
0.916
1.498
0.179
1.575
3.786
0.707
3.010
0.390
0.003
0.446
1.365
3.239
0.475
0.042
3.736
1.412
3.443
0.350
3.045
1.691
2.027
1.867
3.380
3.719
2.731
1.927
3.635
1.681
3.552
1.148
3.695
1.050
1.587
3.006
3.113
0.394
0.412
0.163
3.652
1.551
3.015
3.102
1.658
2.987
2.686
0.654
3.894
0.739
2.023
0.153
1.313
1.047
3.110
1.263
1.152
2.661
3.881
3.904
0.827
2.754
2.880
1.256
3.289
2.493
0.811
3.480
2.805
0.505
0.707
0.565
0.598
0.880
1.011
3.648
1.313
2.764
3.521
3.151
1.999
1.245
0.883
1.285
3.080
1.912
2.205
3.710
1.774
2.362
0.373
2.582
0.428
2.852
0.760
2.744
3.486
3.440
2.306
2.474
3.083
2.140
0.284
3.992
0.714
3.993
1.609
0.836
1.001
0.412
0.156
1.260
3.252
1.762
3.307
2.949
3.347
3.863
3.828
2.655
2.407
0.944
1.195
0.749
3.775
3.550
1.589
1.232
2.043
0.009
2.061
0.388
3.145
2.282
3.725
2.086
3.009
1.360
1.363
2.599
1.815
3.868
2.435
0.888
1.582
2.102
1.247
3.415
2.658
0.479
1.920
1.892
3.586
2.195
2.790
3.716
2.931
2.898
1.010
0.426
0.805
3.240
1.371
1.161
2.156
3.421
1.745
3.874
1.353
0.184
3.051
2.987
2.123
2.171
2.278
2.182
2.619
1.189
0.853
3.214
0.198
0.599
1.509
3.885
0.446
3.953
2.840
0.756
2.031
2.927
3.825
2.685
1.176
1.721
0.876
3.963
0.845
3.309
1.352
0.584
0.200
1.279
1.957
0.108
3.414
1.467
0.096
2.603
3.661
0.183
1.011
1.328
3.892
2.574
1.372
3.079
2.944
3.481
3.054
3.548
3.629
2.146
2.904
0.585
0.595
1.216
3.592
3.886
0.107
1.709
1.006
3.459
3.314
0.954
1.158
3.072
1.144
2.007
0.197
0.986
2.655
2.611
0.875
0.383
1.501
1.520
1.690
0.219
1.081
3.848
0.948
1.621
0.046
1.052
3.097
1.488
2.008
1.299
2.947
1.637
0.596
0.154
2.776
2.575
3.489
1.884
3.808
3.933
0.586
0.157
3.198
2.610
0.163
3.496
0.408
0.837
0.721
1.575
0.715
1.667
3.123
1.308
2.635
2.787
1.720
0.630
2.139
1.107
0.338
0.975
3.818
2.225
3.322
2.697
1.508
2.657
1.272
0.994
2.424
2.627
1.678
3.400
3.434
1.263
2.339
3.487
1.909
0.175
2.280
1.147
0.424
3.715
2.828
1.678
0.608
2.591
2.549
1.860
0.569
2.072
1.960
1.317
0.563
2.657
3.254
1.670
2.979
3.895
0.686
2.338
1.172
0.917
0.869
2.338
3.370
2.310
0.896
3.987
0.555
1.098
2.034
3.176
1.183
1.905
3.665
1.716
0.527
2.750
2.242
2.219
0.630
1.498
1.173
1.090
0.061
0.627
3.912
0.431
3.056
3.762
1.951
2.976
3.151
1.332
1.965
3.698
1.009
2.756
2.088
3.279
3.934
0.717
2.068
2.381
1.405
1.345
0.039
3.504
0.999
2.589
1.669
1.184
2.188
3.549
1.674
1.381
1.742
0.209
0.970
1.124
3.864
3.829
3.210
3.852
2.676
3.107
3.982
0.336
2.304
0.317
0.672
1.661
0.578
0.740
2.792
1.517
2.211
0.022
3.510
1.821
2.371
3.492
3.201
2.741
3.637
1.007
3.027
3.227
2.625
2.546
2.848
1.429
2.938
1.580
3.250
1.679
2.568
3.131
1.987
2.238
2.568
3.483
2.889
3.570
1.501
2.669
0.038
0.629
1.092
1.123
2.020
0.528
0.509
2.335
0.066
2.880
3.809
1.838
0.140
2.248
3.353
1.544
0.314
0.319
3.385
3.232
1.223
1.808
0.436
1.880
0.953
0.530
0.883
2.585
2.431
0.712
2.733
3.986
3.159
3.305
2.565
2.348
0.114
1.941
1.585
1.931
2.690
2.108
0.887
0.755
3.735
0.269
3.227
0.561
1.080
0.811
1.050
1.550
1.370
0.116
3.961
2.364
2.599
0.474
3.509
1.863
1.418
0.191
0.856
3.350
2.124
3.931
1.836
2.230
0.162
1.215
1.863
2.472
2.050
2.948
0.314
3.789
1.822
1.956
0.242
2.102
1.399
1.722
0.666
2.660
2.747
1.879
3.186
2.068
1.245
3.478
0.298
0.530
0.368
1.640
1.538
2.782
3.620
3.942
1.461
3.446
0.581
1.719
0.483
1.970
2.018
0.443
3.703
1.853
2.171
0.441
0.123
2.505
2.663
2.422
1.024
1.872
1.940
1.657
3.796
1.889
0.653
2.099
2.102
2.840
1.170
3.347
1.067
2.863
0.145
1.081
1.004
1.138
3.060
3.419
1.247
1.695
0.711
1.662
2.747
1.310
3.782
3.950
2.357
3.639
1.004
0.586
1.127
0.489
0.795
0.164
1.405
0.083
3.880
0.042
3.182
1.154
3.058
1.386
0.890
2.919
0.110
3.648
3.696
0.229
0.783
0.251
3.404
0.623
0.836
2.202
2.127
3.537
1.365
3.434
3.232
1.588
1.885
2.954
3.352
3.631
3.136
2.155
0.842
3.204
0.121
1.171
0.620
0.008
3.581
1.742
3.145
2.218
2.935
1.755
0.102
1.736
3.645
2.508
1.433
2.871
1.039
3.692
3.429
1.492
2.804
1.199
3.871
0.349
3.704
1.078
1.612
3.044
0.492
3.301
0.435
2.045
0.562
3.509
2.728
1.176
0.578
1.447
3.197
2.158
3.142
3.585
0.770
2.090
0.486
0.210
1.834
2.142
0.256
0.299
2.044
1.283
3.635
0.533
3.266
2.520
2.387
0.078
2.511
0.921
2.814
2.070
1.299
0.579
3.222
2.241
2.460
1.739
3.151
2.702
3.173
1.460
3.462
0.636
1.903
1.452
2.303
3.489
0.905
3.166
3.054
2.229
1.089
0.730
2.519
0.333
0.312
0.992
0.990
0.399
3.511
2.720
2.203
0.603
1.615
1.901
2.806
1.721
3.818
1.150
3.636
0.009
2.498
0.358
0.924
1.986
0.011
1.027
2.479
3.968
3.534
0.140
1.984
0.233
2.308
0.937
1.710
2.738
0.848
3.641
0.292
0.561
0.086
2.974
1.628
2.596
3.923
3.172
1.547
0.473
1.268
1.303
2.576
0.301
1.430
1.791
1.958
1.537
3.573
1.383
2.003
1.134
2.981
0.172
0.926
3.111
1.989
2.853
0.533
1.756
1.683
3.019
2.398
0.915
1.886
0.113
0.655
0.176
3.399
3.555
1.059
1.197
0.146
3.595
2.694
0.068
1.593
1.596
2.491
2.276
1.699
1.765
3.693
1.724
1.664
3.717
3.439
0.214
3.868
0.841
1.852
0.893
3.641
3.043
3.330
0.397
1.897
0.278
2.160
1.783
1.148
1.163
3.182
1.773
2.069
2.997
3.865
3.489
3.516
3.698
1.043
1.526
1.790
0.414
3.420
0.101
0.944
2.027
2.105
0.950
1.045
1.246
3.548
3.780
1.589
2.691
2.631
2.281
2.598
2.138
0.063
1.047
2.483
2.992
3.828
3.262
3.344
3.118
3.091
1.556
1.163
0.299
0.826
1.200
0.195
3.883
2.329
3.631
3.908
3.584
0.881
3.285
2.891
1.956
2.986
1.807
3.474
0.692
1.959
0.931
3.125
2.708
0.042
2.665
0.214
3.872
3.834
2.912
2.383
0.270
3.471
0.210
1.474
1.075
0.845
3.055
1.876
1.350
0.063
3.064
3.159
1.546
2.443
3.251
2.957
0.976
2.491
2.746
2.361
1.214
0.686
1.559
3.428
0.161
1.259
1.286
2.932
2.400
0.804
0.163
0.108
0.537
0.174
1.464
0.896
3.362
3.988
0.945
1.062
3.940
0.985
3.915
1.596
2.188
0.535
1.446
3.888
1.987
3.821
0.383
1.464
0.560
0.495
0.979
1.434
1.650
3.083
1.383
0.292
1.888
1.960
3.651
1.361
1.843
3.413
1.535
2.919
3.350
2.132
2.079
2.917
1.035
1.398
2.837
2.205
2.342
1.318
2.543
3.329
0.917
3.636
1.148
0.183
2.856
2.977
1.354
3.205
0.119
0.810
2.137
1.302
0.299
1.986
3.207
1.319
1.012
2.416
1.971
0.614
0.275
2.235
1.269
2.191
1.597
1.775
1.005
2.835
3.840
1.715
3.786
0.839
1.507
1.976
3.740
1.141
0.745
0.233
0.960
2.099
0.123
2.391
3.311
1.606
1.193
1.883
2.867
0.900
1.840
2.401
1.782
0.164
1.610
1.435
0.187
2.890
0.480
3.973
2.495
3.995
0.952
0.762
0.501
1.799
3.875
3.728
3.761
2.216
1.075
2.464
1.930
2.930
0.645
2.148
0.135
3.768
1.665
0.807
2.873
3.173
0.162
2.545
2.566
1.399
1.253
3.148
3.620
2.927
1.746
1.461
1.658
1.629
0.833
3.952
0.599
2.320
2.086
1.105
3.339
1.577
3.596
2.575
3.017
3.128
2.908
3.501
3.181
2.560
1.288
0.926
2.677
2.773
1.912
2.962
2.641
3.338
2.724
2.168
0.722
3.789
2.986
2.542
3.504
0.907
0.961
0.585
0.074
3.158
2.714
1.113
1.763
3.721
0.644
1.771
1.339
2.901
3.196
2.692
3.239
3.245
0.053
1.260
0.946
0.304
2.197
0.669
0.173
2.714
3.353
2.759
3.268
1.193
0.631
2.573
1.079
3.006
3.578
2.116
3.514
0.622
0.412
2.026
3.108
2.507
1.840
0.154
3.142
0.391
2.669
1.502
1.205
0.864
1.313
0.533
0.565
1.755
1.357
2.564
1.304
1.519
3.472
1.760
0.909
0.748
0.272
1.193
1.843
0.900
3.130
1.499
1.603
2.483
2.477
2.858
0.865
1.188
3.775
0.319
3.547
3.838
2.177
0.977
2.951
0.519
3.722
1.020
2.639
2.907
2.038
3.398
1.279
3.530
0.605
0.675
1.425
2.615
3.975
0.538
3.052
0.142
2.716
1.541
1.622
0.885
2.416
1.837
3.568
1.454
0.707
3.957
3.305
0.739
2.081
0.154
3.207
2.659
2.179
1.393
1.503
2.744
3.252
0.744
2.581
3.853
0.664
2.777
3.979
3.167
2.597
0.470
0.131
0.649
3.519
0.243
2.955
2.254
2.516
3.877
1.428
1.458
0.246
1.445
2.554
0.009
3.064
3.776
2.443
1.365
1.765
2.571
0.718
1.865
3.448
2.974
2.054
3.452
2.135
3.201
1.371
1.649
1.104
2.799
0.061
3.487
3.254
1.153
1.594
2.213
1.402
1.051
1.956
2.858
0.053
2.453
3.571
3.137
3.954
3.021
0.741
3.637
0.690
2.567
2.081
1.891
0.573
2.228
3.035
0.685
1.272
0.045
3.294
3.838
0.887
0.502
3.750
2.661
3.609
0.709
3.642
1.484
2.614
2.061
2.596
2.848
1.523
3.531
2.525
0.353
0.532
1.223
0.682
1.677
2.228
0.333
3.625
1.875
1.147
0.391
0.481
3.842
2.289
2.466
0.582
2.703
3.076
3.948
1.417
1.891
2.684
0.592
3.814
2.807
0.165
2.714
0.351
3.196
0.486
0.716
2.234
3.781
1.358
0.593
3.219
2.175
3.666
0.612
2.627
3.718
2.322
0.060
3.100
0.678
0.549
3.779
2.471
0.066
0.859
0.121
0.970
0.407
0.434
1.068
0.947
0.843
1.113
1.394
2.415
0.277
2.889
3.125
1.913
1.606
0.578
1.944
0.557
0.592
2.237
3.782
3.607
2.572
2.949
0.523
0.477
0.946
2.758
3.551
2.850
1.263
0.799
0.843
1.384
3.727
1.110
3.339
2.499
1.087
1.122
3.532
1.799
0.110
1.493
3.552
3.935
1.229
3.748
1.410
2.035
0.450
2.070
0.707
3.336
2.253
3.650
2.726
3.208
3.939
0.156
2.704
3.511
2.801
1.147
3.995
3.078
3.444
0.700
0.890
2.053
3.780
1.033
3.085
1.963
2.392
1.564
2.069
1.580
1.428
2.646
0.175
1.001
1.613
2.124
0.581
0.839
3.651
3.879
3.248
0.022
3.018
2.707
3.609
2.411
1.020
3.161
3.740
3.299
2.015
3.372
3.838
1.823
0.815
0.431
0.999
2.440
1.533
3.562
2.621
3.792
1.521
3.090
3.189
2.693
1.572
1.135
3.778
0.395
2.143
3.988
1.276
3.915
3.151
2.291
3.184
2.919
1.754
3.424
1.747
0.496
2.539
2.913
0.277
0.160
1.653
0.205
0.692
1.471
0.691
2.834
2.624
0.929
3.524
1.753
2.894
1.117
1.736
3.552
3.699
3.547
1.998
0.298
2.574
3.279
3.445
0.895
2.994
0.072
2.991
3.156
3.413
3.702
3.550
1.172
2.627
0.048
0.225
2.123
0.517
3.628
2.809
2.307
3.565
3.522
3.310
3.983
3.947
0.927
2.707
2.484
1.620
2.102
3.790
1.162
0.456
2.027
0.686
3.806
0.344
3.830
2.531
2.532
3.084
2.913
2.796
3.501
2.981
2.618
2.850
1.389
3.244
0.449
2.648
2.176
2.595
2.023
2.772
2.614
0.941
0.302
0.574
3.638
2.539
0.137
0.809
0.032
1.761
0.724
1.871
1.801
0.383
3.331
2.649
0.002
2.280
0.462
2.027
3.198
1.454
1.643
1.142
0.220
2.525
0.061
3.824
2.597
1.131
3.566
2.981
1.786
1.128
2.830
0.197
2.260
0.026
1.000
0.470
1.528
1.825
2.719
1.742
2.340
1.196
0.139
3.753
0.603
0.918
3.405
0.779
2.945
3.531
3.047
1.917
2.404
2.370
1.814
0.841
3.380
2.453
1.713
2.347
1.764
0.143
2.377
1.485
1.080
2.066
3.318
2.721
0.497
0.451
1.269
1.324
1.753
3.904
2.505
3.044
1.276
1.531
0.895
3.162
1.251
2.411
1.410
2.111
0.868
1.620
3.904
2.128
0.676
2.298
3.216
3.780
0.746
2.726
0.977
2.691
1.248
1.910
1.996
3.457
2.090
2.885
3.669
3.459
2.438
3.763
0.617
2.179
1.185
2.495
2.563
1.641
3.895
2.361
1.467
0.681
2.248
3.419
0.010
2.073
0.675
0.462
3.763
2.847
1.689
0.444
3.704
0.691
2.281
1.924
2.225
2.930
2.819
1.787
0.384
1.340
3.046
2.259
2.855
3.929
1.030
0.250
1.896
1.822
0.367
3.055
0.614
3.522
0.452
1.686
0.913
2.059
2.291
1.398
0.739
0.936
0.118
2.413
2.553
0.270
3.000
2.433
2.485
3.154
0.630
0.204
3.175
0.049
1.679
0.207
1.045
1.838
3.367
0.519
0.617
0.242
1.305
0.930
0.414
1.374
3.229
0.590
1.136
0.499
0.857
3.808
2.974
3.415
0.946
3.023
1.318
0.408
3.474
3.571
2.548
2.322
1.964
3.544
0.228
3.088
0.075
3.849
0.712
2.886
1.921
2.539
2.062
3.147
0.944
3.529
3.100
0.733
3.731
3.019
2.562
3.870
0.815
3.246
1.501
2.791
0.290
2.659
1.472
1.566
3.962
0.127
0.482
2.211
1.828
0.544
0.284
3.920
0.803
3.950
0.334
3.147
3.905
0.274
1.560
2.281
0.550
0.852
1.077
3.761
1.084
0.055
3.072
2.751
1.410
3.716
1.308
2.869
0.288
1.424
1.046
1.969
0.850
1.394
2.655
0.595
0.860
1.249
1.769
2.496
1.453
3.899
3.598
0.450
1.336
0.647
1.814
3.674
0.867
1.697
3.426
1.197
1.954
1.448
2.167
0.854
3.376
2.263
2.093
3.917
0.914
1.862
2.508
2.893
3.598
0.018
2.739
0.655
3.393
3.981
2.919
2.799
1.829
0.802
0.651
0.040
3.347
2.753
1.275
1.419
3.555
3.016
3.412
2.264
3.110
3.083
3.601
1.063
0.633
2.580
0.016
0.821
0.794
0.680
1.639
2.950
0.677
1.843
1.715
1.386
0.524
3.310
0.911
3.373
0.139
3.585
2.356
1.235
1.513
2.092
3.526
0.466
1.632
0.258
2.982
1.584
2.994
3.462
3.009
0.467
0.976
1.599
2.456
2.249
3.024
1.471
1.417
1.371
2.513
0.758
0.874
1.013
2.180
3.033
3.996
0.861
2.188
0.086
3.544
1.092
0.156
3.781
3.657
0.401
2.918
2.717
2.274
3.084
2.284
1.167
0.536
2.396
3.766
1.090
3.761
2.807
1.987
0.437
2.891
2.295
1.429
2.548
3.826
1.394
2.185
2.138
0.620
2.538
3.566
1.156
3.270
3.059
3.671
0.786
3.648
0.234
2.473
1.879
2.118
0.910
1.465
1.338
2.465
1.455
2.621
0.261
2.006
0.205
3.166
1.111
1.064
0.048
0.582
1.741
3.498
1.436
0.324
1.785
1.559
3.849
0.843
1.759
2.067
2.642
0.837
1.139
0.743
0.184
0.039
0.774
3.539
1.332
3.390
3.146
3.846
1.562
1.111
1.351
0.744
1.411
3.964
2.079
1.767
1.438
3.911
3.452
2.140
3.504
1.412
1.273
3.046
2.942
3.759
3.062
0.196
2.065
2.133
0.163
0.833
0.462
2.483
0.317
0.266
1.659
0.851
0.262
0.125
2.979
1.444
0.235
3.759
1.814
3.519
1.707
3.544
1.028
3.072
2.234
0.333
0.827
3.359
3.015
2.899
0.203
0.415
3.542
0.904
1.924
2.059
1.692
0.831
1.060
3.238
2.661
0.230
2.147
1.144
2.333
3.776
2.350
2.163
2.014
2.826
1.386
1.520
3.856
0.525
1.433
1.384
1.927
2.986
1.916
2.236
2.510
1.651
2.793
3.466
3.077
2.679
1.853
2.449
0.299
0.057
2.533
2.744
3.542
0.072
2.909
3.632
1.454
1.925
1.737
0.831
1.615
2.456
1.838
2.024
0.611
2.311
2.595
2.767
0.502
2.346
3.964
2.343
3.316
0.679
2.183
1.310
0.044
0.499
2.183
0.786
0.512
0.610
3.786
1.888
1.628
0.643
1.827
2.318
3.640
2.980
2.652
1.728
1.394
1.658
0.785
2.272
0.003
2.847
0.075
1.688
3.909
1.997
3.267
3.275
1.023
1.332
0.685
2.282
1.422
0.088
2.600
3.524
1.041
0.751
0.855
0.448
0.865
3.511
1.458
1.406
1.297
0.263
1.095
0.542
1.725
0.687
2.901
2.505
2.727
2.303
0.336
2.095
0.928
1.866
2.624
3.987
0.224
1.061
2.994
3.842
1.883
1.173
1.808
0.396
0.002
1.281
2.700
0.533
1.829
0.467
0.950
3.869
2.700
0.638
3.586
2.056
0.604
0.802
0.082
0.783
3.870
1.956
1.027
1.368
3.013
0.231
3.757
3.862
0.489
2.547
0.718
2.770
3.896
1.732
2.187
3.740
1.132
0.920
3.982
3.025
2.065
0.022
0.947
1.015
2.458
2.135
0.204
2.843
2.244
1.017
0.608
0.799
3.632
0.064
0.270
3.252
1.144
0.716
0.711
0.777
3.339
3.831
1.914
2.357
2.817
3.254
3.453
0.809
1.023
0.686
2.855
1.018
1.444
2.916
1.501
3.057
0.995
0.585
2.621
2.958
2.673
3.858
3.299
0.693
3.047
0.748
2.945
3.802
3.667
0.302
2.273
2.169
0.215
1.441
1.625
0.592
0.995
0.989
1.321
3.087
1.333
1.272
3.744
2.265
0.506
2.623
0.985
2.672
1.015
1.248
3.134
2.625
0.332
2.112
0.678
2.874
0.707
3.871
3.972
2.325
3.152
2.330
3.376
1.100
1.455
2.523
1.413
3.360
2.864
3.202
3.163
0.609
2.018
1.428
1.138
0.612
3.808
2.851
3.998
3.576
0.979
3.439
2.704
3.936
3.673
2.587
3.129
0.834
2.485
3.914
0.600
1.320
0.230
2.502
1.515
1.327
2.263
1.968
1.898
2.628
3.041
3.431
0.666
1.278
3.550
1.339
0.369
0.445
0.272
0.047
2.278
2.083
1.579
2.156
3.989
1.533
3.755
2.861
0.060
2.961
0.257
1.858
1.693
3.420
0.450
3.887
2.150
3.366
1.683
0.543
0.286
3.641
3.429
1.734
3.498
3.176
2.140
3.003
3.400
2.131
0.531
2.902
0.612
1.676
1.206
2.717
1.383
2.307
3.844
1.039
2.061
1.363
3.626
2.063
2.009
1.334
0.121
0.925
1.122
3.560
2.572
0.019
0.911
1.107
3.306
2.949
1.963
3.884
1.960
3.608
3.608
0.455
3.282
0.856
3.748
0.573
0.426
0.378
0.043
2.086
2.009
2.505
0.066
1.676
0.640
2.144
1.493
0.787
1.160
0.429
0.061
2.140
0.574
3.297
2.768
0.397
2.429
3.946
2.661
2.801
0.369
1.917
1.574
0.068
2.628
1.599
0.299
0.291
3.451
0.970
3.933
3.328
2.720
3.676
1.510
1.886
3.523
3.853
1.554
0.462
2.943
3.591
2.794
0.301
2.088
3.544
0.047
3.727
1.133
1.878
1.154
0.454
2.133
1.640
1.862
3.921
0.426
1.575
3.662
3.214
0.613
2.524
0.854
1.809
1.447
0.758
3.491
0.143
3.388
0.954
2.359
0.941
3.148
0.987
0.762
2.259
3.247
2.315
3.669
1.358
1.421
3.440
3.618
2.820
2.647
3.818
2.808
2.712
3.638
1.490
1.920
3.159
3.836
1.902
0.481
2.319
2.254
3.497
2.934
3.579
1.969
0.107
1.110
2.650
3.607
0.577
3.420
2.324
1.884
0.682
3.822
3.782
1.068
3.120
1.512
2.639
0.160
0.197
3.304
1.328
2.678
2.812
0.757
0.944
3.109
2.423
1.398
3.351
0.401
1.935
3.742
2.123
0.336
2.745
3.334
0.793
1.150
0.712
1.658
0.962
2.511
3.371
1.493
2.915
0.719
2.452
3.229
1.733
0.996
3.615
2.584
2.280
2.757
1.274
3.367
0.951
3.958
2.496
3.132
2.793
1.940
2.163
0.965
3.317
0.621
3.949
3.169
1.302
3.458
0.136
0.201
1.865
2.287
3.881
1.009
2.287
3.981
2.272
2.763
2.321
1.777
3.370
1.007
2.150
0.233
1.383
3.363
0.697
1.920
1.245
3.189
0.616
0.311
3.075
1.956
0.135
0.742
0.332
0.643
1.770
1.902
0.991
3.028
2.014
1.994
2.618
3.565
0.239
2.527
3.971
1.366
3.334
0.646
1.608
1.845
1.033
3.956
3.918
2.690
1.395
2.012
1.141
3.090
2.573
1.942
2.123
0.533
3.797
2.124
2.917
3.966
1.400
1.400
0.823
3.776
2.749
2.005
2.023
1.765
2.105
2.190
3.749
2.211
1.734
1.489
2.698
2.067
0.974
1.621
2.439
2.530
3.527
3.210
3.627
3.405
0.883
0.845
2.068
0.135
1.586
2.419
3.015
0.812
3.942
3.259
1.580
1.153
1.830
3.263
2.702
3.155
1.412
2.061
3.869
2.046
2.829
3.158
3.611
0.123
1.411
3.109
0.787
3.218
3.402
3.914
1.753
3.788
3.926
2.216
2.737
1.988
3.663
1.235
3.100
2.604
1.634
1.023
3.622
3.346
2.512
1.248
0.554
2.756
2.066
2.587
0.910
3.863
3.591
1.696
1.299
0.730
3.620
0.839
3.591
1.149
2.731
0.429
1.799
0.013
2.934
3.029
1.777
2.261
2.889
2.853
0.698
1.800
0.146
1.322
0.722
1.436
3.601
0.954
0.897
0.603
1.548
2.672
3.023
2.549
0.970
1.553
1.075
0.658
0.151
3.116
3.769
2.689
3.188
2.430
1.906
2.010
3.682
1.637
0.405
2.229
3.633
3.952
1.254
2.177
0.521
1.721
0.070
3.801
2.530
0.858
1.603
0.278
3.100
1.767
0.182
3.555
1.211
3.817
1.991
3.513
1.272
0.476
3.034
3.084
1.978
1.439
3.706
0.896
3.178
0.369
2.167
3.429
3.596
2.333
0.020
2.119
2.114
1.565
3.278
3.533
3.419
1.893
1.222
0.446
0.920
2.975
3.441
2.548
2.171
3.431
3.218
3.527
2.412
1.034
1.397
2.371
0.402
0.296
0.950
1.017
3.359
1.124
0.688
3.825
0.621
2.636
0.929
2.898
2.536
1.827
0.382
2.844
2.143
1.427
0.113
3.388
2.355
1.146
1.185
2.076
0.638
3.418
3.420
2.335
0.600
2.834
3.672
2.290
1.427
3.635
1.137
0.975
1.777
1.975
0.427
2.966
0.516
3.071
0.477
1.962
2.594
1.957
0.849
2.476
0.400
0.224
2.571
0.541
3.086
3.972
0.388
1.229
0.641
2.102
1.143
2.769
3.906
3.193
2.977
0.190
0.249
1.350
0.143
3.672
3.293
2.762
2.433
0.146
1.865
3.135
0.599
3.221
0.233
1.729
1.577
0.113
0.776
2.429
3.959
3.026
3.326
2.090
0.861
2.294
2.773
1.333
0.182
3.636
1.885
1.054
1.243
3.943
3.860
1.074
1.848
3.336
0.769
3.691
3.095
1.562
1.845
0.335
2.549
0.327
1.477
0.089
3.901
1.793
2.812
0.532
2.835
1.190
1.009
0.175
2.510
2.421
2.503
3.707
3.970
3.509
1.016
0.328
2.711
3.852
3.617
1.649
2.769
1.564
0.758
0.931
1.900
0.479
3.048
3.911
1.779
0.968
0.372
3.001
3.599
2.313
0.070
1.343
2.080
1.137
1.980
1.041
1.591
2.280
1.494
2.790
2.950
1.506
1.146
2.245
0.443
1.562
0.803
3.598
1.685
0.353
2.196
3.214
2.185
2.387
1.288
1.563
3.821
0.142
3.924
0.298
1.891
2.642
2.199
0.968
3.029
2.266
3.188
2.735
3.959
3.720
3.921
2.343
2.957
3.082
0.926
2.701
3.822
3.970
1.200
0.600
2.269
0.136
0.092
1.429
0.889
3.162
2.427
3.167
1.158
2.453
2.043
3.525
1.448
0.332
2.003
0.775
0.599
3.802
0.878
0.638
3.327
0.432
1.783
0.540
2.598
2.808
0.261
2.605
3.056
2.135
2.649
3.960
0.714
2.816
2.224
3.222
3.310
0.224
0.185
1.500
3.112
1.389
2.485
0.792
3.391
0.928
3.505
0.375
3.417
0.337
3.780
2.563
0.517
1.609
1.226
3.193
3.626
0.161
3.743
3.226
2.682
3.189
3.624
0.083
2.363
3.804
2.824
0.596
2.859
0.703
2.959
1.965
2.717
3.609
2.791
0.617
1.300
2.375
3.015
3.586
2.950
2.360
3.304
0.848
3.715
0.604
1.852
1.975
2.326
0.305
1.098
2.545
0.071
3.244
0.789
0.947
3.340
1.053
1.275
2.501
1.809
2.591
1.637
1.312
0.600
2.231
3.230
0.777
0.214
0.433
3.199
1.414
3.634
1.794
0.726
1.459
1.724
0.591
1.042
1.643
1.887
3.879
0.623
0.596
0.932
1.309
3.573
3.574
1.176
1.090
1.797
0.441
1.057
0.909
2.419
3.360
1.860
3.111
0.742
2.152
0.636
3.083
0.137
0.017
2.003
2.532
3.386
2.085
2.219
1.226
3.266
0.259
1.787
1.781
3.633
1.820
3.814
2.191
1.730
2.507
2.438
2.056
2.145
3.066
2.870
2.863
0.629
3.720
1.944
0.134
3.873
3.578
3.538
1.939
3.401
1.685
2.817
3.970
1.873
3.234
2.999
2.307
2.405
2.414
0.166
2.955
3.897
2.406
1.612
0.413
1.911
3.275
3.361
1.739
3.294
3.768
2.644
0.007
3.532
3.518
1.533
3.498
0.726
1.689
0.363
0.658
1.112
2.810
0.190
1.546
0.223
0.337
0.246
0.433
1.067
1.450
1.209
3.173
0.082
2.646
0.069
1.120
1.225
0.874
3.473
2.609
0.134
1.286
1.655
1.401
2.155
0.117
2.411
0.997
3.894
3.768
0.031
0.351
2.009
0.857
3.722
0.271
3.105
0.836
1.770
2.665
2.897
2.683
3.525
2.821
1.194
0.277
1.282
1.990
1.810
3.233
0.226
1.851
1.162
1.296
0.816
3.772
0.096
2.843
0.354
0.307
0.406
1.595
0.941
1.993
2.518
2.340
1.626
1.265
0.013
2.292
1.272
1.187
1.903
3.626
1.522
1.686
1.020
0.832
0.204
0.145
2.397
3.692
0.627
2.406
1.170
3.014
3.428
2.676
3.347
1.702
3.001
0.272
2.666
2.291
3.978
1.829
2.817
3.791
0.857
1.297
2.461
3.475
1.593
0.964
0.763
3.211
3.792
2.742
1.568
0.985
2.150
0.060
2.875
2.469
1.861
1.001
2.938
2.789
2.934
0.653
3.105
1.105
0.737
3.188
0.397
0.171
2.510
3.791
3.901
1.735
0.240
1.311
2.171
0.464
2.968
0.405
2.150
0.010
0.483
0.929
1.510
0.901
1.298
2.475
1.861
1.140
0.925
1.185
3.930
2.707
3.676
0.393
3.594
2.595
2.571
0.090
1.581
1.587
1.402
0.903
1.649
3.662
0.600
3.969
2.266
3.747
0.281
1.019
1.041
3.464
3.683
0.947
1.622
1.582
0.196
2.301
3.265
2.103
1.257
3.367
3.976
0.180
2.645
2.893
2.876
0.562
1.015
1.036
2.397
2.778
1.012
1.694
1.892
0.000
3.894
0.185
1.460
0.315
1.321
2.080
2.038
2.095
0.799
0.032
3.226
3.216
2.262
3.537
3.855
1.058
0.360
3.845
1.971
2.552
0.237
2.617
2.672
2.970
1.962
2.390
2.171
0.717
2.195
1.607
0.477
1.088
1.331
0.656
3.252
0.762
2.030
0.285
1.684
0.741
0.930
3.750
3.631
0.524
1.294
3.171
1.824
0.475
2.436
2.851
1.565
2.692
0.008
3.658
3.175
1.082
3.566
3.112
3.309
0.960
0.315
3.408
0.336
3.148
2.512
0.400
2.114
3.382
2.763
2.412
3.776
2.768
2.254
2.774
0.577
3.106
3.968
0.101
2.358
0.071
0.014
1.576
1.852
3.594
1.423
0.897
2.867
0.177
0.121
2.038
0.240
2.490
0.237
2.598
1.550
3.255
1.551
0.293
2.685
3.266
1.540
2.984
3.686
1.300
0.401
2.676
1.673
0.792
1.343
1.035
0.200
0.277
0.575
0.211
1.063
3.971
1.619
2.163
3.337
3.276
2.938
0.170
1.363
3.569
0.342
1.824
0.417
3.317
0.205
1.600
3.962
2.400
0.296
2.925
1.676
3.437
1.834
2.708
2.838
1.988
1.370
3.408
3.219
2.715
2.188
0.980
1.258
0.856
2.147
3.393
3.098
3.866
2.228
3.956
3.982
0.584
1.524
2.285
1.517
3.039
0.008
1.515
0.490
0.765
0.142
1.227
1.210
3.479
2.229
3.587
3.746
1.023
2.388
3.290
0.975
3.670
2.131
0.178
2.016
1.201
0.737
0.793
0.398
3.617
1.976
1.581
2.249
3.893
1.195
0.147
2.780
1.902
3.393
1.689
0.555
0.431
1.613
3.601
0.278
1.152
1.851
0.285
0.266
2.497
3.634
0.293
2.284
0.561
2.526
1.202
3.126
2.470
0.045
3.998
1.045
3.112
3.823
0.246
0.109
2.675
0.292
3.951
1.552
2.133
3.826
1.774
1.374
2.656
1.925
0.143
3.707
0.824
1.936
3.806
1.900
2.629
0.744
3.487
1.788
3.415
0.964
0.588
0.283
2.239
1.410
2.232
3.216
1.565
3.943
0.459
1.235
2.776
3.277
1.021
1.660
0.677
0.932
1.951
1.289
1.985
1.227
3.995
0.479
3.735
2.068
3.980
2.231
3.605
2.258
2.307
3.516
3.340
2.137
3.048
1.773
0.795
3.605
3.466
3.275
1.545
2.925
3.316
3.976
1.559
3.144
0.879
1.481
2.171
0.626
2.469
0.954
1.345
1.857
3.001
2.047
1.214
2.559
1.242
2.358
0.926
3.124
2.463
1.457
1.995
2.464
1.501
2.167
0.732
2.595
2.583
2.594
2.696
0.648
2.786
1.294
3.749
3.419
3.651
3.005
0.918
0.240
0.180
1.531
0.145
0.594
0.371
1.651
0.904
3.826
3.418
3.341
3.752
3.201
2.849
1.122
2.068
3.723
2.114
1.014
3.548
0.288
2.534
3.362
0.466
0.162
3.001
1.707
2.281
1.171
1.479
1.905
3.856
2.653
2.071
3.879
3.375
1.914
0.337
2.638
1.985
2.772
3.514
3.642
0.256
2.764
1.457
2.111
2.743
3.676
2.331
2.531
3.246
2.290
0.499
1.410
1.823
0.570
0.535
3.230
0.149
3.006
0.930
2.601
2.533
3.419
3.804
0.746
3.697
0.240
2.817
3.772
3.395
2.165
2.496
1.565
3.966
3.005
2.284
1.680
0.174
3.703
1.912
0.295
0.926
0.657
3.049
0.018
1.981
2.898
3.694
0.317
1.254
2.081
2.409
2.326
2.079
2.898
1.245
1.958
0.552
3.201
3.074
1.557
1.054
1.014
1.079
2.698
1.116
3.543
3.243
3.308
0.961
1.425
2.968
2.931
0.390
1.651
2.305
0.739
2.122
0.983
0.797
3.803
2.249
0.101
0.565
0.196
3.182
3.383
3.006
0.617
0.249
3.883
0.376
1.549
2.087
1.953
0.510
0.356
2.991
0.922
1.072
2.261
0.619
0.337
2.992
0.811
0.733
2.496
1.095
3.211
0.119
1.349
1.466
1.841
1.390
2.324
1.704
3.271
1.052
3.229
3.976
0.283
1.069
2.082
3.656
2.672
0.046
3.613
0.354
1.021
3.279
0.116
1.248
0.163
3.053
0.438
0.902
1.737
1.944
1.126
3.121
1.977
2.259
0.083
2.906
1.851
0.379
1.569
2.199
1.626
1.404
3.982
3.856
3.174
3.359
2.560
2.171
2.540
3.133
2.008
1.279
2.782
0.411
3.037
0.893
0.557
1.027
1.855
0.069
3.637
3.502
2.944
0.113
0.298
3.964
0.717
1.194
1.454
3.220
3.213
3.899
0.417
1.425
2.510
2.696
3.352
0.630
2.299
1.164
3.766
3.420
0.910
0.843
2.780
0.919
2.032
0.684
1.475
1.643
1.476
0.354
0.256
3.976
0.573
3.992
0.971
3.513
1.108
3.563
0.420
0.055
3.203
2.539
0.944
3.745
0.127
1.428
0.918
3.659
2.752
2.525
1.285
3.077
3.228
2.274
1.646
3.775
2.395
1.769
1.003
0.806
2.577
3.145
3.848
1.621
2.611
0.029
2.144
0.771
1.312
1.685
1.602
0.023
3.053
1.153
2.719
3.416
0.727
3.406
1.201
1.578
3.101
2.447
2.664
1.590
3.387
0.261
0.945
1.742
1.863
3.668
3.848
2.704
1.451
1.392
0.865
3.977
3.386
1.007
2.136
0.902
0.469
1.960
0.885
1.099
1.851
0.479
2.535
3.878
1.912
0.933
2.948
3.981
2.508
2.092
1.425
3.986
0.708
3.735
1.613
3.722
3.126
3.192
0.904
0.275
3.038
2.640
0.648
2.462
1.708
2.379
1.250
3.099
2.675
0.799
2.121
0.949
1.263
2.376
2.530
1.935
3.118
2.804
3.520
0.015
3.370
3.245
3.357
2.053
1.787
3.658
3.406
2.102
3.326
2.348
1.818
0.682
1.554
1.065
1.125
3.978
0.624
2.430
0.589
2.305
3.870
0.909
1.076
0.770
3.536
2.227
3.253
1.729
2.746
2.837
1.080
2.481
3.572
0.978
1.834
0.568
3.872
1.805
1.334
1.106
0.567
1.249
0.558
3.788
2.119
2.510
3.492
3.500
0.171
3.435
1.875
3.934
3.707
0.579
2.366
2.144
2.503
2.353
1.731
1.708
0.291
1.408
1.785
0.932
1.742
1.311
2.128
0.514
3.244
0.548
3.107
2.134
1.413
0.028
1.978
1.622
3.384
2.520
3.915
1.680
3.132
1.820
0.265
3.594
2.437
3.964
1.404
0.883
3.586
2.426
2.536
2.605
3.471
3.990
3.979
3.766
3.505
3.869
2.734
3.305
0.594
1.646
3.573
2.121
1.393
1.745
1.385
2.859
1.165
1.377
2.213
3.442
1.786
3.325
2.166
3.810
2.788
0.371
3.336
1.876
0.799
2.871
1.852
0.404
0.354
0.682
3.381
1.331
0.735
1.543
1.676
0.009
3.405
2.028
0.162
0.874
2.509
0.296
1.104
2.288
1.067
0.135
3.553
1.578
1.667
3.159
0.051
3.750
0.840
0.544
2.986
2.939
2.756
1.285
0.538
0.317
0.490
2.751
3.279
2.016
3.812
1.152
3.830
1.570
1.326
2.574
1.327
1.427
3.735
1.328
0.048
3.288
0.115
1.653
1.144
1.349
2.314
3.166
0.277
1.940
1.908
1.950
1.796
3.659
3.669
1.840
2.198
3.756
1.037
0.160
1.724
1.352
2.873
1.102
1.239
2.031
2.556
1.907
3.986
3.384
0.523
0.144
0.278
1.297
1.384
0.635
3.923
2.082
3.025
1.977
3.902
3.995
1.419
3.063
1.767
3.246
3.355
1.699
0.248
0.304
1.893
0.110
3.713
0.110
2.067
2.045
2.430
2.758
3.220
3.174
3.960
1.272
1.308
0.616
2.578
0.287
1.625
2.662
1.249
3.765
1.615
2.181
0.499
3.336
2.791
2.649
0.404
3.378
0.242
2.422
1.977
0.691
1.820
2.571
2.390
3.396
2.810
2.540
2.726
1.658
1.748
1.832
3.418
3.883
1.010
3.096
3.013
2.235
3.896
0.227
0.596
2.648
2.163
2.474
2.975
2.914
0.311
0.052
2.650
0.048
1.370
2.376
1.621
2.761
3.579
0.817
1.231
0.752
0.037
3.716
3.569
3.408
2.256
2.433
3.317
2.623
3.539
1.322
2.503
1.600
3.190
1.770
2.241
3.838
3.774
2.830
3.383
1.936
3.016
0.478
1.836
0.414
1.393
2.151
2.421
2.452
0.055
2.965
1.238
3.252
3.458
2.927
0.832
2.673
2.920
0.410
0.845
0.863
1.298
0.334
1.381
0.788
1.067
1.715
2.960
2.899
2.326
2.649
1.745
3.582
3.571
1.283
1.617
0.645
2.589
2.962
3.699
1.761
1.386
2.505
1.131
1.598
3.809
0.415
2.137
0.330
1.363
0.860
3.860
0.283
3.687
3.377
2.968
2.634
1.277
3.504
0.712
0.448
1.227
3.931
3.864
3.731
0.146
3.254
2.913
0.770
3.858
2.065
0.914
1.724
3.093
1.839
2.537
1.220
0.109
2.971
1.172
0.691
1.025
2.333
2.330
0.221
2.609
3.819
2.134
3.865
2.393
3.633
0.340
1.752
3.170
3.423
0.139
0.684
3.299
2.897
3.855
0.524
2.730
1.165
2.736
0.381
3.209
0.814
0.182
2.373
3.912
0.593
1.004
1.727
2.548
1.613
0.782
2.021
2.971
2.056
2.865
1.580
3.441
0.685
0.255
1.329
2.884
1.788
1.387
1.885
3.852
1.722
0.720
0.196
2.365
3.827
1.112
3.757
0.407
2.259
1.086
1.236
0.562
0.148
2.401
2.286
0.154
3.506
3.734
2.381
2.189
3.422
0.831
0.720
2.524
1.366
0.130
0.542
0.889
1.762
3.654
3.646
1.768
0.526
1.881
2.478
3.563
1.882
2.328
1.827
1.130
2.517
0.749
0.007
3.445
0.031
1.142
2.322
3.020
3.623
2.142
3.698
2.694
1.102
2.952
2.540
0.455
3.542
1.591
2.198
2.254
3.314
2.033
3.867
0.036
2.683
2.739
3.312
1.759
2.846
3.077
1.495
3.720
2.986
0.347
2.001
1.245
1.825
2.340
0.113
1.663
0.169
0.841
1.420
1.431
0.041
3.964
2.084
1.387
0.274
1.909
2.146
0.342
3.806
1.484
3.759
3.543
2.422
1.669
3.737
1.036
2.322
3.529
0.560
3.544
2.647
0.918
3.751
2.198
2.962
3.752
2.484
3.314
2.722
2.984
0.389
0.368
1.854
3.985
2.653
2.436
0.850
0.692
1.876
1.572
3.156
0.643
2.568
2.959
2.118
0.965
2.735
1.124
1.412
1.392
2.697
3.127
3.603
2.561
0.101
3.344
2.382
0.101
0.033
0.298
2.024
3.485
0.192
1.997
2.734
3.082
3.283
0.316
0.822
3.575
2.112
3.171
1.993
0.646
1.299
3.611
2.576
0.773
3.085
1.402
1.131
2.984
1.420
3.279
1.616
0.620
2.307
0.783
3.197
0.389
3.351
3.415
0.762
3.462
1.508
1.840
0.368
0.837
3.215
2.965
1.044
2.910
1.415
3.924
0.822
2.942
3.433
3.365
2.313
2.040
2.204
1.908
1.812
3.294
1.064
3.223
1.639
2.880
1.133
0.927
0.344
2.214
0.243
0.316
1.358
1.676
1.455
1.949
1.840
0.915
3.367
2.174
3.700
3.462
3.777
3.933
0.181
0.107
0.657
3.504
1.849
2.451
3.996
1.338
3.519
3.052
2.750
1.725
2.349
3.757
2.950
0.754
1.252
3.087
1.956
2.885
2.748
2.970
1.936
1.415
0.546
0.627
0.809
3.218
1.349
1.096
3.222
1.368
1.803
3.665
3.581
0.606
0.984
1.372
3.702
0.053
3.457
2.794
3.364
3.224
1.691
3.489
2.833
1.065
3.498
0.748
2.395
3.616
2.171
3.719
2.992
3.869
2.103
1.499
0.234
3.479
2.950
2.470
1.401
2.222
2.776
0.902
1.463
3.423
1.093
1.791
1.747
0.078
2.383
1.928
3.524
0.958
3.401
0.328
2.657
0.733
1.470
2.484
2.351
0.990
1.955
2.261
1.143
1.984
3.257
0.840
2.430
0.085
0.905
1.729
2.188
3.064
2.701
0.683
2.933
2.764
0.402
1.261
2.586
2.113
0.012
2.802
0.557
1.095
0.553
3.731
2.197
3.962
2.025
3.440
2.722
1.858
1.298
2.346
0.740
2.985
3.799
0.304
1.755
2.528
3.090
2.191
3.283
2.794
3.856
0.267
1.711
2.366
2.278
3.839
2.554
3.531
3.433
3.770
2.469
3.863
0.086
0.553
3.227
0.537
1.149
1.945
2.734
0.818
1.058
1.575
2.313
3.146
3.466
3.460
0.606
2.301
1.891
3.042
0.805
3.396
0.352
1.126
3.336
2.781
0.516
1.028
2.709
1.386
0.515
1.258
2.918
1.676
0.342
2.234
2.611
3.078
1.620
3.817
3.166
0.594
1.535
0.838
3.915
3.299
3.861
2.356
0.897
3.522
0.241
3.027
2.893
3.693
