1427
2.522
0.434
0.058
1.266
2.355
0.004
1.309
3.535
1.007
2.087
3.684
2.632
0.472
3.743
1.229
2.185
3.301
3.373
3.105
0.050
0.823
0.752
1.020
1.232
3.711
2.786
2.192
0.767
1.994
1.547
3.645
2.174
1.792
1.264
1.894
3.731
3.382
3.150
1.445
3.628
3.631
3.292
2.050
1.936
1.409
3.335
0.269
0.407
1.281
0.233
3.677
0.227
0.589
2.120
1.886
1.184
3.990
0.168
3.609
1.078
1.571
3.267
1.072
1.762
3.851
1.503
2.378
3.858
1.315
1.560
2.767
3.968
3.532
0.608
3.245
0.114
1.528
2.622
1.686
3.193
2.708
0.755
1.240
0.360
2.509
3.043
3.783
0.573
0.851
2.622
2.140
0.913
0.544
3.573
1.945
0.853
3.011
1.625
0.241
0.286
3.978
1.163
3.325
1.931
0.230
2.348
0.833
3.635
0.130
2.601
2.685
3.103
1.229
1.335
2.274
2.806
2.170
3.521
1.160
0.025
1.006
2.509
1.529
0.473
2.099
1.549
2.811
3.412
1.000
2.479
0.096
3.891
0.992
1.346
2.382
3.478
0.436
0.014
0.181
2.787
0.623
2.320
2.630
3.147
3.519
0.933
2.036
2.889
1.626
0.767
0.631
0.041
0.095
2.691
2.334
3.623
2.323
3.211
3.451
2.258
2.434
3.917
2.478
1.489
1.372
0.712
2.570
3.972
1.774
1.173
0.737
1.625
0.361
2.890
1.449
3.847
1.257
0.197
3.098
1.085
3.500
3.460
3.636
2.303
2.907
1.909
0.717
0.339
0.551
2.012
1.794
2.633
3.294
0.420
2.877
0.517
0.123
3.827
1.050
1.998
1.504
3.335
3.323
0.906
1.494
0.479
3.048
3.305
0.090
1.599
2.877
0.216
2.080
2.996
2.099
3.999
0.604
1.164
0.229
2.145
2.712
0.340
1.825
2.766
0.390
1.730
3.776
2.730
1.840
0.982
1.676
2.173
2.245
0.835
2.415
2.031
2.818
0.325
3.720
2.268
1.613
2.557
2.177
3.643
3.416
1.746
3.092
1.134
0.943
3.092
0.594
2.557
1.680
0.029
2.497
3.439
1.844
2.474
3.680
2.890
1.301
0.941
0.151
2.970
2.696
0.708
3.430
3.991
0.620
3.732
1.554
2.197
2.340
1.569
2.718
2.453
2.417
2.307
2.490
0.850
3.497
0.348
3.495
2.524
2.618
1.858
3.639
2.557
2.555
0.802
3.159
0.459
1.073
0.698
2.188
1.529
1.363
3.572
1.012
1.305
2.529
0.079
2.846
0.331
1.674
1.338
1.675
3.656
0.951
1.757
3.635
2.740
3.881
0.981
3.356
0.870
1.327
2.057
0.866
2.712
0.673
2.006
3.876
0.290
2.099
0.228
2.672
3.475
1.274
1.503
2.317
2.960
2.357
3.825
1.509
1.755
2.883
0.906
3.210
3.370
2.942
2.909
0.995
1.163
2.973
2.816
3.134
1.732
3.598
1.812
1.492
3.748
3.077
3.156
0.627
2.318
3.306
2.245
1.820
1.734
3.711
0.917
3.295
0.356
3.954
0.507
3.486
0.466
3.070
0.777
3.011
1.019
2.466
2.564
0.824
0.568
1.135
0.829
3.097
3.007
1.551
1.764
1.439
0.329
3.839
2.723
2.374
0.252
2.196
0.952
2.339
0.350
2.926
2.448
1.978
0.245
2.052
1.749
0.154
1.438
0.148
1.049
1.823
2.520
0.850
0.767
2.823
3.799
1.440
3.530
2.612
1.788
2.990
1.520
3.144
0.508
3.704
3.215
2.282
1.264
0.445
3.797
3.587
3.302
1.864
1.825
0.767
2.673
0.113
1.263
2.740
3.691
0.811
0.543
3.988
0.475
0.769
3.057
2.797
1.422
1.888
2.339
2.933
0.810
1.747
0.151
2.474
1.288
2.558
2.800
0.750
2.686
2.501
2.227
0.734
0.318
0.890
3.753
1.714
3.922
1.176
3.856
1.727
0.355
1.507
0.932
0.975
3.365
1.345
3.727
0.322
2.035
0.637
1.966
2.982
3.886
1.033
1.697
0.634
1.193
0.905
3.936
1.453
1.694
3.184
3.440
0.922
1.696
3.507
0.792
2.805
0.451
3.708
3.431
3.267
3.737
2.410
3.869
3.918
1.737
2.244
2.070
3.396
3.585
2.218
3.789
0.133
0.356
1.780
1.676
1.075
1.830
2.334
3.002
0.369
2.005
0.280
3.141
0.426
2.114
3.081
1.235
3.252
1.836
2.448
1.991
2.590
3.389
2.396
1.115
1.152
3.401
0.772
3.640
2.108
1.688
0.762
2.237
0.004
2.519
3.994
2.580
3.407
2.461
0.998
0.927
3.820
1.567
0.140
3.296
2.809
1.453
2.564
1.988
1.773
0.713
2.253
1.647
2.416
1.172
3.011
1.672
0.746
1.614
1.974
2.503
3.290
2.941
0.222
2.161
3.236
0.083
1.100
2.385
2.311
3.564
2.081
2.814
3.507
1.249
0.278
2.883
2.091
2.606
3.215
2.446
3.878
3.721
0.953
1.615
0.360
3.325
1.446
3.905
2.038
0.281
1.733
0.490
2.186
3.243
3.594
1.222
1.279
3.603
3.292
0.052
3.442
3.404
3.273
2.577
0.542
2.534
0.970
1.651
2.902
2.304
2.324
3.376
2.156
3.440
1.193
0.226
1.348
1.528
0.510
0.680
0.173
0.137
2.866
3.453
3.103
3.106
3.142
1.261
1.180
0.919
1.877
2.031
0.348
3.596
1.246
0.561
2.484
2.210
1.848
0.867
1.643
2.923
3.933
2.793
1.556
3.334
3.279
1.927
3.025
2.973
3.602
1.483
3.635
1.943
0.221
2.516
1.078
3.976
3.619
0.687
3.366
2.604
2.625
1.767
0.373
3.673
3.120
2.179
1.376
0.061
3.501
1.078
0.651
1.306
2.563
0.841
1.679
3.692
3.032
1.285
2.163
1.426
2.683
3.556
0.785
2.680
2.777
0.334
0.536
1.546
2.491
3.849
0.429
0.401
0.117
0.202
3.570
0.650
2.941
1.535
0.780
3.558
2.072
0.856
3.353
2.578
3.929
1.668
0.055
0.571
2.630
3.993
2.074
1.296
3.252
0.026
3.393
0.733
0.739
2.339
2.947
0.078
3.157
3.415
0.911
2.663
1.092
3.279
2.614
1.596
3.149
2.056
3.810
1.552
0.854
0.562
2.431
2.961
2.672
0.311
0.436
1.734
2.459
0.870
1.021
2.700
2.312
1.027
3.176
2.091
1.638
1.003
3.493
3.710
1.175
3.758
2.093
2.801
0.794
0.445
3.706
1.195
1.058
2.121
2.169
2.964
2.888
3.089
0.978
1.594
1.072
2.569
2.074
3.597
1.959
2.869
1.623
3.529
3.350
3.838
1.332
3.530
3.427
1.084
0.721
0.782
3.483
1.326
3.773
0.719
0.320
0.159
0.489
0.314
0.320
1.686
2.182
0.478
0.564
3.625
2.662
1.345
0.779
1.886
2.013
1.163
1.472
1.079
1.272
2.519
0.306
0.003
3.073
0.812
0.580
1.887
3.209
1.147
0.622
2.026
3.057
1.256
0.970
2.391
0.953
1.569
3.404
1.920
3.834
3.228
2.215
0.402
2.883
2.631
3.531
1.227
2.368
2.970
1.089
3.729
3.537
3.311
2.543
3.468
1.165
1.872
3.188
0.510
1.220
2.489
3.957
3.602
2.143
1.634
3.590
0.128
3.349
1.893
1.065
1.826
0.805
2.496
3.715
2.452
0.936
2.231
0.877
3.960
2.614
3.030
0.501
2.189
2.579
3.520
0.827
3.704
0.460
1.008
1.058
0.106
3.369
1.638
3.902
3.015
1.105
3.888
0.923
1.880
1.100
2.103
2.819
3.876
1.502
2.400
1.078
2.360
1.170
1.106
0.902
1.732
0.869
1.767
3.842
1.982
0.557
0.803
2.293
3.840
3.429
2.079
0.810
3.130
2.278
2.888
1.143
0.817
3.678
0.320
2.958
3.179
0.707
1.462
0.414
0.636
3.096
3.583
0.055
2.016
3.145
1.214
3.946
3.348
0.183
3.965
1.538
2.780
2.041
3.924
2.420
3.789
0.704
2.688
3.977
1.598
1.238
3.314
2.857
2.539
0.044
3.931
3.272
3.087
0.660
1.250
0.304
2.399
2.561
3.908
2.731
3.374
0.799
3.325
3.332
0.654
3.818
1.705
1.157
3.409
1.422
0.821
2.004
0.377
2.606
3.381
2.096
0.338
1.871
3.087
3.939
1.058
2.618
3.865
2.385
1.700
3.352
1.329
1.120
1.809
0.700
0.150
3.126
0.201
2.600
1.838
3.081
3.410
3.536
2.306
3.255
3.857
3.321
3.668
1.131
0.474
3.682
1.833
0.816
1.246
0.786
0.789
1.223
3.989
2.831
1.854
0.100
2.647
3.985
1.707
0.144
3.493
3.190
2.683
3.787
2.833
0.714
0.599
0.644
3.173
0.883
1.271
2.223
0.276
3.999
2.952
2.148
3.123
0.245
0.042
0.984
0.536
3.242
1.733
0.702
2.051
0.915
1.654
0.857
0.601
0.483
1.108
0.783
2.690
2.610
3.177
1.390
3.929
1.160
1.717
2.615
2.175
1.476
0.221
0.136
0.983
1.769
2.526
1.636
2.665
0.903
0.519
0.753
3.000
1.808
3.277
1.755
2.457
0.693
3.489
0.079
1.777
0.399
0.538
1.038
0.877
1.482
3.283
1.336
1.224
2.971
3.378
1.462
3.201
2.287
1.844
1.599
3.467
0.404
3.687
3.386
0.872
2.096
3.482
2.673
1.256
0.023
1.141
2.368
3.284
1.358
3.495
3.516
1.439
0.829
3.847
2.978
2.403
0.299
0.331
1.350
1.283
2.356
2.665
1.244
0.469
3.928
1.831
1.597
0.394
1.548
2.234
0.366
0.074
0.633
1.044
1.792
0.005
1.055
0.724
1.355
0.861
2.261
2.155
3.599
2.404
1.320
3.303
3.216
0.113
2.569
2.018
0.076
0.258
1.858
3.371
0.336
3.508
3.935
1.821
2.340
2.607
2.128
2.541
1.698
1.290
3.225
0.407
2.751
1.285
1.363
1.418
1.582
2.138
0.696
1.748
0.780
2.544
1.777
2.151
0.377
1.979
0.841
2.096
2.678
1.637
0.516
0.817
3.152
2.037
3.057
3.339
3.113
3.133
0.760
0.619
0.629
3.354
1.022
0.052
1.885
2.724
1.355
1.927
2.191
2.071
2.685
0.782
1.887
3.291
1.382
2.182
3.572
2.729
3.747
1.073
3.436
3.000
1.025
3.670
0.867
3.845
0.536
2.742
3.123
2.186
1.163
0.182
3.505
3.044
1.146
2.930
2.317
0.793
1.051
2.584
3.821
2.003
2.764
1.445
3.467
3.140
2.494
0.304
1.873
0.477
0.036
3.894
1.341
3.773
1.892
0.757
1.139
1.669
2.395
3.154
1.345
1.169
0.567
1.717
3.741
0.214
3.228
2.657
2.059
3.062
0.741
0.663
2.831
1.034
0.766
2.036
0.137
0.157
3.566
2.099
2.783
2.347
3.604
2.639
0.699
1.984
2.604
0.881
2.832
1.073
2.726
3.414
1.371
1.682
3.125
0.550
0.795
3.920
0.943
2.698
3.108
1.455
2.643
2.702
2.520
0.411
3.610
2.417
1.927
3.476
1.053
0.399
3.710
3.110
3.536
0.212
0.721
0.013
1.781
1.639
3.741
1.327
1.969
0.014
1.259
1.524
2.322
1.907
0.142
3.552
0.543
0.568
1.541
2.497
1.571
1.814
1.357
0.897
0.079
2.445
0.633
1.808
0.322
2.847
0.438
0.805
3.137
3.033
2.129
3.349
0.339
3.241
1.310
1.284
2.201
2.039
0.379
3.693
0.383
0.988
2.246
0.957
0.396
1.016
2.620
2.577
0.585
0.003
2.196
1.158
0.616
1.421
1.160
0.945
3.561
0.462
0.602
1.372
3.970
2.728
2.746
0.341
1.652
3.318
2.359
2.265
3.421
3.113
3.259
2.398
0.688
0.027
0.531
3.575
3.516
2.219
0.881
0.195
3.660
3.488
2.501
1.135
2.097
2.524
1.873
2.259
2.692
1.212
2.160
0.281
2.888
2.822
2.098
2.956
0.708
0.749
1.804
3.929
0.834
2.334
0.436
2.054
1.178
2.364
0.355
2.564
3.104
