15140
3.693
0.716
3.718
3.239
2.776
1.055
0.744
2.984
0.298
0.960
3.243
3.201
1.902
0.547
3.500
1.610
2.249
0.452
1.613
1.104
1.359
2.193
2.900
2.944
3.595
1.914
0.544
3.765
0.773
3.329
3.941
3.158
1.875
3.835
0.761
1.743
2.933
2.978
0.390
0.013
3.886
0.891
2.193
3.642
2.538
3.763
3.983
1.503
1.240
2.080
2.057
0.386
1.503
3.105
2.399
3.155
3.475
1.949
2.849
1.083
3.071
1.588
2.522
0.129
1.493
1.317
3.252
3.141
2.014
1.377
0.501
1.258
3.082
2.868
1.983
0.262
1.174
0.588
1.131
1.156
3.296
0.021
1.590
0.964
1.616
2.506
2.075
3.560
1.451
2.457
0.215
3.262
2.663
3.521
3.421
2.015
1.508
2.699
0.338
0.156
1.066
0.693
0.119
1.077
1.605
1.132
0.528
3.568
3.590
0.829
3.795
2.139
3.506
3.854
1.195
3.362
0.270
1.957
1.452
3.054
1.733
0.755
0.384
3.089
2.606
3.104
3.600
1.669
1.142
0.205
0.604
3.102
3.967
3.243
3.301
2.427
0.719
1.744
0.724
2.682
0.463
3.328
0.662
2.174
2.348
1.177
3.946
1.804
3.555
2.287
0.289
0.304
0.322
3.441
1.863
0.202
0.663
2.870
2.212
3.393
0.377
3.659
3.631
0.359
1.052
0.251
3.804
3.458
1.981
1.752
0.267
2.065
1.240
3.255
3.205
1.982
2.686
1.019
3.076
1.192
1.208
3.123
3.766
0.842
0.271
2.051
0.238
2.318
3.685
1.693
0.033
2.289
1.463
0.395
0.570
3.844
1.745
3.884
2.781
1.112
2.997
1.345
2.466
3.241
1.017
0.384
1.619
1.133
3.783
2.247
3.041
3.075
3.747
3.433
0.682
1.169
3.930
1.717
3.493
3.448
2.988
3.574
3.913
0.607
3.421
0.169
3.700
3.482
0.186
0.290
3.471
3.720
2.178
1.017
0.058
3.517
0.426
0.388
1.766
2.891
0.295
2.978
1.588
0.627
0.592
3.053
2.640
1.848
2.206
2.834
0.327
3.126
2.732
3.425
0.209
1.087
1.548
1.063
1.003
2.685
1.861
3.629
2.890
0.601
0.489
3.725
0.029
3.709
2.502
1.117
3.112
0.063
2.282
2.993
0.823
2.611
3.202
1.227
0.241
1.601
0.814
3.713
1.467
2.628
1.302
1.855
1.234
1.315
3.918
0.403
3.723
2.816
3.230
3.113
0.525
0.658
0.210
2.051
1.429
0.861
2.572
3.883
1.672
1.846
0.210
3.138
3.274
2.360
1.196
0.141
0.278
0.411
3.533
0.246
1.986
2.199
1.685
0.954
0.691
1.062
0.889
2.663
2.938
0.668
0.357
3.037
0.020
3.977
0.682
2.360
2.185
1.970
3.129
1.752
1.952
1.676
2.954
1.742
0.957
3.747
3.489
1.458
3.923
3.617
0.458
2.563
0.622
3.269
2.848
1.081
2.122
2.639
3.604
0.379
3.123
2.934
2.538
3.814
3.873
2.422
3.066
1.962
2.921
2.708
1.710
0.822
1.887
2.075
0.803
0.026
1.447
0.153
0.416
3.853
1.920
3.010
1.255
0.693
0.089
3.682
0.121
2.647
0.342
0.240
3.497
0.058
0.717
1.682
2.930
0.015
1.124
1.238
0.098
3.273
3.774
3.146
3.779
2.511
2.784
0.496
1.462
0.510
2.942
2.447
2.863
1.550
2.780
2.934
1.415
3.226
0.400
1.914
2.570
0.898
3.885
2.292
0.797
1.086
3.691
2.824
2.182
3.400
0.049
1.642
2.836
0.970
2.209
0.472
0.603
2.842
0.265
0.175
3.058
2.425
2.326
3.955
2.397
3.852
1.966
3.383
1.506
0.971
1.178
2.301
3.382
1.705
2.446
2.801
2.030
3.641
0.114
3.591
1.058
2.951
1.848
0.428
0.423
2.159
3.836
2.721
0.130
0.729
0.207
1.976
0.144
2.123
0.241
2.433
0.391
3.682
0.088
0.095
3.429
3.616
0.973
1.254
3.238
2.347
3.319
1.701
2.527
1.603
3.715
3.005
2.074
1.915
3.340
2.556
0.833
3.527
2.228
3.492
2.871
3.262
3.682
1.240
2.701
2.489
3.151
3.037
2.157
3.118
2.095
1.656
3.674
1.392
1.583
2.490
2.698
1.293
0.840
2.201
1.920
0.463
0.458
1.354
0.121
3.832
0.651
2.757
0.631
1.511
3.735
1.671
2.777
3.988
0.900
1.632
0.144
3.347
2.408
2.301
0.074
3.921
1.466
3.591
3.567
3.728
1.365
1.248
3.573
0.994
2.830
1.133
0.656
0.232
0.100
0.661
2.096
3.572
1.909
0.129
3.721
3.447
1.299
2.157
1.118
2.203
2.152
1.987
2.324
0.873
2.317
1.106
1.715
3.078
1.399
3.468
0.531
2.912
1.554
1.515
3.312
3.661
2.032
0.300
1.493
3.354
0.763
2.157
3.530
3.373
0.932
1.732
1.107
3.743
1.278
1.583
1.363
3.234
1.748
0.162
1.533
0.008
1.206
2.655
2.976
1.336
1.005
0.989
0.336
2.755
1.580
2.249
2.373
0.054
0.560
2.822
0.008
3.615
2.497
0.757
2.219
1.870
3.922
3.186
3.639
1.028
3.252
3.035
1.057
3.720
2.961
1.878
3.507
3.860
1.490
3.441
2.208
0.732
2.500
3.094
2.354
0.248
3.381
0.600
0.608
3.268
3.331
2.485
0.099
0.053
1.848
0.530
0.851
0.139
1.155
2.273
3.774
0.317
0.848
3.781
0.701
1.906
3.967
2.573
3.434
0.122
0.738
1.227
3.344
3.134
3.393
2.054
1.813
0.223
0.725
0.133
2.637
3.515
0.514
2.089
2.489
3.867
3.424
3.171
2.634
0.723
3.673
1.530
2.324
0.175
3.552
3.991
1.631
0.919
0.786
2.246
2.949
0.479
3.741
0.010
0.026
1.773
1.680
2.571
1.050
3.012
1.520
0.051
0.232
3.912
2.968
0.795
2.232
2.329
0.464
1.477
3.928
3.675
0.974
3.847
0.217
0.868
3.526
0.457
0.897
1.061
3.225
1.306
0.149
1.018
3.572
0.002
0.737
1.778
2.036
1.875
1.768
1.109
3.135
1.417
3.691
1.265
2.684
2.472
3.214
3.694
0.397
1.817
3.871
3.585
3.706
1.070
3.241
1.531
3.424
1.320
3.142
1.088
3.820
1.421
0.587
3.638
3.663
0.596
2.930
1.714
3.005
2.823
2.284
0.829
0.717
2.379
2.221
3.852
2.226
1.047
1.660
3.109
3.419
3.602
3.010
3.625
3.356
3.589
3.809
2.325
1.212
1.789
1.479
0.499
3.775
3.362
1.284
2.461
0.861
0.345
0.152
0.114
1.189
3.993
3.790
0.969
0.502
2.390
1.312
2.213
1.173
2.850
2.635
1.523
2.049
3.766
2.929
2.574
0.943
2.946
3.703
3.597
3.979
0.865
3.374
2.819
3.903
1.854
3.725
3.243
1.502
1.928
2.180
3.015
0.447
2.786
1.601
0.466
2.137
3.432
1.123
0.932
3.559
1.962
1.548
1.599
1.703
2.229
2.878
2.860
0.709
3.425
1.834
2.042
2.757
3.066
1.520
3.886
0.571
1.423
3.870
3.780
2.473
2.127
0.144
0.496
2.078
3.520
1.412
3.062
1.993
0.236
3.854
3.420
2.319
0.565
2.659
0.624
2.257
0.378
1.399
3.595
0.809
2.654
2.996
3.860
0.337
1.147
1.719
1.135
2.639
1.242
3.155
3.325
1.280
2.797
0.659
0.207
0.015
2.533
0.551
2.957
1.484
3.510
2.128
1.707
0.723
2.287
2.580
0.415
0.613
0.532
2.963
2.606
1.006
1.201
3.616
2.919
0.083
3.821
3.762
3.882
1.401
0.982
0.494
0.992
3.114
2.844
0.954
1.911
1.021
2.272
2.234
3.476
0.380
0.157
0.371
3.219
2.823
2.550
2.781
2.235
2.268
2.421
1.589
3.472
3.357
1.171
2.510
3.914
3.752
0.487
3.303
0.612
1.527
3.655
1.286
3.168
0.917
3.190
0.998
1.015
1.874
2.399
2.817
0.725
3.129
2.499
1.188
2.570
0.895
3.921
3.090
2.700
1.878
0.656
1.480
3.562
1.909
1.806
0.639
2.528
2.309
2.946
2.744
3.263
1.005
3.466
3.419
3.925
0.451
0.750
0.635
1.106
3.562
3.884
0.052
0.253
2.166
2.501
0.744
2.341
3.874
0.454
0.203
2.690
0.825
3.200
2.648
3.065
1.389
0.079
1.857
2.591
3.741
0.131
3.108
0.509
0.083
2.658
0.270
2.428
2.361
3.407
1.703
3.486
2.473
2.106
2.338
2.710
2.235
2.991
1.143
2.873
2.803
3.043
3.182
1.258
1.783
2.845
3.545
3.030
0.895
0.296
2.674
2.239
1.878
1.824
0.923
0.049
3.207
1.360
0.712
1.347
1.243
1.977
3.174
1.708
2.588
0.946
2.979
2.511
1.703
1.886
3.807
1.042
1.270
1.764
1.962
2.541
0.287
1.680
0.692
0.398
2.588
0.690
3.000
1.079
2.204
3.380
2.099
3.887
1.966
0.437
2.119
2.264
1.710
3.191
1.276
1.112
0.670
3.888
3.434
3.493
2.880
1.410
3.851
2.055
2.849
1.231
0.856
3.672
1.296
0.567
1.306
0.039
1.381
1.022
1.906
0.344
0.679
3.450
0.804
0.625
3.032
1.333
0.368
2.087
3.459
3.660
2.623
3.355
0.457
2.117
1.572
3.574
3.328
2.324
1.468
0.226
3.546
0.934
1.055
3.685
0.762
1.611
0.931
3.786
3.636
3.174
2.375
0.054
3.551
2.706
3.348
2.739
1.102
2.924
0.841
2.457
3.337
0.853
2.344
3.954
3.855
3.616
0.929
0.419
0.184
3.139
2.304
0.767
1.235
0.595
0.136
1.431
0.192
3.636
2.065
0.471
2.848
0.752
1.056
1.180
0.174
3.559
1.059
0.871
0.839
3.363
2.434
0.162
2.407
1.065
3.213
2.815
3.125
3.261
0.957
2.093
3.475
0.347
2.839
2.571
2.101
2.508
0.562
2.486
2.222
2.654
1.790
0.958
0.344
1.680
3.020
0.799
0.827
2.885
0.162
3.111
3.812
2.925
2.556
2.542
2.016
0.394
3.780
3.771
2.078
1.922
0.281
2.726
2.433
1.639
0.762
1.996
0.084
2.893
3.190
3.058
3.176
1.339
0.402
2.183
2.967
3.798
1.510
0.258
3.524
1.748
0.657
3.283
0.441
3.861
3.136
3.903
0.859
2.710
3.493
3.116
2.265
2.561
0.952
3.172
0.812
0.132
2.355
1.653
1.317
0.243
1.772
2.903
2.638
3.503
3.037
0.182
1.774
3.463
2.698
2.333
1.838
0.119
0.202
2.231
2.933
3.239
1.626
2.926
1.047
2.631
0.833
3.141
2.171
3.327
1.702
0.667
1.205
1.584
2.870
0.189
1.570
0.665
2.461
3.230
2.013
1.563
2.303
0.134
3.724
1.140
3.438
1.387
1.710
0.603
2.987
2.101
3.230
2.798
3.003
1.077
3.174
1.494
0.442
2.669
1.401
3.654
0.195
3.494
2.359
0.625
3.907
3.072
0.690
0.238
0.310
1.614
0.098
1.017
1.908
3.389
0.368
0.008
2.019
2.535
3.273
1.160
1.616
1.630
3.945
3.789
0.777
2.018
2.381
0.325
1.250
0.589
1.876
3.362
0.286
2.636
1.493
1.976
3.791
2.379
2.043
0.351
0.785
3.906
1.646
1.916
1.285
3.510
1.544
1.550
1.923
1.797
3.662
0.825
3.984
0.429
2.306
2.828
2.991
0.015
1.424
1.818
1.604
0.393
2.024
2.749
0.269
0.445
1.613
2.670
0.957
1.578
0.953
0.057
2.259
1.142
2.934
1.336
1.228
3.302
2.066
2.157
0.572
3.266
0.834
2.436
1.156
0.270
3.097
0.742
3.227
1.352
0.743
1.303
1.399
3.710
3.969
3.695
2.134
0.294
3.832
3.276
2.324
1.313
2.148
1.418
3.523
3.453
2.328
0.853
2.515
0.851
1.418
2.720
3.088
1.264
2.383
0.351
0.250
3.367
0.597
0.416
0.610
2.736
1.521
2.716
1.205
0.840
1.723
3.755
1.822
1.241
0.679
0.125
0.673
2.193
2.198
3.853
0.286
2.977
3.849
3.013
1.542
0.556
0.439
3.233
1.043
3.501
3.356
1.176
2.309
3.668
1.528
1.639
0.810
2.712
1.760
3.581
2.398
2.293
2.380
3.258
0.477
1.690
2.423
2.527
1.032
0.571
0.957
3.487
2.680
1.768
1.742
0.805
2.945
1.170
3.024
2.385
0.215
3.238
1.072
1.484
1.186
3.131
0.988
0.956
2.047
2.070
1.338
0.973
0.286
3.319
0.306
1.406
0.699
0.049
0.386
2.998
0.048
1.337
2.005
1.496
1.767
0.705
2.040
0.136
1.236
0.827
2.808
2.163
1.343
0.446
2.934
2.538
3.419
1.020
3.398
0.514
2.097
1.257
0.084
2.495
2.239
1.449
0.329
1.368
3.801
0.391
3.258
0.480
2.369
3.696
2.090
1.457
1.036
1.405
1.131
3.299
3.427
3.084
2.859
1.446
1.876
3.965
3.250
2.014
1.111
0.180
0.443
1.907
2.293
2.787
0.838
2.253
2.820
3.023
1.930
0.384
0.061
3.115
2.419
0.564
2.024
3.957
1.567
3.694
0.913
1.130
1.323
1.451
0.663
3.954
0.371
2.605
2.733
2.667
1.048
2.725
1.811
2.329
2.009
1.026
0.530
2.648
1.519
1.822
3.910
2.734
0.439
0.855
3.976
0.605
2.247
0.716
0.801
3.317
3.841
0.628
0.264
0.699
3.415
0.084
0.845
3.937
0.355
3.100
0.053
1.614
2.889
2.344
3.390
0.339
0.131
3.907
1.267
2.717
0.194
0.225
3.842
0.154
1.220
2.447
2.515
1.890
3.442
0.494
3.624
0.646
3.811
1.122
2.895
1.399
0.258
1.494
2.267
1.065
2.329
0.075
1.950
3.217
2.689
0.123
1.921
3.525
1.930
3.577
2.535
0.168
1.142
0.903
3.525
1.276
2.869
3.185
0.375
2.305
3.339
0.776
2.934
2.272
1.304
3.829
1.061
2.893
3.325
0.258
0.238
0.925
0.012
3.961
2.267
1.400
2.531
0.618
0.557
3.927
3.554
1.905
3.939
1.881
1.921
3.688
1.575
1.045
1.399
1.552
2.234
2.152
1.224
3.978
0.068
0.770
3.527
3.543
3.967
2.131
2.275
3.706
2.712
3.704
2.012
1.068
3.330
0.756
2.482
2.413
3.414
3.595
1.122
0.444
3.660
3.853
1.434
1.775
2.444
2.897
3.436
3.587
0.005
2.356
0.650
3.281
3.637
2.739
0.497
2.541
3.271
1.259
1.521
1.393
2.922
0.219
1.519
1.186
3.701
0.711
3.414
3.840
2.443
2.879
2.665
0.283
0.460
3.610
0.995
3.695
1.549
3.289
0.409
2.981
1.088
1.131
0.759
0.851
0.905
1.596
1.491
2.936
3.592
0.535
1.797
3.569
1.002
0.953
2.998
2.183
2.934
0.680
2.813
1.705
1.315
1.707
1.067
2.895
0.688
1.614
2.398
0.288
3.401
1.240
3.741
2.176
1.626
3.637
0.589
3.062
2.169
3.355
0.485
0.022
2.008
0.229
2.723
0.656
2.620
2.092
1.878
3.601
3.325
2.231
3.602
3.006
0.297
1.874
0.003
3.983
2.281
3.674
2.980
0.676
0.733
0.861
1.040
2.463
0.761
0.639
0.398
0.718
2.135
1.414
2.592
0.621
0.567
3.541
2.370
3.720
2.606
0.559
1.246
1.253
0.672
0.244
3.952
1.660
2.132
2.330
0.886
0.326
3.771
0.360
3.690
1.234
2.629
2.893
1.292
3.080
3.883
0.169
3.977
2.279
2.302
0.342
3.509
2.433
3.785
0.512
1.830
1.941
1.582
2.047
1.533
2.824
0.023
3.068
0.104
0.224
2.916
3.458
2.806
1.630
2.284
3.406
2.154
3.567
3.654
1.243
1.051
1.305
2.886
0.187
1.969
0.079
2.334
0.661
1.954
2.382
1.151
0.925
2.780
1.086
3.589
2.058
3.215
0.465
0.431
1.688
2.180
0.616
3.979
0.366
3.471
3.373
0.549
3.128
2.742
1.475
1.983
0.516
3.632
1.562
1.423
2.239
0.181
1.552
0.447
0.635
1.110
1.963
2.634
0.227
2.050
2.985
2.717
3.935
2.492
0.392
0.712
3.876
3.003
3.840
0.764
1.168
1.148
0.657
2.901
2.826
3.634
0.933
2.529
2.552
3.299
1.512
1.159
2.119
0.905
1.453
2.779
3.051
3.064
1.593
3.183
2.429
3.186
2.001
2.732
1.900
3.992
1.486
2.196
1.361
3.911
2.708
0.703
2.272
1.605
3.049
0.281
2.203
0.885
1.061
1.069
1.963
2.461
3.151
1.027
1.526
1.232
3.082
1.779
3.006
0.250
3.954
0.235
0.023
1.020
2.503
1.708
1.086
2.452
2.886
0.477
1.981
1.577
3.563
2.102
0.661
2.054
2.433
0.244
1.767
1.497
0.094
1.380
2.663
1.860
0.911
1.475
0.728
0.367
0.505
3.575
0.693
3.892
2.345
0.215
2.889
3.238
1.337
1.655
2.575
1.416
0.591
2.176
2.848
3.822
1.001
2.011
3.183
0.090
1.858
1.962
0.247
1.477
2.359
1.362
3.409
3.764
2.758
1.730
0.221
3.951
1.777
0.363
3.185
1.443
2.025
2.042
0.207
0.938
3.303
3.147
1.431
0.924
1.054
2.687
0.506
2.431
1.594
1.110
0.834
3.632
1.384
0.228
1.000
0.910
2.246
0.170
0.333
0.157
0.283
2.044
3.389
1.371
1.168
3.777
3.221
3.025
2.566
1.631
3.363
0.207
1.624
0.950
1.737
2.204
3.783
0.933
2.093
2.973
0.611
1.588
0.041
1.869
0.929
2.457
3.422
0.024
1.180
2.340
2.476
1.933
3.809
2.950
0.161
0.079
0.379
3.276
2.991
0.875
1.197
1.401
1.865
2.681
3.420
0.653
0.628
1.362
0.937
3.123
1.497
3.613
3.743
2.016
2.952
1.194
0.120
2.694
3.359
0.255
1.593
2.920
0.327
1.084
2.480
1.520
3.677
0.909
2.771
1.516
2.920
1.782
1.151
0.775
0.249
3.111
0.180
0.296
1.329
0.074
1.923
3.501
0.523
2.933
1.826
1.232
0.716
2.154
3.136
0.617
2.514
2.312
1.900
1.600
3.354
1.894
1.366
0.611
3.945
2.394
0.584
2.735
3.454
0.532
1.018
3.685
3.991
3.933
3.234
1.000
3.187
1.281
2.995
2.105
3.046
0.746
2.561
3.215
3.773
1.383
0.561
1.538
2.864
1.249
0.466
1.837
2.543
1.130
3.555
3.127
2.499
2.080
3.162
2.126
3.845
2.346
1.086
3.075
2.417
2.832
0.230
2.593
0.708
1.873
1.851
3.516
2.177
3.910
3.240
2.970
1.136
2.551
0.226
1.412
2.061
2.525
0.586
2.990
1.931
1.233
1.254
3.266
0.063
2.844
2.174
0.222
1.938
2.325
2.692
2.409
0.612
1.310
0.600
0.242
3.593
2.387
1.231
0.615
0.418
1.149
0.463
1.399
0.674
0.298
3.060
0.834
1.850
3.074
0.450
1.440
3.139
0.507
3.885
2.781
1.212
0.210
1.836
2.267
2.953
1.887
0.569
2.168
0.331
2.251
2.038
2.080
1.772
1.696
1.514
3.337
2.827
2.868
0.869
1.187
2.404
1.181
3.939
0.050
1.474
1.371
0.123
0.730
2.914
0.316
3.184
0.227
0.025
2.665
2.135
2.605
1.271
2.212
0.196
3.362
1.908
0.487
1.969
3.838
3.437
0.701
2.317
0.422
3.175
1.966
0.852
3.678
0.771
1.615
1.529
2.957
0.088
0.499
1.511
2.683
3.654
1.270
3.297
1.218
2.753
0.978
3.054
2.050
3.221
2.683
0.142
0.027
3.171
2.366
2.026
0.467
2.081
3.021
1.090
2.173
3.106
3.657
3.284
2.753
3.933
2.811
1.138
2.107
0.166
0.213
1.337
3.540
0.955
0.421
3.879
1.684
3.476
2.512
1.789
2.269
2.865
0.327
3.414
0.731
3.344
2.318
1.517
2.775
0.532
0.685
0.716
0.207
0.300
0.285
3.242
3.710
2.049
2.720
2.563
0.712
3.913
2.007
1.116
3.081
0.136
1.448
0.191
0.118
0.763
2.543
2.975
1.161
2.779
2.254
1.808
3.080
3.964
0.421
3.903
3.051
3.986
0.824
2.110
0.209
1.630
3.139
2.728
3.144
0.562
0.973
0.935
3.648
2.675
3.185
2.122
2.761
1.779
1.857
0.199
2.835
3.332
0.579
1.911
1.235
3.844
3.101
1.254
1.222
2.788
0.966
0.266
1.696
2.046
1.363
1.812
3.689
1.324
3.270
2.390
1.822
2.486
0.826
0.568
1.456
3.347
3.920
1.364
0.833
0.265
1.164
2.668
2.227
0.710
1.669
0.777
2.990
0.027
3.476
0.163
2.345
0.705
0.027
1.786
2.850
3.752
3.710
2.589
2.730
0.126
1.309
2.247
2.567
3.689
0.094
1.809
3.352
3.789
3.325
0.561
0.483
3.305
2.092
0.265
0.010
2.896
2.727
1.862
3.292
2.168
1.392
0.778
0.189
1.643
2.024
1.211
3.023
1.622
2.450
1.030
3.749
1.452
2.280
3.413
1.134
1.178
3.102
0.882
3.225
1.226
0.520
0.108
2.953
0.480
0.762
3.653
3.487
1.016
3.846
1.782
2.753
2.765
0.716
1.518
1.544
1.482
1.292
3.331
0.723
0.683
0.035
0.146
0.245
0.554
3.422
2.814
2.090
2.387
1.618
2.738
2.642
1.670
0.695
2.055
1.672
0.772
1.880
2.588
2.793
0.989
0.611
2.707
2.113
1.759
0.605
2.327
1.758
1.965
0.644
0.447
3.083
0.507
2.476
2.965
2.556
2.682
2.998
0.918
3.691
3.461
0.798
2.902
2.856
2.322
2.180
2.078
1.386
3.103
2.932
0.020
1.158
2.182
1.419
0.582
3.616
1.318
1.950
3.022
1.237
1.605
2.941
0.850
1.494
2.247
0.033
3.131
0.612
2.237
2.118
2.451
3.762
0.538
2.130
2.320
1.804
2.984
0.509
2.448
2.287
3.866
3.378
3.188
2.151
1.073
1.797
2.347
1.388
1.624
2.818
2.642
2.952
3.596
3.657
2.290
0.231
0.672
0.910
0.503
3.690
2.937
3.553
2.125
2.578
2.040
3.370
3.208
0.115
2.470
1.486
2.009
1.141
1.464
2.837
3.719
1.943
3.910
3.713
0.164
0.821
1.657
2.891
3.791
2.941
0.724
0.445
2.445
2.083
1.202
1.941
1.750
1.166
2.978
3.549
3.358
2.739
1.952
3.487
1.900
0.114
0.018
3.254
3.148
1.416
1.842
0.282
2.724
2.555
0.374
3.896
2.636
2.946
0.982
0.911
1.993
1.815
1.279
3.704
2.403
2.979
1.942
0.287
1.950
0.270
1.188
0.648
1.994
2.054
2.113
0.602
2.693
1.822
1.694
3.360
3.768
0.412
1.025
2.233
0.897
2.114
2.234
3.154
3.034
1.815
2.530
1.115
0.031
1.258
3.961
0.145
3.126
3.623
0.719
2.122
3.189
0.840
0.193
1.500
3.033
3.412
3.495
2.934
0.695
3.965
3.811
2.821
2.258
1.391
0.652
3.944
1.614
2.108
3.011
0.685
0.515
2.879
0.387
0.686
3.302
1.537
1.793
1.357
2.925
2.116
3.118
0.329
2.155
3.076
2.575
3.683
2.346
1.670
2.494
0.736
1.678
1.975
1.330
3.190
3.471
2.703
0.509
3.598
3.027
3.637
2.638
1.399
2.345
2.367
0.580
2.183
0.161
3.999
3.031
1.374
3.937
3.591
3.511
1.191
2.740
0.293
0.031
3.517
1.403
3.526
0.212
3.238
2.918
2.991
1.277
0.624
1.694
3.919
0.067
1.498
3.166
0.670
1.119
0.231
3.127
3.667
2.857
2.994
3.270
2.581
1.072
3.243
3.591
2.837
3.102
0.077
1.634
0.676
3.537
0.880
2.993
0.400
0.741
0.591
3.047
1.872
1.151
0.950
0.618
0.955
1.018
0.257
2.032
2.297
1.187
3.459
1.018
2.700
3.477
1.768
3.944
0.310
1.367
2.587
3.085
3.931
0.953
2.140
2.926
2.034
2.502
1.029
3.946
2.313
2.453
2.806
0.901
2.190
0.332
3.729
2.316
2.205
2.806
1.990
0.699
3.982
3.971
3.018
2.952
2.305
2.993
1.862
3.499
2.807
1.330
0.174
0.858
0.866
2.025
0.007
1.699
3.551
0.935
1.410
0.859
0.762
2.278
3.695
3.366
2.242
0.494
3.327
1.210
1.668
3.165
2.505
1.408
3.821
1.647
3.822
2.868
3.614
3.037
3.780
1.603
0.794
3.248
3.481
3.061
3.180
2.210
0.466
0.627
2.545
2.599
3.478
0.814
0.608
0.998
1.815
2.226
2.050
3.015
2.977
3.049
1.078
3.656
2.496
0.669
3.790
3.108
0.072
0.925
2.429
0.108
2.615
1.619
1.596
0.190
1.265
3.033
2.583
2.367
0.163
3.576
0.217
1.177
1.514
1.106
0.945
1.523
2.404
0.011
3.366
3.384
1.848
0.879
1.031
0.196
3.732
3.352
0.005
0.615
0.580
3.732
2.607
0.352
2.490
0.956
1.642
2.920
3.124
1.768
0.589
3.360
2.289
2.201
0.409
3.426
0.439
1.961
0.983
0.182
0.332
0.844
2.677
2.615
3.110
0.013
1.115
2.600
2.252
1.792
1.971
1.462
3.082
1.563
2.434
3.353
0.001
2.414
3.975
3.805
0.067
1.394
1.145
2.088
2.277
3.539
1.356
1.343
2.633
0.261
2.930
3.008
0.030
2.290
1.204
3.656
3.002
0.009
1.039
3.112
2.552
3.883
0.840
0.638
1.555
2.589
2.007
2.912
0.655
2.533
0.751
1.725
2.078
3.641
0.255
0.523
2.485
2.612
0.436
1.320
3.749
0.267
3.865
3.021
0.444
0.203
3.914
0.798
0.896
1.640
2.765
1.943
0.778
2.175
2.660
2.481
2.533
0.092
3.609
0.837
0.318
0.942
0.744
3.985
0.685
1.318
0.615
3.746
3.896
0.025
3.933
2.310
1.529
1.340
0.622
2.513
0.966
2.572
3.517
2.086
2.366
2.866
1.628
1.802
0.921
3.973
2.634
3.344
2.423
0.691
1.091
1.728
3.646
2.705
1.853
1.222
0.524
2.780
3.239
2.981
2.804
0.558
1.782
2.980
1.626
2.664
3.665
0.334
0.381
0.373
1.473
0.729
3.253
3.807
2.476
3.435
0.002
2.434
0.370
3.253
1.823
1.568
2.253
0.759
3.538
1.668
0.600
3.320
3.907
1.405
0.086
3.630
0.508
0.769
3.329
1.878
0.413
0.970
3.969
0.180
0.808
3.409
1.995
3.511
2.730
0.718
0.792
2.158
2.269
0.666
0.139
2.565
0.837
0.683
0.215
0.464
1.568
0.809
2.639
0.315
0.387
2.066
3.695
2.307
2.000
1.590
2.081
2.588
0.803
1.258
0.900
3.872
0.639
1.168
3.054
0.200
1.374
0.957
0.822
1.395
2.385
0.822
0.124
3.631
3.392
0.005
1.806
0.526
1.432
1.582
2.260
0.309
1.327
0.603
1.805
0.877
3.663
1.922
1.461
3.893
1.066
0.519
3.091
1.647
0.484
0.661
0.381
1.957
0.224
2.962
2.709
3.209
1.620
2.205
2.678
1.458
2.555
1.729
0.935
0.555
3.388
2.270
2.887
0.378
3.464
0.294
0.994
1.486
1.955
1.239
1.565
2.935
0.644
0.459
2.322
3.439
2.109
1.277
0.473
0.750
0.854
1.223
2.620
3.840
1.046
0.356
1.574
3.362
2.847
1.501
0.972
3.882
3.696
1.327
2.589
2.481
1.474
1.331
3.298
2.603
3.105
3.178
2.909
3.374
2.968
1.218
0.401
3.167
0.379
2.623
2.596
1.761
2.437
0.252
1.872
2.240
3.721
3.159
2.263
1.636
3.562
2.640
2.131
2.336
3.061
1.729
0.580
2.376
1.542
3.291
3.849
0.045
1.801
0.143
3.191
0.548
3.276
0.098
1.039
0.019
0.199
1.382
1.788
0.797
3.813
1.557
1.065
1.606
1.889
3.937
3.126
3.206
3.085
3.360
1.843
2.033
0.074
0.323
0.724
3.522
3.929
0.609
1.497
1.025
0.887
2.899
3.038
3.636
1.423
3.284
2.733
0.738
2.455
1.149
0.865
2.699
2.551
3.617
3.208
3.919
1.164
3.547
1.728
0.291
0.201
0.994
0.139
2.163
1.652
2.169
0.038
3.997
2.532
3.048
2.441
3.174
0.049
3.172
0.766
2.813
3.708
2.564
0.642
2.904
2.958
3.287
3.421
0.756
3.021
2.852
1.848
1.475
1.725
1.480
2.071
2.064
0.420
1.217
2.026
2.771
2.483
3.894
2.197
0.400
1.458
1.177
0.861
2.587
1.507
1.242
0.129
1.417
1.681
1.052
1.467
3.223
0.382
2.774
3.838
1.110
1.458
3.594
2.203
1.423
0.510
3.960
2.850
3.315
3.288
0.267
0.868
1.545
1.464
2.035
0.039
0.769
0.586
0.838
0.542
2.852
0.710
2.549
3.074
1.101
3.962
3.915
3.330
2.811
1.206
1.045
2.284
0.169
0.026
1.065
3.284
3.299
2.400
1.037
2.704
2.105
2.707
0.167
2.765
3.599
3.143
2.391
3.064
2.486
2.134
2.624
1.506
1.086
2.024
3.281
3.497
0.002
1.063
2.091
0.652
1.479
1.658
3.846
0.721
3.019
1.889
1.346
1.031
1.561
0.418
0.690
2.474
2.432
0.248
0.951
3.930
0.261
0.160
2.364
1.945
3.192
2.227
2.347
3.641
2.973
3.425
0.979
1.995
3.893
3.194
1.015
2.034
1.016
2.653
0.078
3.906
2.829
3.273
2.349
0.435
1.126
0.916
3.921
0.452
1.887
3.469
1.885
1.070
0.856
0.693
2.316
2.027
0.688
3.461
0.514
3.327
2.794
2.190
2.132
1.621
2.348
3.090
2.338
1.133
1.479
1.738
1.645
1.397
1.265
2.538
3.793
0.675
1.902
1.769
0.855
0.639
0.318
1.231
3.687
2.763
1.491
0.891
1.908
1.830
1.858
0.471
0.796
3.069
0.469
1.586
2.773
0.636
1.902
3.819
2.652
0.543
2.474
2.029
0.303
2.556
1.902
2.236
2.171
1.239
0.325
3.562
3.833
1.997
1.485
0.016
3.753
1.838
2.841
2.324
1.453
0.558
0.567
2.499
1.505
2.122
3.586
2.567
2.081
2.267
0.210
3.604
1.214
0.674
1.441
2.157
1.508
0.552
0.626
0.187
2.731
1.057
3.896
1.787
1.519
0.703
3.726
1.243
0.381
0.755
0.936
2.419
0.259
2.599
0.580
0.956
0.064
0.125
2.439
0.461
0.973
1.455
1.205
1.637
0.665
1.629
0.943
3.206
3.261
1.367
1.055
1.538
0.440
2.630
2.711
0.031
1.985
1.402
3.613
3.580
1.989
1.982
2.942
1.902
3.982
3.028
3.466
1.992
2.480
1.722
2.062
2.662
1.707
0.614
3.263
0.895
0.757
2.086
0.948
0.655
3.959
1.798
2.941
3.833
1.963
1.156
2.001
0.169
0.822
1.466
0.615
2.267
1.339
3.374
3.949
1.242
0.972
2.116
1.513
0.061
1.818
2.198
3.267
3.323
0.476
2.383
0.359
3.959
1.070
3.172
0.114
1.322
3.239
0.464
3.582
3.078
0.632
2.665
3.667
1.554
2.227
0.238
2.753
1.429
2.763
2.553
0.756
2.089
3.617
0.829
3.635
0.489
1.671
2.108
0.676
3.044
1.007
3.379
0.230
1.827
0.741
1.348
2.076
1.303
3.829
1.805
0.236
0.808
0.420
3.139
0.811
1.208
1.106
1.298
1.269
3.392
2.382
2.286
2.655
1.720
2.696
1.333
2.282
3.038
0.635
2.898
1.757
1.568
1.160
0.951
3.534
3.732
3.183
2.283
2.730
0.912
2.394
1.088
1.525
0.155
0.914
0.651
1.274
3.016
2.169
3.706
2.278
3.001
1.331
0.865
3.217
0.474
2.721
0.499
1.354
2.473
1.781
3.543
2.858
3.470
0.521
0.938
0.009
3.959
1.806
3.737
2.518
0.626
1.383
2.415
3.851
2.909
3.287
0.484
0.173
3.917
0.033
2.263
3.430
2.934
3.980
3.485
1.077
2.200
2.291
0.407
1.107
2.130
3.126
2.172
2.247
0.849
1.007
2.416
1.634
1.661
2.746
3.433
3.715
2.024
1.880
1.719
0.803
3.593
1.270
1.267
1.433
1.090
0.311
0.762
3.573
2.022
1.156
2.623
1.720
3.693
3.435
3.849
0.063
0.481
1.111
2.696
2.140
1.016
0.458
3.457
0.790
1.674
0.579
3.946
0.711
1.730
1.446
2.776
1.565
0.522
1.128
2.102
0.323
0.155
1.717
2.242
1.413
0.563
2.369
3.416
0.263
1.140
1.961
2.832
1.924
2.702
3.065
2.438
3.742
3.192
3.234
3.883
1.421
0.336
3.052
2.574
3.299
2.353
0.972
2.204
2.333
3.870
2.627
2.692
2.991
0.354
3.162
0.244
3.170
2.638
1.031
2.043
1.246
1.557
2.803
0.085
3.479
1.235
0.686
0.763
3.280
0.194
3.817
1.015
3.190
0.301
0.801
2.218
0.959
0.427
0.524
3.465
2.718
0.743
1.012
0.469
3.000
0.752
3.847
3.062
3.241
3.428
0.682
1.100
3.410
3.235
0.372
3.560
3.516
1.361
0.509
0.704
1.037
1.128
3.408
2.433
2.643
2.358
2.072
3.266
0.141
3.358
0.192
3.878
3.160
1.237
1.976
0.726
2.863
3.421
0.369
2.997
1.862
1.532
2.209
1.982
1.487
1.177
3.898
1.936
0.730
3.761
3.379
3.595
3.388
3.082
3.521
3.726
3.369
2.244
0.450
0.463
2.556
3.360
1.936
2.611
3.337
1.510
1.636
3.743
0.578
1.636
0.810
2.616
3.763
0.282
0.071
2.261
0.985
1.542
3.781
1.127
0.634
0.085
0.925
0.695
1.838
3.814
0.582
3.248
3.157
0.464
3.576
0.801
0.455
0.395
0.434
1.694
1.577
3.845
3.502
0.919
1.163
1.062
3.842
1.997
1.834
2.058
3.523
2.062
1.972
1.086
2.942
1.779
3.471
1.519
1.034
1.823
1.052
3.447
1.531
1.869
2.161
1.103
2.871
2.387
0.917
2.123
2.931
0.019
3.264
1.720
0.452
3.896
1.191
1.952
2.819
2.991
1.781
3.607
2.834
3.446
3.860
3.603
1.162
1.779
1.121
0.347
2.318
0.980
3.895
3.160
0.412
3.733
0.056
3.648
0.259
2.330
3.135
0.835
2.086
0.345
2.253
1.872
1.705
2.693
2.324
2.332
2.877
2.473
3.788
0.357
0.515
2.790
3.191
1.367
0.437
3.759
3.016
0.524
1.595
2.984
1.461
0.874
3.978
2.008
2.199
3.800
3.893
1.616
0.698
3.396
1.820
1.300
3.277
3.363
0.792
0.833
1.852
2.194
3.034
2.595
1.177
3.737
3.537
0.159
0.424
1.573
3.325
3.597
3.044
1.238
2.352
3.093
0.117
3.951
2.285
1.643
2.791
3.291
0.871
2.987
0.879
2.191
0.160
2.388
1.358
1.647
0.528
3.470
0.224
0.692
3.282
2.040
0.067
3.489
0.557
1.691
3.719
1.778
0.289
3.921
3.462
1.476
0.227
3.641
1.530
2.883
0.288
3.120
1.035
0.705
2.963
1.821
0.921
3.061
1.094
1.991
2.218
1.637
2.989
2.521
1.586
2.327
0.691
0.277
0.035
2.988
0.141
2.974
1.720
2.343
2.049
0.618
3.808
1.593
1.476
3.660
3.707
1.978
2.443
3.209
2.297
3.286
1.333
2.011
1.317
2.247
3.412
0.373
3.687
3.773
0.480
2.793
3.313
0.141
2.502
2.815
3.778
3.554
1.982
1.426
1.344
3.874
0.929
2.331
2.809
1.878
2.446
1.515
3.027
3.061
2.302
0.721
0.269
3.761
2.263
0.844
0.102
0.331
2.557
3.683
2.115
3.083
3.509
1.113
2.548
3.909
0.227
3.456
3.769
1.776
1.128
1.671
2.562
1.665
1.202
2.968
1.291
2.119
2.050
2.526
1.279
2.156
1.110
3.262
0.122
2.156
3.872
2.877
0.132
1.178
1.471
0.962
3.783
1.255
1.761
2.455
3.734
1.332
0.744
3.548
1.920
3.819
1.202
1.922
2.188
1.137
2.441
3.201
2.090
2.168
3.237
3.605
1.696
3.185
3.406
2.987
2.674
0.608
1.841
2.821
1.374
3.875
2.444
2.144
1.311
3.701
2.070
1.072
3.153
0.223
2.400
0.243
2.244
0.748
0.625
1.356
2.663
2.279
3.865
0.977
2.963
3.513
3.468
2.876
1.989
0.653
1.616
1.355
1.545
3.188
0.136
1.416
2.188
3.675
3.961
1.061
3.068
1.623
3.389
2.623
2.454
3.704
0.103
3.746
0.509
0.841
3.838
0.494
1.837
1.095
1.687
3.015
2.496
3.839
2.186
2.314
0.384
3.346
1.655
2.882
1.319
0.710
2.731
2.310
1.613
1.940
2.550
3.446
3.585
3.081
0.769
3.299
3.198
2.395
3.421
3.571
2.905
2.905
1.526
2.583
3.760
0.036
3.462
1.314
3.015
0.596
1.287
3.364
2.656
3.015
1.521
1.895
0.706
0.553
2.329
1.941
2.654
1.076
3.628
3.940
2.961
1.058
2.323
1.959
2.384
3.604
3.683
3.794
1.700
2.594
3.842
3.971
2.461
3.452
3.433
2.654
2.498
3.567
2.599
3.576
2.164
0.074
2.896
2.284
0.697
1.475
2.084
0.412
0.562
0.481
1.353
0.089
3.279
2.527
3.207
1.253
0.989
1.522
2.073
3.312
3.900
3.725
2.624
1.486
2.738
2.024
2.881
3.104
3.481
0.431
2.348
2.233
0.887
2.289
3.740
2.260
1.730
1.431
2.327
1.373
0.127
1.484
3.466
3.358
2.009
2.517
0.588
1.752
1.504
0.412
2.729
1.087
0.914
2.594
2.623
0.820
1.942
2.211
3.471
3.521
2.972
3.334
2.634
2.978
3.459
0.467
3.893
0.106
1.846
2.387
0.286
0.899
1.956
1.283
1.142
3.125
2.423
3.180
1.617
1.080
2.465
2.800
2.839
2.410
3.206
1.293
1.727
1.900
0.758
0.690
1.599
2.058
3.362
0.450
3.902
1.446
0.205
1.150
3.670
0.931
3.851
0.139
2.809
1.367
1.762
3.894
3.837
3.692
1.006
1.857
0.402
2.038
1.991
2.667
3.744
2.148
3.964
2.023
0.176
1.274
2.997
3.797
3.744
3.665
0.329
0.554
2.417
1.888
3.173
0.308
3.457
0.425
3.476
3.126
0.089
2.339
2.648
0.085
3.137
2.285
3.861
0.144
3.982
1.737
2.321
3.641
3.028
1.001
3.752
2.418
2.791
3.485
0.376
3.970
2.810
2.595
3.756
2.581
0.735
2.806
3.172
2.026
0.312
1.612
2.538
0.252
0.381
0.435
0.392
0.322
1.603
0.059
0.125
1.960
3.299
1.724
3.344
2.190
3.621
2.757
0.178
3.853
2.198
1.452
2.306
1.188
3.477
1.906
3.635
2.199
3.176
3.578
3.808
2.198
1.563
0.605
3.097
1.695
1.732
2.218
1.733
0.707
2.619
2.102
0.373
0.611
1.168
3.116
1.138
3.808
3.896
0.542
2.547
0.767
3.042
1.852
2.675
1.413
0.547
1.968
0.979
3.370
0.296
0.086
0.515
1.219
3.400
1.358
2.620
0.731
0.697
2.071
3.656
1.924
1.243
2.440
0.036
2.860
1.253
2.720
3.504
0.212
0.764
0.076
3.526
2.974
3.221
3.491
3.634
0.032
2.293
1.963
3.735
2.921
2.360
1.349
0.594
1.676
2.481
3.421
2.138
0.544
2.068
1.071
1.674
1.175
0.051
2.038
3.802
1.988
2.041
2.170
2.503
3.531
1.774
3.929
3.802
2.983
0.100
0.691
0.384
2.301
2.807
2.392
3.690
0.108
1.816
3.148
0.248
3.038
0.523
2.697
3.409
2.047
1.590
2.876
3.120
1.125
1.986
3.807
3.035
3.865
3.808
2.054
3.987
1.498
2.213
0.772
1.742
0.315
1.735
3.663
2.958
0.779
3.346
0.576
2.384
3.182
0.766
2.657
2.615
1.348
1.901
1.188
3.077
0.695
1.689
2.599
1.426
3.844
0.206
0.606
2.179
2.017
0.600
1.040
2.137
1.639
3.195
3.632
0.056
2.815
3.102
3.891
3.008
1.779
2.680
3.162
2.018
0.955
3.439
2.071
0.802
1.915
0.249
1.758
3.829
0.305
0.192
0.687
3.410
1.743
0.931
0.248
2.171
1.686
1.198
0.007
3.000
0.469
2.771
1.144
1.453
0.974
3.311
0.506
1.591
0.801
0.441
3.629
1.367
3.371
1.664
1.237
1.927
1.006
2.053
3.881
2.562
3.870
0.050
1.801
1.561
1.524
3.291
3.500
0.848
0.905
3.096
3.174
1.019
1.680
0.014
1.810
1.304
3.239
3.835
3.668
1.950
2.980
1.468
0.787
0.686
3.067
1.342
3.279
0.146
0.536
3.253
0.396
3.537
1.373
0.061
2.694
3.327
1.114
0.174
3.092
2.364
0.558
3.472
0.229
0.574
3.332
0.127
3.246
1.300
0.338
3.728
2.945
3.305
0.521
1.160
2.282
3.625
1.939
1.921
1.230
2.693
3.760
2.838
3.263
0.541
2.609
2.594
1.094
1.395
3.608
0.072
3.715
3.591
3.449
3.160
1.458
2.511
2.048
0.536
2.443
0.116
2.586
3.852
0.691
3.635
3.147
3.816
1.105
0.136
2.716
0.865
1.659
0.913
3.964
1.442
2.315
0.049
3.000
2.309
1.574
0.981
0.215
1.931
3.032
1.537
2.367
3.623
1.873
3.683
2.201
1.985
3.015
1.066
2.212
0.096
2.422
3.462
1.534
1.989
1.089
2.383
1.516
3.130
1.304
2.299
2.158
0.947
1.010
1.382
2.405
3.880
2.442
0.110
2.192
2.997
1.675
1.751
1.155
0.926
2.340
1.483
2.109
0.639
3.455
0.767
0.665
1.602
0.202
2.639
3.759
0.831
3.418
1.653
1.421
3.633
0.695
3.526
1.765
1.077
1.192
1.868
0.947
0.720
3.609
2.908
1.793
3.665
2.253
3.737
0.773
0.709
3.711
3.375
1.224
1.181
2.391
2.799
0.940
1.983
1.016
2.133
0.736
3.440
2.127
2.268
3.039
2.728
2.785
0.485
0.313
0.993
0.835
3.001
3.820
2.703
3.478
1.880
2.203
1.326
1.355
3.362
2.369
2.159
1.950
1.437
0.324
2.904
0.838
0.362
0.889
3.553
0.149
2.811
0.659
1.212
0.609
0.492
0.071
2.678
0.583
3.321
2.130
1.899
0.806
1.604
3.111
0.882
0.815
1.202
0.486
1.212
2.554
0.263
3.341
2.983
0.265
3.889
2.706
2.817
1.449
3.939
3.536
2.541
3.569
1.225
0.445
1.180
1.118
0.443
3.878
1.127
1.776
0.467
0.029
2.630
0.614
1.986
0.613
1.221
1.632
0.999
3.523
0.249
2.410
2.266
2.403
1.378
2.233
3.634
0.375
3.734
0.776
1.957
0.398
3.319
3.303
2.398
2.174
2.373
3.272
3.002
1.048
1.573
2.364
3.676
2.005
0.257
3.162
1.104
3.647
3.308
3.064
2.635
0.952
3.900
1.476
2.788
1.656
3.009
1.931
3.789
1.238
3.380
2.516
2.442
3.801
1.625
1.814
1.607
2.530
1.152
3.558
3.725
3.959
0.838
1.285
2.062
2.923
3.680
0.507
2.722
1.869
0.083
2.251
3.000
3.114
0.017
0.298
3.248
1.652
0.978
3.066
0.220
1.292
0.482
3.773
3.686
0.190
0.784
1.387
3.170
3.244
1.567
3.834
3.751
2.352
1.546
0.045
1.131
1.211
0.229
0.611
0.573
1.096
2.560
2.212
1.787
3.990
1.684
0.424
0.483
1.458
0.798
3.102
1.081
1.818
1.870
2.304
1.902
0.455
0.928
2.497
0.233
2.534
2.701
0.837
1.713
3.891
1.591
3.349
2.816
0.551
3.259
3.092
2.516
2.116
1.550
2.730
1.785
1.145
3.066
2.403
3.153
3.728
2.362
2.390
3.346
3.572
2.574
0.778
3.888
3.238
1.224
3.200
3.549
3.546
3.015
0.683
2.650
3.731
0.614
0.726
2.515
0.572
0.750
3.982
3.701
0.509
2.381
0.224
2.163
0.668
0.260
0.794
1.149
0.761
2.924
2.296
2.344
1.977
2.923
0.028
0.683
3.258
3.095
3.503
3.270
3.797
1.700
2.370
3.913
3.087
3.469
1.162
3.125
0.537
0.901
1.479
0.722
3.458
0.622
0.633
0.750
3.114
1.139
0.164
0.012
1.579
1.061
0.331
2.296
3.312
2.639
1.306
2.231
0.620
2.439
2.745
3.727
1.617
1.024
2.288
2.080
0.799
0.703
0.724
2.074
0.040
2.734
2.703
2.787
3.572
2.809
1.293
1.327
2.445
0.200
0.098
0.334
3.980
1.655
2.278
3.851
1.905
3.938
1.536
1.037
3.137
2.857
1.979
3.219
3.586
1.677
3.717
0.862
1.896
2.023
3.194
3.361
0.692
3.684
3.445
3.867
1.696
0.162
1.819
1.907
1.974
2.413
1.198
2.173
3.617
1.859
3.323
0.615
2.326
3.626
1.568
0.834
1.643
1.870
3.349
2.796
0.981
3.119
3.332
0.016
3.166
2.774
1.695
2.590
0.817
0.202
0.926
3.866
2.731
3.313
3.976
0.022
3.301
0.069
0.089
2.462
0.055
2.074
2.185
0.696
2.576
2.199
3.432
2.233
2.310
2.149
2.465
0.044
3.215
0.933
2.708
1.253
3.720
3.406
1.322
1.002
3.141
1.352
3.550
2.774
0.452
2.023
0.567
3.009
0.259
2.625
1.423
1.418
3.842
1.920
0.240
1.229
2.279
1.938
0.591
1.395
3.967
3.730
1.790
3.872
0.275
1.164
0.827
3.151
0.561
1.950
2.767
0.512
3.484
3.406
1.654
3.832
3.318
1.910
1.307
3.294
1.855
3.554
2.883
1.956
0.576
1.207
1.655
3.919
3.872
2.006
1.199
1.681
0.412
1.242
1.011
2.295
2.172
3.675
3.574
1.062
1.146
3.490
2.953
3.747
0.452
1.444
3.269
1.689
1.295
2.168
3.703
2.678
0.208
0.193
1.187
2.095
3.968
1.912
2.515
3.572
2.801
2.548
0.348
2.317
3.732
2.126
0.424
3.220
3.371
2.488
2.248
0.023
0.958
2.638
0.657
3.076
2.125
1.952
2.865
3.564
1.672
2.294
0.932
1.622
3.496
2.590
3.090
0.368
1.912
3.146
0.949
1.631
2.708
1.791
1.329
0.056
0.617
1.861
1.309
0.232
0.245
3.137
1.063
0.670
2.067
2.999
3.146
2.651
1.754
0.418
3.114
3.405
1.871
1.804
2.721
1.530
1.892
3.348
1.390
2.236
3.546
1.132
0.264
0.712
3.623
2.133
1.880
3.831
1.680
0.184
3.309
3.378
1.504
1.011
1.653
2.140
0.699
1.655
1.799
1.435
2.449
3.929
1.636
1.049
3.270
0.961
1.226
0.038
2.507
0.481
3.931
3.495
3.328
2.174
1.073
0.137
3.158
1.251
1.443
2.423
3.768
2.315
2.812
2.952
3.646
0.705
0.573
1.989
3.806
2.627
0.741
1.244
2.869
2.772
2.759
2.385
2.018
2.496
1.911
3.295
1.334
1.252
3.609
2.688
2.091
0.632
2.420
0.473
2.694
0.190
1.419
1.119
1.283
1.177
0.327
2.282
3.393
0.366
3.808
1.101
2.623
3.355
2.469
3.779
3.918
3.030
2.268
0.511
0.848
2.331
3.425
3.253
0.186
3.029
1.373
2.514
1.117
1.893
3.911
1.064
2.578
0.469
2.420
3.367
2.497
0.620
0.864
3.514
3.136
1.043
2.273
1.591
3.245
2.167
2.483
0.659
0.432
0.177
1.165
1.893
1.899
1.301
2.483
3.948
0.640
3.127
2.227
0.237
1.204
2.343
0.845
2.566
2.310
2.169
2.520
1.443
2.868
3.645
3.313
2.394
1.372
1.029
0.317
1.726
2.185
2.752
0.912
0.463
1.872
1.679
0.415
1.531
0.527
1.877
3.745
0.786
2.975
1.657
0.243
3.099
2.725
2.343
0.341
2.483
1.736
3.041
0.517
0.109
3.355
1.625
2.823
0.060
0.149
3.217
1.228
3.825
2.947
3.635
3.146
0.755
2.016
2.592
0.706
3.113
0.125
1.889
2.692
0.830
2.120
1.377
0.553
0.728
2.701
0.198
2.467
3.705
3.238
2.593
0.179
1.270
1.737
0.526
2.179
3.822
1.508
3.440
1.738
3.179
1.587
0.645
1.464
1.131
1.651
2.157
3.202
0.177
3.938
1.247
1.511
0.083
0.586
0.534
2.362
2.551
0.868
3.133
2.367
0.038
2.929
3.198
3.502
1.639
0.930
0.134
0.184
0.948
0.921
3.822
3.525
1.950
1.283
2.393
1.659
1.243
0.263
1.398
3.294
2.275
3.879
1.667
1.965
1.776
2.415
2.717
2.948
0.198
2.738
3.263
1.396
2.742
2.841
0.184
0.961
3.393
2.300
2.274
1.036
1.450
1.733
3.127
1.717
0.092
3.899
2.742
2.676
3.842
0.726
1.723
1.357
2.126
2.347
3.390
3.280
3.647
0.119
3.701
2.666
2.921
3.668
2.565
3.242
0.066
0.116
0.935
2.768
1.836
3.981
0.035
0.707
1.868
2.608
0.103
2.398
3.254
2.554
2.279
1.230
2.810
3.000
0.518
2.502
3.783
3.041
2.907
1.020
2.236
2.621
3.295
2.952
1.994
1.929
2.854
3.057
1.783
1.202
0.989
3.124
2.059
0.193
3.991
2.323
2.059
1.963
1.835
1.108
3.693
3.186
2.789
1.444
0.195
2.817
3.745
1.331
3.789
2.780
3.681
2.968
2.160
0.197
2.194
1.330
0.134
0.770
0.753
1.588
0.725
1.038
1.134
1.470
0.597
1.555
1.423
0.542
2.974
3.418
1.086
2.353
2.183
3.119
2.727
1.471
0.246
3.373
3.543
3.691
1.338
0.314
3.869
2.000
2.405
2.415
3.819
3.410
1.901
3.482
3.669
0.306
3.319
3.251
1.505
0.745
0.093
0.406
0.546
2.932
1.453
2.228
2.650
0.100
2.926
2.631
1.691
1.129
0.451
0.022
0.820
1.426
1.436
2.148
1.046
1.972
3.608
1.082
1.171
3.896
1.117
1.469
2.759
1.530
1.121
1.344
0.686
2.640
0.957
1.117
3.726
0.352
2.004
0.732
2.697
3.291
1.464
1.519
1.894
2.525
3.568
1.964
0.856
0.133
3.061
1.349
1.927
0.591
0.344
2.179
0.678
0.591
1.268
3.313
2.909
1.563
3.350
0.889
3.802
3.847
2.025
3.410
1.707
2.328
1.588
0.791
1.122
2.340
1.583
0.665
2.639
3.686
2.662
2.941
1.899
3.917
0.323
1.372
1.089
1.298
2.409
2.806
3.038
1.396
0.921
0.838
1.705
0.815
2.427
2.717
3.622
1.317
2.220
2.672
0.829
1.438
3.408
1.230
2.890
0.638
1.230
0.602
3.786
1.188
3.143
0.923
0.762
1.140
0.624
0.868
0.693
2.147
1.106
1.124
1.072
0.319
0.130
0.180
1.405
2.934
0.507
3.111
2.652
2.517
3.212
3.276
3.256
2.681
3.691
0.280
0.390
3.059
3.420
1.084
2.233
1.785
1.795
2.802
3.418
3.181
3.816
3.508
3.211
1.683
0.533
3.293
2.569
2.477
3.848
1.849
1.910
2.936
1.014
2.998
0.235
0.674
1.078
0.892
0.197
1.866
3.473
3.017
0.773
1.464
0.147
1.648
1.380
3.037
2.817
2.086
0.604
0.185
2.366
0.792
1.143
1.821
1.864
3.418
2.135
2.098
2.336
1.801
2.741
0.333
1.180
2.136
0.648
3.038
2.963
1.807
2.125
0.984
1.388
1.808
2.309
1.200
1.291
3.182
1.610
2.939
2.854
1.585
0.415
1.819
2.514
3.872
3.742
3.725
0.634
0.485
2.038
1.527
0.575
1.500
2.007
1.261
1.574
2.312
2.202
0.135
0.741
3.240
2.005
0.591
3.447
1.747
3.729
0.611
0.535
2.492
3.753
2.552
1.036
1.107
1.898
3.027
2.429
0.364
0.740
0.685
1.030
0.308
2.058
3.231
0.673
2.986
0.381
1.612
0.642
3.528
3.336
0.014
1.670
2.659
3.513
1.183
1.828
3.100
2.575
3.536
2.268
3.869
1.566
1.629
2.009
2.147
1.659
2.782
3.376
0.166
3.063
4.000
3.168
2.466
2.337
2.800
1.278
0.940
2.071
3.158
2.241
1.193
1.715
3.509
0.058
0.096
2.259
1.581
2.662
0.746
2.547
0.818
1.499
3.653
3.203
3.245
3.973
1.579
1.451
3.839
1.871
2.274
0.562
1.853
3.385
0.248
3.219
2.952
1.989
3.753
0.793
2.684
0.174
0.319
2.333
0.488
1.922
1.465
0.013
2.302
2.812
0.617
1.849
0.803
0.766
3.802
1.685
3.426
3.718
2.346
0.778
1.495
2.846
2.600
0.730
3.195
3.521
1.590
2.106
0.539
0.762
3.592
2.744
2.115
3.724
2.707
2.603
3.110
2.646
2.880
3.924
1.944
3.664
1.141
2.540
0.848
0.047
2.456
2.377
1.779
2.655
1.157
2.488
1.332
1.803
2.785
0.427
2.615
1.204
3.021
3.302
2.547
0.322
3.463
2.574
3.647
0.191
3.142
2.459
0.076
1.643
3.965
2.742
2.564
1.911
3.683
0.880
3.820
3.670
1.506
3.458
1.119
1.856
1.170
3.376
1.984
3.978
0.020
2.601
2.228
1.135
0.602
0.858
3.103
3.577
1.282
0.359
1.871
2.425
2.580
3.453
3.883
2.012
2.178
0.044
0.052
1.335
3.984
2.677
3.606
0.221
3.158
1.395
0.099
2.084
1.690
1.778
2.878
0.503
1.858
2.013
2.551
3.376
1.866
2.425
1.479
2.021
2.937
3.574
0.909
1.364
2.346
0.855
3.083
3.204
0.124
0.456
3.518
1.596
0.606
3.634
3.614
3.458
3.502
1.414
2.840
0.834
0.857
2.167
0.999
1.561
2.033
3.958
2.377
0.631
2.764
2.098
1.093
1.152
0.360
2.067
0.536
3.566
3.320
0.745
3.529
2.678
1.870
0.874
3.665
0.015
0.373
2.701
0.274
2.217
3.074
0.974
1.555
2.363
3.338
0.757
0.636
2.550
1.276
3.988
3.663
0.535
1.602
2.266
1.515
2.874
2.586
0.026
3.315
1.748
2.129
2.114
2.636
2.560
2.264
2.686
2.168
2.361
0.808
0.417
3.547
3.327
2.428
2.240
0.186
0.729
1.022
0.093
0.141
3.242
1.130
0.636
1.400
0.936
1.983
0.457
3.473
0.915
3.827
0.959
2.720
2.317
0.343
3.965
0.631
1.307
1.250
0.998
2.056
2.634
1.582
2.261
2.426
3.516
2.699
1.555
3.025
3.823
2.704
0.655
3.678
3.942
2.769
1.135
2.499
2.183
0.752
1.187
2.851
1.231
0.533
1.662
0.271
1.908
2.660
1.404
0.806
2.365
3.184
2.854
3.090
3.851
0.947
2.999
3.441
2.321
3.169
3.912
0.348
2.407
0.783
1.452
1.984
2.653
2.812
0.146
1.664
0.407
0.933
0.809
1.700
3.419
1.460
3.193
3.656
0.917
0.102
2.741
2.776
3.830
1.152
2.459
2.140
3.832
1.185
0.031
2.161
0.002
3.835
2.426
3.042
0.147
2.952
1.621
2.115
1.227
2.140
3.475
2.276
1.811
1.673
1.358
0.234
3.129
2.739
2.846
1.868
2.039
2.203
3.589
0.729
1.105
2.287
1.403
2.565
1.983
3.042
3.741
3.701
0.449
0.976
2.812
2.233
0.649
0.886
3.024
2.204
0.536
3.715
0.799
2.269
1.954
1.181
1.401
1.844
3.469
3.937
3.121
1.325
1.800
2.204
1.959
2.684
2.565
2.080
1.883
0.593
3.083
1.177
0.840
0.223
3.092
3.718
0.849
1.918
3.495
3.938
1.847
3.216
0.624
3.390
3.390
1.008
2.031
0.673
3.882
3.091
3.419
1.129
1.697
3.008
3.096
3.242
2.360
2.739
2.216
3.705
0.923
0.699
2.071
0.599
2.719
1.443
3.815
3.599
0.861
0.590
1.275
1.827
1.194
1.700
1.869
1.734
2.833
3.171
2.168
1.310
0.975
0.717
3.242
0.961
2.408
0.581
0.722
1.542
0.894
2.330
1.350
2.326
1.601
3.982
1.826
2.106
2.792
2.130
0.861
1.139
3.183
1.871
1.626
0.333
0.691
3.543
3.147
0.842
2.753
3.625
3.697
2.143
3.924
3.649
2.891
3.717
3.212
3.528
3.916
2.608
3.358
0.485
3.214
2.423
1.270
1.548
3.956
0.734
2.849
2.615
1.744
1.403
0.638
2.136
2.267
1.983
3.078
2.723
0.988
2.152
3.535
1.310
0.446
3.049
1.897
1.997
1.419
3.385
1.164
1.277
3.884
2.417
0.334
1.072
0.662
0.100
0.779
0.886
0.583
1.192
0.396
2.293
3.162
2.571
0.009
3.148
3.031
3.747
1.808
1.065
1.736
1.266
0.050
2.108
3.027
0.679
1.829
1.065
1.394
0.727
2.390
0.328
2.344
1.604
3.296
1.061
0.819
2.407
2.698
1.247
3.126
2.303
1.011
2.126
3.903
1.500
0.509
1.679
2.901
3.728
1.646
0.996
2.712
3.760
0.372
2.733
0.114
1.393
1.276
0.351
2.303
1.339
1.062
2.388
1.057
0.663
1.701
3.772
2.743
3.653
2.538
2.024
0.088
2.452
3.686
0.148
2.757
0.295
1.258
0.149
2.048
0.854
0.267
3.293
2.375
2.005
1.506
3.603
0.736
3.206
2.254
1.551
2.967
2.723
3.363
3.492
0.360
0.128
1.089
1.131
0.079
2.724
0.977
0.130
3.842
2.021
3.178
3.968
1.428
1.870
1.751
2.245
0.863
3.567
2.851
1.844
3.474
0.983
2.108
2.721
1.553
2.729
2.095
1.562
0.949
2.352
0.470
2.139
2.707
1.773
2.181
0.924
0.727
1.401
1.082
0.378
2.412
2.832
1.352
0.276
0.440
2.522
3.333
1.556
3.994
3.518
1.683
3.397
1.221
1.101
0.208
2.554
3.153
3.106
1.288
2.492
0.963
2.734
2.516
0.415
1.200
2.797
0.976
3.051
3.495
3.671
2.527
2.860
0.265
0.589
3.534
1.343
0.050
1.489
3.673
3.200
1.380
2.256
0.751
0.316
0.439
2.008
3.934
1.912
3.324
2.963
0.331
2.654
0.287
1.481
1.571
2.127
1.124
3.023
1.847
0.778
3.763
0.052
0.822
3.322
0.088
2.322
3.857
0.530
2.159
3.522
0.234
2.454
2.287
2.920
1.340
0.335
1.729
3.415
3.233
0.825
3.351
2.341
1.578
0.580
3.171
2.374
3.610
3.928
2.483
1.078
3.643
2.995
0.145
0.900
3.533
2.549
1.579
0.823
3.607
0.787
1.220
2.451
2.747
0.380
2.343
2.929
0.634
1.311
0.630
2.906
2.595
2.425
3.293
1.644
0.085
0.017
0.247
3.431
1.489
3.448
3.539
3.597
2.783
1.465
2.143
2.732
3.503
0.739
1.231
2.090
2.572
0.161
0.147
1.746
2.685
0.457
3.573
3.677
3.311
2.979
3.776
2.759
2.772
3.823
2.271
1.577
3.458
3.934
0.942
1.971
0.915
0.423
1.338
3.406
1.354
3.081
2.813
3.539
1.077
0.886
1.117
1.770
3.388
2.296
3.229
0.093
3.732
2.210
3.434
1.221
2.144
3.704
2.058
1.759
3.507
3.989
3.755
0.089
0.702
1.528
2.884
0.684
3.418
2.822
1.256
2.715
0.210
3.121
0.422
3.105
3.325
1.155
2.673
2.600
0.890
3.940
2.039
1.952
1.258
3.836
0.849
1.974
3.593
2.236
0.784
0.016
3.252
0.629
1.846
2.312
0.067
0.225
2.317
2.693
2.327
1.977
3.525
1.312
1.070
3.498
1.110
0.322
0.261
0.264
1.486
0.845
0.458
3.448
2.341
1.126
2.793
1.835
3.246
3.395
2.407
0.467
2.841
0.782
3.891
0.065
0.562
3.506
3.899
2.684
1.504
3.623
3.740
0.715
2.775
1.752
1.613
0.016
2.548
3.504
2.071
3.859
3.078
1.743
1.362
2.286
0.005
1.329
1.497
3.639
2.589
3.683
1.221
3.178
0.850
1.266
0.466
0.115
2.124
0.998
0.482
0.803
1.147
0.668
0.497
2.479
0.563
3.549
3.578
2.626
2.600
1.710
1.331
3.898
3.690
3.945
1.113
3.533
1.912
1.750
2.634
1.239
0.414
0.465
3.153
2.800
2.333
0.451
3.893
1.970
0.243
3.123
0.891
2.720
1.788
2.656
3.154
1.468
2.915
2.369
1.861
0.674
0.984
1.053
0.233
3.027
0.072
0.956
0.812
3.389
3.870
3.623
3.045
1.819
1.868
2.492
1.401
1.162
3.867
3.912
0.694
3.075
2.400
3.168
0.835
0.821
2.225
1.116
3.955
1.754
2.854
2.216
2.612
1.163
1.927
2.020
2.803
3.958
0.259
3.580
3.492
3.673
1.519
1.789
3.618
3.377
2.737
2.324
1.843
0.251
2.248
1.628
1.709
3.007
1.135
2.310
3.511
0.738
2.917
2.342
1.803
1.420
3.941
0.633
2.336
0.000
1.833
1.790
0.132
3.850
3.368
3.354
1.469
1.335
2.242
1.264
2.766
3.360
1.489
2.028
2.632
1.959
2.649
2.805
3.830
2.350
2.332
1.560
3.445
3.358
2.401
0.466
0.235
1.685
0.808
2.883
3.984
2.254
1.936
1.547
0.588
1.688
0.371
0.996
0.694
2.951
2.079
2.808
2.894
0.292
0.302
3.866
2.795
0.843
3.783
3.685
0.713
2.583
2.503
2.704
3.342
3.827
2.697
3.516
2.394
1.033
0.690
1.147
2.058
3.406
1.966
2.797
1.048
2.660
3.889
3.846
2.090
0.234
3.634
1.487
1.875
0.399
3.106
1.985
3.830
1.876
0.059
0.368
2.507
2.949
3.073
2.243
3.936
3.550
3.718
0.488
3.002
2.343
1.967
2.714
0.703
3.609
2.803
0.687
3.116
3.536
2.976
0.303
3.912
2.533
2.983
2.243
1.521
1.245
2.611
3.112
0.306
3.200
0.745
2.627
0.577
2.341
1.667
2.336
2.836
3.197
2.685
1.411
1.329
1.018
1.693
3.171
0.809
2.935
2.143
2.320
2.345
3.049
2.897
3.269
1.084
2.340
1.590
0.458
1.057
0.354
0.350
0.244
3.456
3.883
2.130
0.722
1.222
2.176
0.393
2.741
2.371
0.707
2.529
2.414
3.171
2.111
0.134
0.596
0.104
1.633
3.155
2.069
2.463
1.273
1.924
2.593
1.553
1.794
3.212
3.523
3.592
0.842
3.706
3.337
1.780
0.669
0.678
1.221
0.402
2.278
3.128
1.755
2.441
2.293
1.312
3.789
3.822
2.459
2.302
2.749
2.256
1.384
0.141
1.898
2.592
0.001
1.112
2.508
3.635
0.181
3.812
1.402
3.595
2.046
3.955
3.001
2.637
1.737
3.194
3.810
3.458
1.755
1.804
2.157
2.366
2.444
2.625
1.064
0.042
1.806
0.492
3.262
2.968
3.551
1.198
0.673
1.473
0.125
3.089
0.075
2.363
2.444
2.468
2.200
3.364
3.152
3.293
3.191
2.850
1.449
1.982
3.117
1.838
0.878
3.692
2.151
3.729
0.929
3.010
1.062
3.033
2.937
1.814
2.833
1.079
0.435
3.877
0.485
2.690
0.014
3.841
0.623
0.834
0.681
1.284
0.726
2.498
3.826
2.879
2.894
0.296
0.109
3.005
3.523
2.815
3.958
3.686
3.302
2.227
0.803
0.361
2.972
0.413
0.805
0.733
3.414
2.656
3.529
3.843
1.959
0.887
2.892
1.494
2.190
2.556
0.653
2.297
0.065
0.375
1.839
3.865
2.827
2.508
0.713
3.045
2.978
0.213
3.229
1.593
3.484
0.516
3.409
3.338
0.416
3.186
0.659
0.598
3.408
2.096
0.773
0.535
0.577
0.998
1.222
2.102
0.970
0.797
1.285
1.393
2.141
3.620
3.700
1.435
1.123
0.272
2.705
3.863
1.823
2.129
3.723
0.411
2.815
2.063
0.381
1.777
0.510
1.715
1.173
0.182
1.853
0.224
2.804
3.827
3.990
2.465
2.077
2.433
1.744
0.933
3.173
3.213
3.283
2.577
0.282
3.834
2.025
2.224
0.732
3.361
0.599
3.654
1.153
1.622
2.605
1.989
2.651
2.101
3.938
2.697
2.577
1.217
3.620
3.386
2.215
1.688
2.337
0.459
1.525
1.751
1.332
3.793
2.086
1.062
2.793
0.788
3.453
0.410
1.578
2.447
0.394
3.740
2.871
0.599
0.787
1.469
1.291
2.920
2.450
3.729
2.012
3.133
3.784
0.924
1.599
3.554
1.805
0.842
3.559
0.110
0.007
2.603
1.027
2.011
3.468
1.824
0.511
1.456
3.703
2.646
2.319
1.073
3.004
0.662
3.038
0.215
1.330
0.248
3.384
3.833
0.314
0.484
2.743
1.301
0.519
1.555
3.895
3.415
3.835
0.427
1.717
3.721
2.713
0.604
0.040
1.368
1.947
3.867
3.383
2.928
0.775
2.195
0.966
1.874
3.335
1.407
3.151
0.916
3.804
0.590
1.406
1.904
1.087
3.009
1.902
0.729
0.449
0.924
2.016
2.477
0.280
2.658
2.310
2.997
0.964
3.222
1.941
3.147
1.833
3.958
1.026
3.158
3.292
1.916
1.117
2.863
0.377
0.038
2.734
1.002
1.423
2.747
2.834
3.354
2.923
2.170
3.093
3.171
3.310
3.942
0.069
0.161
0.086
0.483
0.587
0.264
2.588
1.562
2.099
3.473
2.629
1.168
2.295
1.188
1.386
3.908
2.932
3.895
1.094
1.555
1.594
0.381
2.476
0.876
2.041
3.301
3.296
1.471
2.815
2.572
2.039
3.156
0.944
3.900
1.421
2.248
0.869
2.695
3.303
3.155
0.126
1.665
1.526
1.786
0.850
3.615
0.329
2.545
1.831
3.258
1.173
3.063
3.640
3.294
2.202
0.325
1.235
2.604
1.995
2.465
0.529
0.049
0.899
0.279
1.512
2.239
0.930
1.352
0.859
1.528
3.091
1.739
1.314
1.583
0.914
1.229
1.720
0.066
3.159
2.515
0.185
3.274
2.780
3.924
1.702
2.035
3.673
3.917
0.406
1.710
1.135
3.160
1.725
3.857
2.611
0.729
0.814
2.928
3.989
2.913
0.964
0.293
3.582
0.045
3.082
1.976
0.885
2.950
0.872
3.669
2.312
1.850
0.002
0.899
1.314
0.923
3.342
1.675
3.669
3.239
0.261
3.505
2.158
1.430
1.990
2.368
0.482
1.162
1.252
0.026
3.957
3.423
2.608
0.032
2.428
1.584
2.413
3.828
0.733
2.349
1.779
0.529
0.248
3.964
0.624
3.317
1.160
0.424
1.676
1.783
3.560
2.923
2.168
1.161
3.839
3.429
0.070
2.036
3.533
2.007
2.781
1.991
2.436
3.409
3.552
1.524
0.685
3.430
0.298
2.708
1.461
3.683
0.979
0.198
3.081
2.687
1.419
0.537
0.446
3.535
3.186
3.152
1.184
1.932
1.101
2.979
1.286
0.997
3.942
2.378
2.629
1.006
2.100
0.785
2.516
1.098
2.204
0.505
3.192
2.007
3.174
2.115
1.286
1.979
2.652
3.146
3.210
0.301
1.465
2.996
0.792
0.264
0.539
3.517
3.725
3.846
3.574
2.243
1.947
2.073
1.876
3.939
1.608
3.740
0.844
1.968
3.036
3.069
2.944
3.891
3.949
3.874
1.371
3.829
0.138
1.939
2.175
1.239
2.945
2.576
0.251
0.152
2.067
0.680
2.403
2.283
1.591
0.147
2.590
0.064
2.614
2.101
2.502
1.270
1.410
3.173
2.776
3.793
1.835
3.922
2.432
3.005
0.493
1.507
0.548
3.254
1.170
1.855
2.699
3.207
3.135
2.801
3.361
0.081
2.143
3.074
0.263
2.244
3.298
2.504
1.576
1.230
3.425
0.447
3.880
0.899
1.202
0.184
3.975
1.312
0.005
2.930
0.930
3.794
1.284
2.088
2.137
1.772
1.257
2.516
0.709
1.117
0.801
2.826
1.170
2.078
1.648
3.120
0.236
0.305
3.341
0.059
3.330
3.050
2.870
1.801
3.562
0.303
0.515
1.098
0.033
3.463
3.149
1.705
2.616
2.052
2.078
1.289
0.785
0.082
2.504
1.118
0.590
1.849
3.762
3.090
0.531
2.255
1.720
0.032
3.890
3.209
3.081
1.710
3.956
1.205
1.792
2.595
1.660
3.881
2.365
0.228
2.241
3.177
3.628
2.856
0.902
3.649
3.306
2.058
2.794
0.559
0.747
2.179
2.198
3.565
2.266
1.661
1.472
0.133
2.760
3.728
2.059
0.254
0.617
3.397
3.814
0.594
0.396
2.407
0.914
3.926
1.385
3.406
2.783
0.469
3.823
1.648
0.750
1.744
0.457
2.400
1.561
2.589
3.056
1.442
1.423
1.183
1.615
2.269
2.883
2.247
0.190
2.987
1.661
1.020
1.670
0.391
3.452
3.183
0.246
0.374
3.756
2.600
0.956
0.521
0.929
2.540
0.383
2.666
1.984
3.019
3.453
0.167
2.024
2.928
2.243
2.789
3.756
0.852
3.798
3.344
1.209
2.739
1.200
2.612
1.510
2.091
3.459
0.572
0.556
0.852
3.275
0.602
2.377
2.905
3.333
3.048
2.221
0.873
1.480
1.469
3.616
2.889
1.030
2.843
2.098
1.042
0.362
0.154
2.856
3.419
2.118
0.045
2.140
0.955
2.509
1.586
1.139
2.774
3.582
2.720
3.883
1.241
3.787
2.578
1.794
0.655
0.774
2.592
2.672
1.330
1.067
3.257
1.151
1.736
2.117
2.325
3.123
1.458
1.216
0.427
0.115
0.908
0.823
3.302
1.306
0.048
1.114
0.238
2.611
1.829
1.892
3.798
0.209
2.600
1.457
0.573
3.919
1.449
3.671
2.417
1.951
3.249
2.124
2.525
0.914
2.125
2.213
2.711
1.296
1.111
3.858
3.367
1.227
1.987
3.729
3.848
1.965
2.568
2.046
0.398
1.336
3.183
3.379
3.236
2.270
1.636
3.343
0.063
0.618
2.645
1.676
1.982
1.577
3.546
0.920
3.729
3.358
3.028
2.766
1.086
0.122
1.692
1.096
2.514
1.751
2.447
3.857
1.253
1.695
3.068
3.123
2.559
1.892
2.658
2.047
0.219
1.698
2.360
2.881
3.130
3.785
0.331
1.833
2.479
0.110
1.808
0.262
2.940
3.386
3.049
3.556
1.306
3.850
2.994
2.999
3.097
1.681
0.668
2.057
1.962
0.085
1.695
0.705
0.039
2.834
3.694
1.793
3.970
2.969
1.936
3.895
2.875
0.405
1.300
3.704
1.362
1.343
2.391
3.752
2.511
3.664
0.643
0.069
0.782
3.915
1.262
1.397
0.944
1.010
2.096
2.636
2.327
3.431
2.790
0.447
2.137
2.519
2.068
2.288
1.035
2.338
1.527
1.600
2.832
0.620
0.019
3.502
3.892
3.492
1.522
3.036
2.729
0.938
3.340
1.878
2.268
2.382
0.540
3.389
2.394
0.297
0.714
1.991
0.646
2.418
2.486
1.054
2.297
1.915
3.620
1.852
3.570
3.788
2.144
0.603
1.371
2.798
0.605
3.215
3.663
1.391
3.390
2.065
2.484
1.354
1.970
0.021
2.641
0.383
1.017
1.843
1.204
2.233
1.515
2.236
2.195
2.822
1.307
3.033
3.266
0.420
2.975
1.337
2.624
3.962
1.491
1.911
1.115
3.596
3.795
0.736
0.139
1.678
1.250
2.342
0.922
0.769
1.883
3.383
2.695
3.562
0.378
2.902
0.462
2.208
3.975
1.827
1.263
1.195
1.762
2.449
3.257
0.681
3.263
1.003
2.427
2.116
3.818
2.930
3.346
1.029
2.922
0.996
1.196
2.990
3.518
1.181
0.108
2.071
3.173
0.070
1.916
0.515
0.146
2.490
3.498
3.878
2.525
3.199
0.190
1.557
2.946
1.676
3.104
2.406
0.846
2.398
3.672
3.047
2.764
2.473
3.417
2.533
0.884
0.089
2.646
1.154
0.865
2.958
0.689
1.494
1.898
3.791
2.275
2.233
1.037
3.810
1.789
3.730
0.025
1.388
1.401
1.088
0.135
1.156
2.426
1.183
3.038
3.238
3.801
1.048
1.205
2.764
3.159
2.039
0.120
2.400
0.783
3.378
2.323
3.365
2.549
3.935
0.307
1.238
1.008
2.541
3.302
3.855
3.875
0.649
2.233
1.663
0.438
0.821
1.388
0.147
0.789
0.297
2.825
1.283
2.292
0.837
0.103
0.438
0.297
2.030
1.578
2.739
1.910
3.442
0.375
2.667
2.470
3.268
2.059
0.462
0.405
3.539
0.077
0.906
1.267
2.486
1.284
2.153
4.000
1.333
1.137
2.480
3.860
3.545
2.596
3.220
2.942
3.509
0.356
2.549
2.854
0.612
0.693
1.463
0.879
1.889
1.056
3.951
0.796
3.667
0.448
0.252
2.592
2.049
3.729
3.040
3.355
1.621
0.156
1.478
0.975
3.432
2.794
3.314
2.572
1.052
2.856
2.537
1.153
1.469
1.639
3.572
0.567
3.582
0.358
0.612
0.623
3.220
3.051
0.383
1.091
1.915
3.624
0.517
1.318
1.048
1.206
1.631
1.322
3.532
2.148
3.378
2.477
1.855
2.342
0.888
1.284
0.088
3.956
2.407
0.218
2.380
2.258
3.407
1.291
1.492
0.894
1.032
0.695
2.079
1.790
3.464
2.797
2.722
0.817
1.661
2.740
2.116
2.384
1.855
1.050
0.361
1.347
2.340
2.880
3.956
0.933
1.275
2.938
0.885
0.810
3.563
0.605
2.098
3.996
2.383
0.414
3.714
3.025
0.507
2.799
2.451
2.549
0.279
2.897
3.046
1.559
0.967
3.209
2.875
1.413
2.194
1.034
1.480
2.107
2.228
1.853
1.396
2.491
0.136
3.222
1.454
2.622
1.178
2.241
2.620
1.958
1.261
3.265
1.512
3.851
0.890
1.327
1.849
2.547
3.753
2.574
1.405
3.906
1.969
0.052
3.430
3.068
2.943
3.291
1.056
3.517
3.911
3.395
2.839
0.304
1.474
1.730
3.399
1.607
2.745
3.801
3.021
3.422
2.242
0.525
0.101
1.819
0.224
2.895
0.507
2.040
3.905
2.872
0.193
3.661
0.838
3.360
1.811
2.090
3.706
1.267
2.622
0.877
1.894
3.872
3.637
0.622
1.388
2.121
2.735
2.713
2.955
2.989
3.396
3.685
2.965
0.636
3.718
2.698
1.881
2.878
3.571
0.424
0.105
1.354
1.000
0.598
1.755
0.772
2.415
3.543
1.909
0.753
0.638
0.166
1.944
1.050
0.527
3.260
0.830
1.278
1.705
2.345
3.575
1.825
1.804
2.910
3.513
3.212
1.690
2.549
0.683
2.942
0.292
1.330
2.321
1.767
0.925
1.684
1.294
3.262
1.446
0.154
0.296
1.790
3.060
1.521
3.722
0.132
3.320
3.188
3.351
3.472
1.594
0.086
2.331
0.932
0.205
3.977
2.421
1.449
3.496
3.699
2.035
1.585
0.214
2.719
1.379
0.694
1.896
1.300
1.799
3.921
1.357
2.664
3.440
1.582
2.906
3.702
0.410
0.791
3.595
1.136
1.863
3.519
0.549
3.422
2.781
2.817
3.405
3.326
1.675
1.537
2.834
3.715
2.053
1.665
2.369
3.986
0.214
3.224
0.982
2.466
1.763
1.744
2.292
3.175
3.241
2.404
2.825
1.574
3.339
1.208
0.383
3.185
2.389
2.942
0.393
1.462
1.197
0.159
2.997
2.807
0.715
3.065
2.691
1.371
0.693
2.941
1.466
2.053
2.126
3.602
1.711
3.062
3.208
2.416
2.528
3.499
1.434
0.515
0.658
0.569
3.621
3.103
2.868
1.372
0.818
3.127
2.439
3.663
2.444
1.094
2.301
2.529
3.445
0.438
1.407
3.631
3.878
3.608
3.085
0.466
0.030
2.899
2.390
3.050
0.062
0.095
3.913
0.503
1.090
0.065
0.008
0.170
2.775
1.775
2.073
3.280
0.657
3.491
0.313
3.551
0.859
3.500
2.305
2.705
2.231
1.281
3.741
1.611
2.630
2.825
3.863
3.496
2.716
3.665
1.415
0.702
3.540
0.199
2.312
0.458
3.122
0.009
1.807
2.372
0.357
1.135
3.552
2.641
3.789
0.635
1.765
3.443
2.130
2.281
0.609
2.502
2.909
1.853
0.937
3.557
1.198
0.262
0.694
3.235
2.097
1.592
3.594
1.814
0.522
3.191
3.045
2.388
3.787
2.013
0.880
1.165
2.590
1.738
1.081
2.931
2.222
0.505
3.487
0.174
2.172
1.653
3.366
3.887
2.785
3.457
3.793
0.817
2.184
0.623
0.911
3.693
1.464
2.174
3.459
1.936
0.931
1.361
1.330
2.416
1.194
3.366
3.513
1.000
3.991
1.825
3.351
1.970
2.845
3.558
2.929
3.814
3.012
0.431
2.218
0.475
1.641
1.846
0.725
2.816
0.678
3.189
1.486
1.898
0.745
2.367
1.582
1.591
2.113
0.618
3.724
3.110
2.801
2.893
2.018
0.264
2.000
3.351
1.660
1.515
1.186
2.916
3.117
1.394
1.661
2.309
0.247
3.377
1.742
1.639
0.834
1.022
3.378
0.352
1.212
1.990
2.752
1.248
1.895
2.498
2.216
3.268
2.565
3.835
1.925
3.857
2.303
3.753
0.611
3.025
2.599
1.865
0.156
3.526
2.468
1.628
3.998
3.152
2.907
0.047
0.833
3.729
1.974
1.925
0.730
1.146
1.906
2.321
0.439
3.678
2.004
0.796
2.568
3.801
3.410
0.098
3.244
1.881
0.433
0.144
2.998
0.345
1.752
1.451
1.815
2.325
1.605
0.636
3.645
3.276
1.971
2.131
2.148
1.689
3.815
1.007
0.046
3.789
2.589
3.554
1.156
0.959
0.506
1.266
3.058
1.680
1.484
3.896
1.299
1.846
0.201
0.467
1.147
2.629
2.381
1.440
0.116
1.398
3.177
0.664
1.849
0.734
0.472
2.314
1.413
3.191
1.913
1.716
3.640
1.211
2.685
1.758
3.899
0.497
1.305
0.554
2.511
3.123
3.112
1.063
0.002
3.811
3.692
1.580
2.484
3.054
3.118
3.329
2.663
2.135
0.674
1.812
0.362
1.604
2.642
0.167
2.851
0.405
2.773
3.436
3.956
3.594
2.210
2.505
1.570
0.458
2.929
3.391
0.070
3.886
0.168
1.618
1.135
1.916
2.849
2.638
1.499
3.691
2.659
3.541
1.467
0.395
0.240
2.752
3.314
3.270
0.855
0.995
0.180
1.421
3.920
2.464
3.694
1.906
2.963
3.973
0.225
1.434
0.845
3.820
1.577
1.054
1.512
3.115
1.858
0.297
0.043
2.571
0.384
3.539
1.454
1.028
0.696
2.667
3.494
2.450
0.097
2.710
3.568
3.685
2.626
2.648
2.961
1.977
0.940
0.435
2.716
1.036
3.332
3.099
2.778
3.415
2.945
1.820
1.434
2.986
1.210
1.994
1.634
2.548
2.656
3.558
0.398
1.866
1.430
3.225
3.346
2.896
1.245
1.782
0.263
1.554
1.920
2.233
3.652
3.009
3.297
2.325
2.410
2.369
1.024
1.869
1.024
2.506
2.542
1.276
1.093
3.893
3.615
2.861
0.542
1.462
3.784
0.711
0.523
0.849
3.416
2.292
0.810
0.816
3.306
1.505
3.388
0.194
0.303
2.466
2.967
0.424
3.013
0.113
2.342
0.539
0.350
1.564
1.771
0.401
2.572
1.192
2.961
0.073
3.385
2.478
3.811
0.389
2.824
2.990
3.689
0.095
3.822
1.201
2.824
0.403
2.729
1.349
3.297
0.325
3.534
1.192
3.162
3.886
1.107
3.258
3.359
3.110
0.534
1.069
3.411
0.608
3.447
1.807
2.261
0.688
2.224
0.056
1.177
0.072
3.044
1.459
2.277
0.636
0.989
2.552
1.063
3.037
2.738
3.517
0.196
1.636
2.889
0.221
0.843
3.830
0.502
2.686
1.046
0.732
1.224
2.990
3.857
1.058
3.171
2.610
3.413
2.171
3.731
3.356
2.631
3.387
1.554
3.285
1.877
3.017
3.186
3.375
3.759
2.007
1.212
2.230
1.077
3.640
2.166
2.737
1.032
2.442
0.152
0.315
0.922
0.246
3.749
3.319
0.862
1.329
1.718
0.127
1.471
1.571
0.907
2.591
0.991
2.818
3.933
1.774
0.984
0.898
2.367
1.286
0.515
2.233
3.563
2.015
1.666
3.515
1.693
3.711
0.231
1.623
2.170
3.597
2.629
2.779
1.373
2.090
1.335
2.864
2.410
2.705
0.567
2.908
0.655
1.339
3.464
0.930
3.861
3.407
3.683
3.647
0.917
1.654
0.122
0.990
0.619
0.988
1.362
2.954
3.325
1.308
2.494
3.969
3.959
1.050
1.123
2.841
2.545
3.043
3.654
2.202
2.298
2.299
1.352
0.513
1.284
0.455
0.212
3.840
3.745
3.874
1.349
3.940
3.415
1.755
1.377
1.633
3.497
3.137
3.179
0.014
0.453
1.299
0.485
2.737
3.340
2.795
0.865
0.423
3.159
2.282
0.987
1.192
3.537
3.256
1.437
3.380
3.019
2.980
1.923
3.691
0.353
1.110
3.331
2.358
1.382
3.934
0.897
0.313
3.486
3.615
2.684
1.964
1.008
2.470
1.554
0.825
0.680
2.090
3.017
2.095
3.802
1.934
1.603
2.220
1.769
0.100
0.833
0.512
3.496
0.048
2.373
2.125
3.434
1.328
0.645
0.984
3.036
1.767
1.934
1.707
0.924
3.014
1.944
3.130
3.460
3.034
2.796
2.736
2.021
1.864
1.625
3.104
0.014
0.812
2.195
0.433
3.499
0.318
0.396
3.271
2.272
1.801
1.993
2.754
3.355
2.059
2.670
2.004
0.048
3.219
0.198
3.736
3.080
2.659
0.463
3.743
1.830
0.039
3.121
3.558
3.212
2.255
0.818
2.470
1.534
2.072
2.191
0.958
0.475
0.144
1.266
0.722
2.329
1.296
0.438
0.635
3.728
0.183
2.833
3.297
3.294
2.804
2.666
3.289
3.026
0.891
3.126
1.789
3.684
1.779
0.319
2.935
3.034
1.144
0.998
3.085
0.562
1.878
3.072
1.126
1.068
1.344
1.307
3.982
0.574
3.418
2.151
0.738
3.036
0.963
1.304
3.043
3.609
2.746
3.403
2.946
3.526
2.349
1.140
1.856
1.145
1.205
1.128
0.035
1.330
3.689
2.026
0.814
1.008
3.057
0.691
1.696
2.650
1.003
0.552
3.570
3.344
2.786
2.930
1.426
1.264
0.085
0.688
1.312
1.542
3.142
0.377
2.700
1.904
0.260
1.973
0.980
2.894
2.333
0.298
1.531
2.134
0.861
3.421
2.583
0.748
1.760
2.584
3.077
0.972
2.309
3.642
3.752
2.914
2.667
1.495
2.921
3.528
2.690
2.713
2.667
2.108
1.115
1.274
0.680
3.931
3.718
0.298
3.493
3.174
3.658
0.660
2.564
1.802
0.979
1.545
1.488
2.875
3.126
2.293
2.549
0.543
2.338
3.267
1.890
2.996
2.884
0.053
0.781
0.705
3.410
1.925
3.757
2.544
2.981
2.317
2.875
2.702
1.976
1.934
0.873
3.793
2.560
2.189
0.724
2.138
2.245
3.801
0.885
3.957
1.938
2.677
0.487
2.012
0.838
0.610
0.788
1.245
0.728
1.866
0.369
3.059
3.401
0.378
1.919
1.061
1.406
0.082
1.853
2.512
1.728
0.787
0.588
1.128
0.716
0.075
3.019
0.524
2.282
3.817
3.490
3.290
0.285
0.230
3.587
2.540
2.019
2.786
2.041
0.764
0.864
1.816
0.329
2.872
0.384
3.325
0.776
2.601
1.568
0.311
0.487
3.737
1.391
0.792
3.948
2.131
2.510
3.787
1.845
1.048
0.663
1.642
1.479
1.147
2.221
2.398
1.080
1.190
1.330
1.283
0.384
2.603
2.247
1.974
1.056
2.072
3.672
3.910
0.828
1.587
0.314
3.733
0.678
0.716
2.396
2.851
0.948
1.332
2.444
1.136
3.965
2.637
2.453
0.938
3.581
2.039
1.428
1.897
1.964
1.292
1.254
3.407
3.036
3.271
2.029
0.164
2.171
0.862
2.211
0.858
3.058
1.678
2.322
0.879
1.075
0.621
1.471
0.782
2.119
2.840
1.546
3.348
0.476
0.178
2.738
3.169
3.179
2.965
1.872
0.026
1.220
1.836
0.083
0.719
2.050
1.232
0.469
3.527
0.993
3.351
1.614
1.170
1.524
0.526
1.264
3.895
3.798
3.348
3.922
2.252
3.375
3.353
0.784
3.127
1.785
2.656
0.166
2.791
3.406
2.666
3.467
2.984
3.040
1.839
1.711
2.478
3.663
0.413
2.842
3.095
0.009
0.180
2.196
3.809
0.960
3.527
1.960
3.364
2.164
2.385
1.925
2.722
3.858
0.154
3.470
1.720
1.580
0.276
3.476
3.450
3.245
3.880
0.732
3.191
1.045
1.731
2.416
2.086
2.638
2.710
2.353
1.348
3.350
0.151
2.007
0.396
3.370
2.572
3.543
2.119
1.404
2.698
1.806
0.392
0.792
0.123
2.677
0.985
1.803
0.596
3.040
3.166
0.624
0.596
2.454
1.596
3.509
1.733
2.645
0.522
1.616
1.485
0.044
0.790
2.264
2.858
0.870
0.901
3.631
3.810
3.619
2.058
0.392
3.606
0.330
0.135
1.322
1.734
1.645
0.460
2.624
1.652
3.392
0.529
0.516
2.304
0.346
3.003
3.584
1.234
3.799
2.790
3.462
0.077
1.705
1.507
1.584
0.314
1.417
0.330
2.086
0.392
3.423
3.966
2.363
2.661
1.982
2.444
3.370
2.064
3.192
3.424
1.411
2.093
0.766
1.887
0.032
3.257
2.707
0.379
2.520
3.169
2.021
3.358
0.615
3.300
3.785
3.739
3.207
3.583
3.119
2.423
2.141
2.230
1.984
0.325
2.638
0.529
1.256
1.373
1.476
0.795
0.123
3.966
0.704
0.302
1.632
1.541
2.526
0.716
1.086
0.177
1.889
3.401
2.977
0.598
1.429
1.954
0.300
3.442
2.562
2.403
1.326
0.340
0.869
2.751
3.283
1.134
1.345
2.866
1.938
3.474
1.650
1.216
2.644
3.055
1.190
2.532
2.230
2.934
0.686
2.211
1.936
0.646
0.807
1.101
1.642
0.231
1.531
2.321
2.746
0.861
2.083
1.822
3.301
2.355
0.600
2.650
0.414
0.725
1.143
3.198
1.390
3.744
1.218
0.229
2.768
1.598
3.671
0.032
1.104
0.845
0.636
1.790
3.279
3.154
2.155
2.120
3.090
3.765
0.159
0.674
1.006
2.087
1.685
3.822
1.255
2.546
1.525
2.642
0.740
1.579
1.945
2.799
3.839
2.563
1.670
3.355
3.727
2.517
0.041
3.173
0.638
0.575
3.031
1.276
0.365
0.499
3.808
3.375
0.271
1.937
1.516
2.779
1.264
1.633
2.233
1.948
2.381
0.489
3.289
1.221
0.062
3.142
0.637
3.573
2.660
3.636
2.508
0.733
2.382
1.805
1.254
0.584
1.595
2.144
1.157
0.518
0.330
2.230
2.848
2.225
0.804
1.156
1.114
0.401
0.910
1.993
2.016
0.940
3.889
1.946
3.590
1.406
1.769
3.642
3.808
1.930
3.660
0.936
0.090
0.127
0.634
0.600
2.302
3.273
2.643
1.482
0.025
0.649
1.859
0.960
0.795
2.851
2.757
2.943
1.122
0.805
0.457
2.214
2.221
1.360
1.046
0.558
1.779
2.505
1.005
2.907
1.464
3.663
1.364
2.643
3.485
0.929
1.830
2.247
0.186
1.761
0.901
0.615
0.472
0.337
3.846
3.682
1.827
3.632
3.434
0.373
2.718
1.262
0.443
3.458
1.403
1.220
0.203
0.539
3.455
0.860
1.828
2.177
1.756
3.834
0.302
0.088
3.314
1.165
0.181
2.368
0.884
0.210
1.467
2.863
0.259
1.037
3.051
0.089
3.999
1.527
1.160
3.516
3.430
0.551
3.350
3.570
2.960
2.614
0.838
0.361
2.062
3.605
3.368
0.924
2.704
3.645
1.291
1.690
1.602
1.495
3.165
3.925
3.330
3.552
3.954
1.028
0.166
1.250
0.763
3.887
3.472
1.453
2.067
1.879
3.488
3.466
0.506
0.647
3.604
3.343
2.585
1.453
1.491
3.419
2.988
2.668
0.914
0.322
0.722
3.903
2.620
2.219
2.939
1.287
0.383
1.615
2.028
2.585
3.090
3.773
2.462
3.114
3.730
2.664
3.878
3.847
1.172
2.315
0.001
1.599
2.835
1.546
1.274
1.885
3.672
2.282
0.445
1.793
1.304
1.992
2.846
3.155
0.741
1.284
0.751
1.300
0.802
2.256
3.940
3.874
2.146
3.956
2.472
3.453
1.807
2.130
0.691
1.125
1.155
3.431
3.593
3.721
1.413
1.330
1.963
3.066
1.177
0.224
3.051
3.363
3.828
3.561
1.058
0.787
1.281
1.281
0.350
1.349
0.216
1.488
2.065
1.295
1.760
2.951
1.631
0.553
3.508
2.914
0.768
2.177
3.858
2.667
0.621
1.256
0.829
3.396
0.975
1.432
2.812
1.086
3.831
3.939
3.197
3.595
0.180
0.998
2.348
1.455
2.393
0.425
1.099
2.609
3.431
3.492
3.771
1.971
1.941
1.342
3.628
3.555
1.315
2.672
3.791
1.909
2.916
0.961
3.783
0.669
0.931
1.136
0.221
3.267
0.683
1.395
1.600
2.199
3.750
1.785
1.691
2.705
3.858
3.194
1.741
0.330
1.261
0.552
2.524
1.542
2.237
2.343
3.182
0.442
0.273
0.920
0.903
2.574
0.707
2.676
3.649
2.931
2.787
3.743
3.477
3.482
0.540
1.733
2.431
3.893
2.307
2.884
0.548
1.592
2.454
1.062
2.221
1.907
3.505
2.191
0.973
1.756
2.841
0.993
3.623
3.196
1.099
2.319
0.931
0.114
3.534
0.889
2.954
2.442
2.869
2.920
1.687
1.513
0.530
2.903
1.006
1.495
2.673
2.712
0.491
1.339
2.032
2.241
3.381
1.265
2.373
0.947
3.773
3.526
3.225
3.958
2.063
3.051
2.551
0.790
0.747
3.524
2.159
3.303
0.848
0.576
2.907
0.126
0.581
1.968
2.134
3.617
0.291
0.995
2.238
0.308
1.277
3.835
2.990
2.814
2.798
2.131
0.874
0.374
3.383
2.839
0.672
0.450
3.501
2.225
1.475
1.226
2.703
3.841
3.472
2.401
1.576
3.447
1.073
1.304
1.119
1.028
2.350
1.166
3.623
3.438
0.251
2.276
3.693
2.643
1.691
2.807
3.753
2.162
0.350
0.230
3.160
2.013
1.931
0.542
2.040
0.309
0.591
2.925
1.982
3.652
2.409
0.013
3.953
2.535
0.012
2.576
3.082
2.207
1.848
2.234
0.428
3.803
2.099
2.722
1.405
1.000
2.866
3.247
1.211
2.074
1.009
2.669
1.458
1.944
3.886
2.486
3.115
1.637
1.275
0.038
2.947
3.596
2.851
0.883
3.835
0.322
3.880
0.927
1.670
1.102
2.136
2.720
0.953
2.877
0.593
0.201
1.806
2.821
1.030
0.236
0.788
3.769
3.463
3.433
0.726
3.369
3.207
1.028
2.711
3.673
1.347
3.010
0.481
1.866
3.546
3.237
1.590
0.915
0.378
1.904
1.104
3.149
3.714
0.547
3.980
0.140
2.257
3.655
3.862
0.706
2.887
0.013
2.725
1.466
3.262
0.046
1.604
1.111
3.016
0.726
3.590
2.381
1.854
1.015
2.344
2.718
1.010
2.344
2.575
1.676
3.788
0.303
1.219
2.375
1.239
1.486
1.552
3.641
2.610
3.355
0.960
0.940
2.744
3.022
2.861
1.828
2.429
0.999
2.022
3.341
0.545
2.266
0.507
2.613
2.857
1.407
0.516
1.969
1.442
3.090
2.605
1.853
3.008
1.862
1.066
1.156
3.684
1.967
0.697
0.876
2.450
2.844
0.758
1.500
2.918
0.979
2.605
1.094
1.995
3.948
1.300
3.825
3.797
1.777
2.442
1.481
0.215
2.151
3.543
1.506
1.633
1.536
2.427
0.207
2.586
1.950
3.505
2.963
3.497
0.897
2.149
2.669
1.143
3.875
2.030
3.058
3.152
2.936
3.912
3.205
3.535
2.901
1.239
3.183
1.205
3.149
3.815
0.739
3.371
1.275
1.888
0.787
2.874
3.492
3.194
1.641
0.758
1.264
0.805
2.126
2.760
0.478
0.070
0.049
2.906
0.356
0.516
0.984
3.016
2.350
1.248
2.934
3.702
0.413
0.226
3.139
0.292
3.347
0.712
0.162
2.136
3.302
2.279
1.345
1.870
0.079
2.935
0.831
0.478
2.513
1.243
2.581
0.354
0.020
2.775
2.131
0.090
1.289
3.765
2.350
1.325
1.148
2.573
2.015
1.763
0.774
0.327
1.779
3.334
2.732
0.105
3.924
2.475
2.698
3.052
0.292
2.649
0.296
2.027
2.851
1.460
0.115
0.701
1.623
0.115
2.760
2.452
2.993
1.470
2.713
2.990
3.935
0.545
2.793
3.304
2.272
0.134
0.202
3.386
1.800
0.017
0.373
2.080
3.978
3.293
0.310
2.504
0.825
1.469
0.589
1.673
0.806
1.207
2.887
3.259
2.668
3.993
3.680
1.888
1.556
1.527
0.643
1.908
3.229
0.208
2.354
1.294
3.747
1.916
2.034
0.124
3.770
1.099
2.366
3.053
0.431
2.217
0.809
0.238
3.727
0.733
3.412
3.369
2.459
1.049
1.736
2.801
0.996
2.218
2.319
2.186
2.462
2.732
1.016
2.594
2.435
3.313
1.565
0.802
3.830
1.428
0.919
0.234
0.374
1.068
3.148
4.000
2.931
2.386
3.131
3.510
3.874
3.895
0.801
1.379
1.858
1.178
2.348
1.606
2.513
0.454
0.591
3.496
1.954
2.834
2.627
0.325
1.475
3.747
0.901
1.465
1.386
3.744
0.007
3.480
3.677
1.805
3.815
3.670
1.036
0.230
3.916
2.580
3.734
3.372
2.932
0.209
3.970
0.684
2.885
1.948
3.504
3.962
1.604
2.728
2.755
3.146
1.074
3.427
3.993
2.686
0.635
0.274
1.889
1.227
1.141
3.797
1.370
1.242
3.440
0.818
3.601
2.263
1.954
3.055
3.877
1.456
3.694
1.077
2.304
2.589
0.671
2.694
3.383
2.761
1.474
0.283
1.945
1.825
1.697
2.126
0.359
2.013
2.911
2.543
3.543
3.065
0.051
2.383
2.029
3.025
3.386
1.421
3.153
2.859
3.624
3.239
2.474
0.220
3.254
1.385
1.544
3.880
3.886
0.901
2.449
1.786
2.140
3.771
3.842
0.162
1.524
2.394
3.672
2.720
2.809
1.884
0.419
1.807
2.540
1.803
1.365
3.168
0.624
2.903
1.271
3.047
1.333
0.484
3.805
0.432
3.618
3.198
1.177
2.549
0.259
2.413
0.641
0.050
1.185
0.734
1.880
1.865
0.204
0.796
2.765
0.327
0.408
1.178
2.576
0.895
1.683
1.082
1.483
1.721
2.051
3.356
2.963
2.285
0.963
2.531
3.757
1.462
1.207
2.708
0.120
1.625
2.754
1.462
1.290
2.801
2.648
0.373
1.487
1.344
3.959
0.337
0.211
1.283
1.858
2.549
1.197
3.202
0.010
3.804
3.131
3.424
3.803
3.765
0.048
3.258
2.307
3.861
0.336
2.194
0.416
0.712
2.354
2.210
0.268
1.261
3.875
2.688
0.842
0.262
3.967
1.000
2.516
3.312
3.321
0.385
1.441
2.335
2.715
0.568
0.704
3.212
2.956
3.372
3.574
3.230
3.532
1.650
0.513
3.045
1.164
2.937
0.181
2.084
3.544
1.511
1.317
3.603
1.776
1.916
1.171
2.080
3.375
1.502
3.053
1.154
0.154
3.182
0.641
3.063
3.940
0.331
3.789
0.301
3.758
1.670
1.932
3.187
0.991
0.940
0.525
1.088
3.985
0.333
1.549
0.247
2.678
3.883
2.731
3.463
1.027
3.407
1.946
0.328
0.398
1.081
1.142
1.277
0.517
1.385
0.208
2.421
0.190
0.866
3.323
2.922
1.743
3.098
0.635
0.632
2.943
0.182
0.526
0.777
2.172
3.269
0.242
2.645
2.688
0.856
3.343
0.589
0.069
2.961
1.201
0.052
1.236
3.811
0.685
2.928
1.972
1.284
1.228
3.227
2.422
0.118
1.588
1.871
2.779
1.767
1.948
2.345
2.235
2.788
0.376
3.031
3.224
1.785
0.225
1.217
0.085
0.174
2.683
0.103
2.508
2.418
0.509
3.570
1.474
0.891
2.861
2.035
0.837
1.148
3.186
0.409
3.355
1.140
0.283
3.995
3.647
2.784
0.956
0.108
2.417
2.320
3.056
0.248
0.280
0.987
0.268
3.869
3.581
3.830
0.666
2.100
2.866
3.814
1.801
2.188
2.969
0.938
0.064
1.052
0.190
1.646
3.031
0.970
0.605
2.623
0.713
2.287
2.296
0.906
2.888
2.935
3.120
1.268
1.108
2.649
0.611
3.954
1.520
2.947
1.726
3.099
2.286
0.243
1.334
0.545
1.179
0.929
3.725
1.264
2.845
3.807
2.876
1.247
3.248
0.966
0.810
2.437
0.984
2.981
1.100
0.206
1.425
2.286
2.438
2.840
0.078
1.632
3.134
3.651
0.067
0.709
3.531
2.579
3.307
1.363
3.528
1.525
3.733
0.249
0.771
0.169
3.854
3.351
1.509
0.637
0.921
3.476
0.761
2.162
2.191
1.651
3.106
2.730
2.021
2.297
0.306
3.745
2.956
2.114
0.911
3.838
0.505
3.798
0.097
1.217
0.953
2.054
1.243
0.346
3.361
2.768
2.042
2.218
2.782
2.806
1.475
0.128
1.798
1.574
1.529
0.625
3.611
0.311
1.292
2.157
2.220
3.000
2.880
3.979
3.618
3.882
0.652
0.979
2.502
2.714
3.249
2.352
1.603
2.273
2.204
1.440
3.581
0.986
3.256
0.532
0.301
1.210
0.936
2.065
3.360
2.306
3.598
0.435
2.895
1.511
0.822
2.461
0.968
0.544
3.911
1.610
1.268
3.938
3.224
3.153
0.369
0.289
1.159
0.747
1.478
3.935
0.823
3.238
3.349
2.006
1.796
0.072
1.005
0.368
3.835
2.240
2.887
3.656
2.986
3.517
1.257
3.432
2.294
1.570
0.936
0.419
3.130
0.560
3.876
3.851
1.149
1.968
3.622
1.157
2.978
2.624
0.333
2.515
1.952
2.330
3.876
1.262
3.586
1.922
1.353
0.697
1.902
2.299
2.522
0.527
0.384
3.649
1.669
3.990
2.002
0.025
3.830
3.680
1.624
3.398
0.626
2.100
1.112
1.462
2.548
2.227
0.465
2.700
0.153
3.641
1.638
2.623
0.443
1.235
2.969
0.578
2.612
2.076
1.652
3.156
3.342
3.703
3.277
3.997
0.048
1.927
1.183
2.643
2.710
2.167
2.216
1.117
3.351
3.423
3.461
0.024
2.778
0.157
2.614
2.223
0.838
0.696
0.872
1.509
3.221
3.179
3.590
2.227
0.793
1.690
0.394
3.397
0.419
3.834
1.075
3.647
1.453
2.913
0.274
1.175
3.309
2.730
2.840
3.923
0.976
1.166
2.716
1.295
0.846
3.827
3.285
0.003
0.899
1.409
0.351
1.014
3.082
3.847
0.272
0.041
1.597
0.883
3.234
2.697
2.891
0.398
1.245
1.143
1.269
2.641
2.165
1.967
2.345
0.451
2.926
1.020
2.964
0.631
1.070
2.083
0.757
3.809
1.832
0.452
3.148
3.463
0.223
3.966
2.418
1.205
1.895
2.453
0.354
1.000
1.077
2.228
3.026
3.678
2.436
3.025
3.407
2.926
0.456
2.619
2.839
0.865
2.776
1.395
3.750
3.421
2.891
1.274
3.559
2.842
0.733
2.618
1.390
3.081
0.849
3.155
2.961
1.162
3.276
2.448
2.969
0.238
1.632
2.064
2.289
1.738
0.609
1.357
3.488
0.804
0.706
1.646
2.434
3.186
3.942
3.601
0.188
0.789
2.231
1.739
1.901
3.303
0.215
2.218
0.111
0.634
0.552
3.487
2.591
1.292
2.046
3.846
3.855
3.496
1.417
3.600
2.408
0.388
0.167
0.267
1.039
2.627
2.689
1.141
2.707
0.525
2.604
2.547
1.990
3.986
3.325
1.244
3.607
3.683
1.887
2.674
3.175
3.230
2.372
1.153
1.162
3.552
0.533
0.588
0.882
1.215
2.761
0.955
1.440
0.164
2.084
3.483
0.682
3.161
3.649
2.429
3.489
1.118
3.955
1.278
3.169
3.610
2.096
0.365
0.235
0.054
1.370
3.152
3.511
0.318
1.820
3.780
3.311
0.009
0.636
1.022
3.315
1.233
3.809
1.385
2.840
2.296
1.031
2.863
2.326
1.687
2.553
2.731
2.178
2.544
1.571
3.763
2.477
1.950
0.663
3.392
0.650
0.547
1.921
3.590
1.807
0.283
3.632
3.598
2.278
3.562
3.706
1.184
0.757
1.629
1.527
2.693
1.524
3.683
3.509
3.937
0.360
3.093
1.346
0.826
2.059
2.950
1.798
0.679
0.851
2.338
2.838
0.244
1.588
0.823
1.064
2.739
2.200
0.043
3.523
3.598
0.722
3.663
3.425
3.088
1.087
0.572
3.702
3.640
2.937
0.865
2.975
0.435
3.842
3.977
3.201
3.706
1.620
1.276
1.125
0.197
3.852
3.491
2.636
1.374
3.221
0.544
2.221
1.197
0.967
3.650
2.941
0.690
0.536
3.041
3.686
2.009
1.407
3.170
1.951
3.353
3.121
2.995
3.972
1.830
1.691
3.742
3.779
2.241
0.864
2.470
0.567
3.769
1.104
2.867
1.776
1.686
1.724
0.846
3.339
1.441
0.218
1.882
0.821
1.868
1.665
3.424
1.470
2.769
3.978
1.312
1.721
1.737
1.778
1.812
3.258
1.866
0.881
0.693
3.477
3.837
0.631
3.720
1.042
2.907
2.742
1.003
0.184
1.440
2.845
2.815
2.519
0.867
2.585
0.846
2.337
1.365
1.922
0.261
2.725
1.020
1.165
2.523
1.295
0.884
0.339
2.614
3.934
0.096
1.628
1.137
0.686
2.094
2.911
1.671
3.748
0.975
0.846
2.870
3.502
0.162
0.464
2.955
0.645
1.820
2.918
3.573
0.660
2.816
1.804
2.449
3.247
1.532
1.375
3.806
3.796
3.484
1.029
0.231
2.574
0.418
1.585
1.479
2.044
3.472
0.163
0.647
3.546
3.970
3.887
0.218
3.583
3.558
0.167
1.664
1.013
2.635
0.972
0.616
3.708
2.416
2.309
1.048
2.557
1.477
0.004
2.494
2.188
0.235
2.934
3.997
1.353
2.610
1.030
3.320
1.687
2.944
1.627
1.877
3.338
0.309
0.168
2.923
0.004
3.421
3.808
0.706
1.960
1.666
3.097
1.649
1.900
1.085
3.751
3.012
2.780
2.712
3.371
0.095
1.283
2.254
3.068
3.723
1.178
2.865
1.064
1.555
1.508
0.663
0.646
1.718
1.442
1.613
2.264
3.335
2.565
2.543
3.076
1.681
2.492
2.327
0.937
0.062
0.914
1.623
1.578
1.903
0.523
1.070
1.667
3.138
0.746
2.483
2.439
0.669
3.813
3.323
2.792
1.469
0.407
3.618
2.978
2.873
3.976
0.494
0.463
1.627
2.792
0.622
2.065
1.502
0.916
3.121
3.113
2.561
3.437
2.871
3.189
1.622
3.758
0.637
2.889
1.025
3.093
2.105
1.114
3.516
3.011
2.611
3.526
0.839
0.546
0.293
0.114
2.619
2.233
1.338
1.209
0.142
2.447
1.176
0.833
0.865
2.464
0.682
3.920
3.766
3.920
2.873
1.747
1.126
1.697
1.045
3.788
0.877
2.702
1.950
2.287
1.343
0.643
3.376
1.966
1.026
2.602
0.331
3.596
2.024
3.063
0.091
2.545
2.739
3.024
3.451
3.975
1.721
3.926
1.803
1.016
1.804
0.331
3.037
3.000
0.154
3.671
1.751
1.807
3.380
3.813
2.909
1.345
1.594
3.825
0.820
0.400
3.076
2.025
3.194
0.331
0.176
0.249
1.045
2.548
3.143
0.258
3.333
2.189
1.751
3.276
0.478
2.112
2.915
2.911
1.291
1.093
1.946
3.011
3.326
0.021
3.633
3.532
3.339
3.937
1.054
3.048
0.235
3.888
0.817
2.286
3.818
0.906
1.401
2.890
2.621
0.778
2.292
3.627
3.255
2.837
1.836
2.306
3.932
0.668
3.040
3.927
2.246
3.387
0.970
1.925
1.740
1.083
0.999
3.834
1.477
1.033
1.819
3.307
3.539
0.459
2.957
1.134
3.278
0.911
3.488
0.774
0.156
0.716
2.683
0.858
3.109
1.518
2.534
2.246
3.659
0.580
2.427
0.424
0.358
0.276
3.641
1.378
3.645
2.162
1.948
0.573
2.850
0.998
0.273
0.230
0.810
2.301
0.182
1.852
0.450
3.248
2.911
2.762
1.690
1.202
3.721
3.427
0.159
2.630
1.546
0.403
3.456
1.873
1.224
1.983
0.083
0.002
2.047
3.972
2.660
2.883
3.907
1.476
0.682
2.657
1.056
1.206
2.822
3.950
1.250
1.504
0.663
1.452
1.049
0.164
0.745
0.884
2.068
1.067
1.944
0.937
0.194
3.781
0.458
3.394
0.078
3.471
1.043
0.471
0.667
1.822
0.660
2.273
0.109
1.156
1.308
1.357
0.041
3.514
2.580
1.484
2.096
0.199
1.368
0.004
3.414
3.121
2.117
3.653
0.989
1.270
0.196
0.138
2.894
3.718
3.173
2.500
1.731
2.797
0.180
2.069
0.099
1.436
2.057
0.700
1.438
1.110
2.582
0.038
0.302
1.455
1.856
0.713
3.922
3.335
2.792
3.651
3.870
1.981
0.656
1.088
0.699
1.791
1.745
0.432
1.623
3.506
2.519
3.752
1.621
3.664
2.922
1.483
1.778
1.596
1.088
2.812
3.277
2.726
1.289
1.297
1.091
2.475
2.722
2.372
0.299
0.860
3.601
3.721
1.856
1.677
1.056
3.894
1.712
0.151
0.431
3.081
1.399
3.030
3.858
0.606
3.477
3.325
3.339
2.510
1.704
0.235
2.096
1.483
1.358
1.286
1.553
0.458
3.806
0.299
0.087
0.311
1.264
3.520
1.561
1.437
0.609
1.109
2.635
2.347
1.189
0.143
2.015
3.983
2.748
0.389
0.030
2.103
3.917
1.338
1.307
3.879
1.158
2.314
0.822
2.752
0.608
0.969
0.246
3.633
2.970
1.058
3.232
0.686
2.416
0.120
3.196
0.238
2.387
1.523
1.123
3.735
2.283
3.334
2.086
0.234
1.178
2.526
1.390
0.564
2.047
1.314
0.663
0.067
2.430
0.705
2.683
3.764
0.994
2.856
1.403
2.790
2.197
2.419
2.345
2.152
3.015
3.771
2.449
3.091
0.692
3.887
3.449
2.795
0.492
1.571
0.974
1.693
3.654
0.862
2.841
0.274
2.058
1.679
0.369
3.113
1.538
2.069
2.063
3.711
0.378
1.935
3.629
3.824
3.169
1.710
0.053
1.053
1.083
3.148
0.340
2.811
1.492
3.272
3.521
1.160
2.999
2.482
3.661
3.552
2.069
3.919
3.872
3.185
0.821
3.422
2.673
1.434
1.956
1.732
2.593
3.776
2.356
1.102
0.508
3.617
3.608
1.056
3.965
1.614
1.493
2.743
1.633
1.374
1.443
0.229
3.015
3.798
1.027
3.982
0.688
3.903
3.715
2.953
1.591
3.594
0.490
2.850
2.265
3.645
1.329
3.565
2.441
0.073
1.112
2.168
2.015
0.109
0.246
1.500
0.197
3.134
1.075
0.119
0.486
2.237
3.112
1.172
1.161
0.453
3.183
1.778
2.067
2.301
2.758
2.579
0.761
3.846
2.095
1.344
0.440
3.372
3.201
0.867
0.592
1.586
3.262
1.858
0.928
3.362
0.800
2.137
3.917
0.174
2.710
0.162
3.121
3.650
3.202
3.751
1.524
0.088
1.804
1.869
0.191
3.330
0.712
0.404
0.834
3.019
0.141
0.111
0.259
1.073
1.738
2.238
0.139
1.115
2.704
0.822
0.232
3.626
0.947
0.244
2.872
3.750
2.428
2.337
3.477
0.977
1.771
3.236
3.793
2.323
0.310
2.053
1.743
1.174
3.907
3.654
3.989
2.615
2.208
3.938
2.707
2.845
3.448
2.460
0.564
3.214
0.464
1.635
1.537
0.410
2.291
0.401
1.929
3.527
1.506
0.944
3.874
2.011
0.457
3.893
0.565
1.881
1.547
2.432
0.610
1.181
1.965
2.801
0.164
1.256
1.545
1.947
3.852
0.253
1.903
2.379
3.024
1.134
1.546
3.798
2.481
0.540
3.339
0.632
0.607
3.004
3.565
2.365
0.673
3.287
1.699
3.365
3.129
2.026
1.136
0.910
3.787
2.426
3.272
2.197
1.091
2.372
2.669
1.348
1.011
3.136
1.467
1.780
0.636
2.763
0.775
3.747
3.147
1.235
3.475
3.522
3.612
3.714
0.670
3.326
2.933
3.404
0.963
2.050
0.251
1.006
1.820
1.705
2.293
1.284
3.450
3.696
3.337
2.892
3.965
2.194
3.904
1.429
2.011
1.265
1.764
1.568
1.650
3.857
1.466
2.165
3.929
0.353
0.376
2.408
0.422
2.145
0.074
1.337
3.959
1.477
1.963
3.493
0.815
0.848
3.077
3.990
2.833
3.290
0.329
2.938
1.279
1.133
2.816
3.977
0.643
1.139
2.302
0.537
0.189
2.439
1.633
2.523
1.752
0.233
1.586
1.250
2.063
2.988
2.538
3.755
0.871
3.691
0.343
1.027
2.152
0.684
1.931
0.210
0.933
0.733
3.400
0.514
0.521
0.163
1.759
2.352
2.424
1.280
2.960
1.122
1.776
0.752
3.514
3.091
0.789
0.219
0.724
3.007
1.570
1.125
3.447
1.338
1.572
3.625
3.304
1.455
2.032
1.386
1.398
1.607
3.920
2.172
3.816
3.199
3.258
0.386
0.629
3.671
0.098
2.023
3.548
1.175
3.011
3.004
1.057
1.301
3.651
0.455
0.601
3.242
1.750
1.179
1.262
2.092
3.852
2.487
1.377
3.372
3.164
1.447
1.683
1.403
1.088
3.774
3.815
0.837
1.315
0.763
2.370
0.409
2.807
2.038
2.264
1.896
2.554
1.354
1.703
3.309
0.686
0.290
0.892
3.504
3.343
0.385
3.448
1.668
2.639
2.129
3.497
3.565
2.123
3.193
0.565
2.950
2.333
0.359
0.641
3.230
0.369
1.866
1.131
1.220
1.819
1.210
3.978
3.768
0.977
1.918
2.794
1.055
3.954
3.419
2.669
1.520
1.116
0.841
3.130
2.675
0.222
0.435
1.787
1.453
1.689
3.281
2.304
1.297
0.623
3.022
3.581
2.828
0.552
2.631
3.428
2.748
1.250
0.514
1.513
3.506
1.610
3.772
0.986
2.335
2.200
0.000
1.940
2.387
0.962
2.761
0.752
2.997
1.472
3.696
1.345
0.527
0.202
0.208
3.553
1.750
3.472
1.771
3.997
2.422
2.042
2.116
2.301
2.448
1.782
2.900
1.937
3.990
0.386
2.957
2.657
1.863
0.823
1.792
0.182
2.761
1.998
2.734
2.743
1.113
2.066
3.986
3.030
2.794
1.903
2.809
0.267
3.447
1.410
1.148
2.364
3.832
3.668
2.251
0.479
0.400
1.393
3.165
1.844
1.212
0.693
1.481
3.317
1.338
2.855
2.280
3.875
0.051
3.661
0.971
1.171
2.410
1.711
1.547
3.241
0.218
0.287
3.766
3.615
3.919
1.459
0.861
0.303
1.603
2.502
3.593
2.537
2.126
1.073
2.837
3.641
0.217
1.218
1.325
0.021
2.513
2.926
1.803
1.041
2.611
1.806
1.564
2.408
2.498
2.364
0.164
2.712
3.158
2.445
2.111
0.889
0.655
1.603
1.413
1.617
1.694
2.458
2.082
0.056
2.408
3.553
2.053
0.828
0.041
0.796
3.445
0.775
1.259
2.241
1.685
2.775
0.926
1.808
1.737
0.786
3.533
3.457
3.543
0.287
1.814
2.420
2.726
1.413
1.674
2.264
2.732
2.328
1.169
3.891
2.792
1.786
2.100
1.021
0.436
0.294
3.658
0.261
3.779
2.950
2.632
0.556
3.364
1.781
3.812
0.652
2.103
1.259
3.525
2.117
0.695
3.714
0.666
3.546
0.853
3.455
1.088
2.769
3.798
1.709
0.889
2.193
2.685
0.803
1.948
3.850
2.976
1.589
0.914
1.287
2.247
0.689
0.942
1.141
0.518
3.911
3.599
2.036
1.914
3.066
2.659
2.391
0.309
1.422
1.916
1.800
3.592
2.138
3.667
2.829
3.271
2.321
3.204
3.394
2.368
2.669
1.409
2.316
2.908
1.220
0.476
2.240
0.757
1.320
0.813
0.763
0.199
0.694
2.328
0.469
3.318
0.386
2.614
1.468
2.133
3.313
1.929
2.149
0.409
2.347
2.409
1.008
1.123
3.048
2.642
0.754
2.844
2.596
2.459
1.326
1.589
1.930
2.769
3.025
2.208
2.763
3.256
0.652
0.957
2.877
2.940
2.364
0.611
0.000
2.874
0.902
1.357
2.545
0.674
3.900
2.640
0.640
1.105
2.197
1.266
1.130
1.605
0.366
3.267
3.601
2.418
0.137
1.381
2.986
1.916
2.936
2.496
3.943
0.733
2.476
3.970
2.955
1.469
0.141
2.494
3.953
2.045
2.832
1.983
2.314
0.166
3.041
3.989
0.161
1.903
2.083
3.178
3.204
3.057
3.750
3.694
3.672
3.762
1.078
3.527
3.461
0.686
3.496
3.514
0.201
1.221
1.314
1.175
2.711
0.230
3.322
3.321
1.214
0.176
3.211
3.215
3.642
3.910
3.597
2.042
2.549
1.878
0.629
2.537
1.332
0.213
3.454
0.843
3.921
0.939
3.276
3.031
2.524
2.427
0.315
3.162
3.698
1.284
3.628
0.396
1.748
2.015
2.628
3.359
0.332
2.071
2.019
2.826
2.165
1.337
1.971
0.761
0.843
2.596
0.540
0.844
2.040
3.237
3.647
0.844
1.752
0.189
1.377
0.536
0.721
0.014
3.928
2.344
0.833
0.133
2.235
3.472
3.024
1.280
3.079
2.040
3.101
1.608
2.496
1.549
1.912
1.248
0.296
1.994
1.401
0.682
2.739
0.057
0.354
2.930
1.722
0.992
1.014
0.355
1.265
3.204
2.261
1.787
1.652
0.975
2.648
2.696
0.280
1.385
3.389
0.342
2.088
0.213
3.218
3.053
3.357
0.444
2.093
2.259
0.780
1.976
2.803
3.384
2.837
2.217
2.831
3.417
2.890
0.503
3.167
2.707
0.793
2.594
2.303
2.494
0.424
2.989
0.240
3.686
0.211
2.393
1.119
2.563
0.563
3.398
1.945
3.378
0.019
3.288
0.886
0.235
1.054
0.836
3.765
1.144
0.610
2.078
3.600
3.848
3.780
0.267
3.438
1.749
3.498
1.540
3.239
3.232
2.655
2.334
1.171
0.663
1.749
1.154
0.453
2.548
3.002
2.044
0.766
3.578
2.821
3.946
0.221
0.738
2.523
1.097
0.048
1.160
2.467
0.737
1.392
1.081
1.033
3.604
3.983
1.044
1.327
2.034
3.982
0.387
3.079
1.984
2.876
0.104
0.859
0.858
1.123
1.333
2.591
0.779
3.047
0.986
0.248
2.753
3.561
0.465
3.707
3.182
2.367
1.951
0.925
0.260
1.577
1.376
0.903
2.014
0.047
2.025
2.359
2.100
2.245
3.577
2.593
1.938
3.080
0.466
1.729
0.355
0.897
2.577
3.303
0.664
0.703
2.588
3.153
3.893
2.695
1.692
2.595
1.919
3.303
0.932
3.082
3.312
3.201
1.090
1.856
1.933
3.125
1.812
3.527
1.676
1.835
2.593
3.113
0.226
3.198
0.257
1.736
2.285
3.106
1.753
2.993
2.449
1.848
3.345
1.982
1.776
1.516
3.710
3.990
0.042
1.212
2.969
0.089
1.788
3.018
0.362
2.163
0.487
1.119
0.033
0.343
1.490
0.931
3.342
3.416
2.915
0.753
3.099
1.421
2.204
1.187
0.341
1.498
2.825
3.463
1.503
0.992
0.420
0.811
3.274
3.857
2.697
1.136
1.956
1.623
2.440
0.528
1.808
0.500
2.247
3.503
2.634
1.618
2.943
1.373
0.784
3.991
3.107
2.785
3.795
3.463
2.716
0.210
1.020
1.734
3.680
1.053
2.914
1.479
1.828
0.043
0.038
2.669
0.946
0.712
3.372
3.356
1.505
0.009
2.216
1.546
0.980
3.478
2.699
1.186
0.985
2.943
0.878
0.885
0.947
0.256
3.395
0.651
0.601
3.421
3.853
3.792
2.350
3.308
2.349
1.997
3.366
0.139
3.000
3.759
0.270
1.085
3.856
3.436
0.337
1.554
1.228
2.582
2.405
1.136
2.266
2.627
1.995
2.658
3.521
0.549
0.629
3.468
1.265
0.857
2.941
3.772
3.488
0.040
2.875
3.762
1.815
3.580
0.145
3.272
1.942
0.663
2.073
2.813
3.766
3.952
2.032
1.110
3.040
1.085
3.947
3.618
3.143
0.988
2.658
3.045
2.491
3.692
0.395
2.467
0.149
1.004
0.255
0.457
3.342
3.216
0.253
1.453
1.876
3.969
0.396
1.647
3.871
1.468
2.187
2.783
0.750
1.408
1.060
3.503
3.091
3.328
3.490
2.278
2.725
1.506
1.846
1.434
2.386
2.121
3.540
0.455
0.241
2.048
0.621
0.449
2.797
3.528
1.692
2.586
1.963
0.831
1.852
3.290
2.464
2.164
2.374
0.116
0.312
2.200
1.894
0.485
3.752
1.978
1.132
2.835
2.810
3.334
1.498
0.240
0.568
0.592
2.419
0.201
2.246
0.941
0.813
1.034
1.387
2.750
0.868
3.191
1.694
3.983
1.126
2.827
0.502
0.989
2.831
3.080
3.377
3.083
2.635
1.760
3.019
2.693
1.936
0.542
3.414
0.259
0.496
2.249
2.102
3.659
3.449
3.451
3.449
3.611
2.419
1.345
3.993
1.322
1.174
0.781
3.188
0.612
0.088
1.273
1.320
1.773
3.694
1.001
2.857
0.647
3.647
3.025
0.206
3.719
3.689
0.342
1.591
2.427
1.544
2.903
3.700
3.520
1.111
3.337
2.782
2.928
0.982
2.900
3.034
2.447
3.975
3.018
2.386
1.504
1.247
2.818
1.242
2.292
3.543
1.171
1.219
1.791
1.179
3.002
2.635
0.488
1.651
2.028
3.246
3.064
3.049
3.583
2.660
0.865
0.957
1.788
2.889
1.684
0.119
3.134
1.656
1.187
1.864
1.367
1.362
0.260
0.129
0.609
3.026
3.613
2.902
2.759
1.050
3.189
2.000
1.473
1.325
3.218
2.312
2.404
3.951
2.204
0.001
1.898
2.809
2.723
3.613
3.940
1.193
0.560
2.656
1.936
1.928
2.562
0.917
1.760
1.643
1.521
2.655
3.536
2.303
0.439
0.749
3.721
0.627
3.772
3.025
2.317
3.688
3.506
2.143
2.443
2.767
3.403
1.846
2.968
1.444
1.311
1.782
1.548
1.962
3.100
2.754
1.184
2.027
0.648
3.942
0.254
2.523
2.192
3.518
0.020
3.020
0.462
0.014
0.710
2.476
2.194
3.944
1.546
3.218
1.930
3.354
3.453
1.052
3.470
3.371
3.708
1.273
1.879
2.248
1.391
1.376
1.685
3.038
1.281
2.434
2.674
2.737
3.695
0.382
1.665
1.568
2.794
1.883
0.706
2.086
1.987
2.947
3.304
0.850
0.336
2.181
0.644
2.644
0.230
2.284
3.182
0.581
2.117
3.356
3.563
0.880
2.688
1.594
0.506
0.729
2.686
1.126
2.118
3.341
3.371
1.000
1.037
0.184
2.690
1.792
0.877
2.316
1.330
2.774
1.625
0.871
3.066
3.310
0.977
0.958
3.222
0.876
3.014
3.577
3.558
1.049
1.227
2.639
3.505
1.819
3.534
2.768
0.456
1.763
0.809
0.291
1.679
0.876
3.338
0.658
3.426
2.292
1.709
2.522
0.946
2.646
1.822
1.796
0.351
2.494
2.030
2.238
1.690
3.991
3.858
2.435
0.049
2.941
0.313
2.575
0.166
2.364
3.493
1.949
3.776
2.884
0.020
3.875
3.784
1.540
2.752
0.572
1.389
3.004
0.315
0.491
3.378
3.767
0.174
0.706
1.080
2.467
0.274
1.179
3.865
2.357
0.743
2.086
2.542
0.800
0.688
3.838
3.663
1.720
3.837
2.046
0.493
0.096
0.570
0.383
2.274
0.874
2.837
1.175
2.420
0.076
2.529
0.486
0.418
1.432
3.048
3.600
1.446
3.507
2.148
3.981
2.111
2.089
1.564
2.193
2.212
2.511
1.495
0.679
1.065
2.623
1.717
3.942
2.658
1.266
3.916
1.365
2.827
1.427
3.752
3.764
3.599
3.617
0.261
0.746
3.018
3.583
2.374
0.026
2.988
3.118
1.656
2.107
3.082
1.498
2.800
2.034
0.743
2.020
2.994
2.452
1.930
3.118
3.957
0.759
1.054
2.712
2.258
1.883
2.867
3.731
2.477
3.066
0.033
0.143
1.838
1.992
0.195
2.385
0.115
2.712
3.618
0.729
2.964
3.032
2.888
0.915
2.236
2.376
1.609
2.272
1.416
2.621
1.716
0.626
0.026
1.984
0.735
2.395
1.630
3.763
3.225
0.617
2.037
1.609
0.638
0.017
3.354
0.931
2.947
2.784
1.737
0.190
1.666
3.382
4.000
1.998
3.247
1.501
0.691
0.355
2.364
3.157
0.809
0.763
2.188
1.012
0.010
2.602
1.560
2.109
2.000
3.854
0.800
0.531
1.721
1.108
0.924
1.888
1.021
0.761
1.159
0.079
2.689
2.428
0.904
0.423
1.048
2.771
0.653
1.067
0.734
1.359
3.923
2.447
1.881
1.571
0.830
0.651
1.585
1.224
3.729
2.676
2.371
3.277
2.218
3.853
0.311
2.841
0.783
2.138
0.510
2.672
1.517
2.486
3.869
3.458
0.591
3.194
2.350
3.393
0.530
2.890
2.412
3.902
0.850
1.741
3.856
2.858
1.254
1.493
1.990
3.210
2.316
0.132
2.872
1.681
2.494
0.210
0.299
1.028
3.273
1.317
3.305
2.351
2.414
2.706
0.100
1.008
2.504
1.725
2.700
2.933
0.397
1.528
3.969
1.503
0.642
1.403
3.314
0.562
0.613
3.130
3.000
0.809
2.807
2.924
3.861
0.496
0.688
2.795
1.112
1.210
2.401
3.590
2.047
3.488
1.863
2.489
1.601
1.124
2.970
2.426
3.045
1.245
2.023
1.637
3.572
1.571
0.014
0.505
2.043
2.750
2.007
3.862
0.897
2.276
1.634
2.097
2.022
3.189
0.572
3.684
1.336
3.630
3.910
1.173
0.883
0.276
2.406
2.204
0.460
3.805
1.908
2.777
3.078
3.722
0.594
1.789
2.029
1.276
2.184
1.771
3.886
0.620
3.899
2.766
1.444
2.010
3.708
2.487
3.460
0.515
0.282
2.147
1.935
3.606
3.067
3.780
0.812
0.921
1.026
3.401
2.110
1.632
0.858
3.018
2.842
3.047
2.866
3.287
2.518
0.432
3.160
1.515
0.586
0.507
2.518
2.759
3.859
3.678
0.959
2.914
1.801
0.774
2.986
1.971
2.477
0.919
3.440
1.059
2.035
0.138
0.052
0.380
1.794
3.391
2.021
2.845
1.320
1.947
2.330
3.979
3.303
3.376
3.022
0.581
2.639
0.886
3.273
2.667
1.783
0.347
3.866
1.371
1.289
1.061
0.538
1.775
2.357
2.181
0.693
2.039
3.302
0.661
3.077
0.758
2.047
2.708
0.289
3.097
0.040
0.951
3.370
1.080
3.462
1.847
2.210
0.289
3.135
2.374
1.165
2.288
1.258
3.608
1.995
1.217
0.883
3.524
2.141
2.321
3.014
0.226
3.364
3.567
2.258
3.744
3.861
3.035
3.160
3.677
0.286
0.450
3.669
3.139
2.423
2.983
1.605
2.862
2.808
3.375
2.612
2.740
2.194
0.464
3.697
1.711
1.534
2.367
3.356
0.616
0.009
2.839
3.162
2.477
2.653
3.750
0.793
0.668
0.246
3.157
2.661
3.484
2.399
3.106
1.608
3.898
2.143
2.081
3.603
1.599
2.829
3.929
2.899
0.900
1.769
2.140
1.857
2.691
3.828
1.484
1.392
1.347
0.022
2.336
3.006
0.334
3.208
0.399
3.389
1.239
1.062
2.089
3.779
0.042
1.812
3.489
2.598
1.678
2.554
0.575
3.302
3.274
3.500
2.341
1.966
1.929
0.120
2.439
0.810
2.494
0.913
1.172
0.681
2.542
1.391
1.915
1.468
3.549
2.907
2.467
0.466
3.300
2.042
2.375
0.924
0.618
0.548
3.928
2.308
1.742
1.217
1.301
0.253
2.018
1.548
1.240
1.770
3.060
2.709
3.720
3.920
2.113
0.052
0.165
0.024
1.093
1.315
0.094
2.408
3.604
1.647
2.493
0.731
3.226
2.728
1.708
2.156
3.459
0.496
3.360
3.938
0.923
2.386
3.538
2.433
0.760
2.486
2.435
1.106
0.690
1.637
1.650
3.811
1.710
1.272
0.518
0.421
3.211
0.643
1.120
1.848
2.091
3.126
2.044
0.525
3.435
0.383
3.495
0.656
0.426
1.451
1.010
3.817
1.374
3.169
3.826
1.966
0.102
2.893
0.858
1.451
2.383
2.057
0.270
2.342
3.748
3.896
3.804
3.177
2.683
2.535
0.283
0.194
0.094
1.629
2.151
2.174
0.890
0.901
0.425
3.205
0.616
0.149
1.090
1.999
1.328
0.691
1.788
3.844
0.201
1.707
3.504
1.812
3.876
1.580
0.057
3.581
1.120
2.080
0.296
0.995
0.123
0.119
2.237
3.458
0.563
1.816
2.759
1.330
0.600
2.717
3.033
3.649
3.000
2.300
2.488
1.860
2.846
0.250
2.937
3.655
3.645
0.505
1.374
2.576
3.077
2.692
2.997
3.774
2.278
1.345
3.168
2.074
3.228
1.152
0.313
1.483
3.694
3.502
3.160
3.326
2.128
1.716
1.269
1.377
2.043
3.623
1.459
2.698
0.575
0.479
2.502
2.301
3.335
0.788
2.414
2.356
3.078
2.159
2.644
2.319
1.361
0.120
3.680
3.208
0.034
1.684
0.840
3.163
3.310
3.446
3.440
0.518
3.093
1.148
3.063
0.793
2.339
3.885
3.315
1.328
3.499
3.506
2.238
1.724
3.361
2.268
1.459
3.839
0.152
1.436
3.193
1.742
1.323
0.268
3.370
3.884
1.162
0.713
0.453
0.665
0.241
2.135
2.918
2.635
3.671
2.529
1.889
3.785
2.238
1.932
3.121
2.681
1.695
2.116
0.244
1.626
0.882
2.154
3.174
0.634
0.757
2.083
3.545
0.664
2.066
2.627
3.250
1.379
3.082
3.848
0.420
2.657
0.696
3.570
3.587
0.127
0.107
1.562
1.338
3.202
2.472
3.727
3.381
3.403
2.086
3.908
1.781
1.191
1.008
3.435
1.992
1.119
3.545
2.170
2.368
3.779
1.563
3.541
1.992
2.856
0.359
3.968
1.948
0.524
3.650
0.049
2.560
0.512
3.208
1.039
0.677
1.325
3.790
3.382
0.734
0.451
1.194
0.455
3.086
1.813
0.673
0.164
3.060
1.289
2.361
1.689
0.171
0.823
1.992
0.402
3.124
2.463
2.911
2.884
2.509
3.594
1.218
1.954
1.502
1.724
1.858
0.753
1.421
1.337
1.581
1.197
1.642
0.689
2.896
1.470
0.190
2.811
1.517
3.749
0.178
2.602
2.248
0.964
2.365
2.547
0.862
2.175
3.215
3.432
2.263
1.997
1.148
3.362
0.037
0.536
1.083
2.460
3.513
0.412
2.895
3.803
1.506
2.691
3.084
3.491
1.176
1.958
2.734
2.160
3.767
2.230
2.741
2.832
0.453
0.062
3.333
1.693
3.145
0.943
1.074
1.175
2.797
1.958
0.805
2.710
3.642
3.700
0.409
1.528
3.710
3.544
2.804
0.133
0.127
2.642
2.244
0.332
3.882
2.382
0.787
2.204
1.112
0.572
3.680
3.910
0.430
3.202
3.493
2.962
2.399
0.437
3.937
3.383
2.012
3.331
3.630
2.129
3.846
0.789
1.471
2.196
0.569
2.411
2.798
3.062
2.535
2.117
3.208
3.390
1.473
1.820
0.658
0.389
0.584
1.943
0.404
0.775
2.840
0.164
3.368
1.989
2.903
1.570
2.658
3.121
3.771
0.249
3.298
2.946
1.121
0.370
2.581
1.537
2.297
3.917
3.038
2.120
0.978
2.512
0.648
3.144
0.783
0.129
1.716
0.977
3.437
2.007
0.742
3.221
1.562
0.703
2.649
1.317
2.784
0.978
3.905
0.929
0.561
3.081
2.327
3.542
1.972
1.022
0.818
0.778
3.693
0.517
1.763
0.105
