4098
0.587
0.054
0.498
0.287
1.702
1.354
2.660
3.674
1.868
2.840
0.012
0.206
2.743
3.469
3.493
0.812
0.316
2.430
3.601
2.294
3.556
1.029
3.096
0.935
2.378
3.728
1.310
0.852
3.123
3.570
3.407
2.942
2.109
3.738
0.880
1.857
2.267
0.636
2.573
1.098
2.477
2.596
0.691
0.178
3.944
2.253
1.563
0.717
2.812
3.575
0.295
0.395
1.157
2.698
0.015
2.911
1.638
2.968
2.073
0.374
2.272
0.957
3.320
2.024
1.166
3.728
2.520
1.729
0.506
0.273
3.987
0.405
0.708
3.763
0.677
0.318
3.339
2.165
1.276
2.164
3.290
2.772
0.222
2.910
2.633
3.302
0.127
0.536
0.708
0.518
2.746
1.167
3.202
0.645
3.405
2.509
3.316
0.425
2.717
3.072
0.624
3.221
0.465
3.351
1.789
1.385
3.653
2.962
0.038
1.942
0.066
0.670
1.153
1.680
0.026
0.287
0.702
1.843
0.637
2.664
0.318
3.889
2.398
2.248
0.084
2.142
3.917
2.183
3.404
2.693
0.318
2.448
0.232
2.504
2.990
1.254
2.111
2.450
2.494
0.707
0.213
2.902
0.713
3.714
1.409
0.442
2.744
2.162
3.368
1.471
3.577
2.575
1.801
0.677
1.255
2.815
1.155
3.740
0.993
1.779
0.442
0.148
3.661
1.656
0.348
1.625
1.038
0.976
2.356
2.421
1.454
0.504
1.354
1.600
2.662
0.969
2.043
2.466
2.247
1.707
0.418
2.398
1.380
0.451
0.723
3.598
3.396
2.847
1.471
3.673
2.463
3.708
1.488
0.438
3.511
0.579
0.406
3.982
0.640
3.888
1.630
2.774
3.360
0.758
1.523
3.492
2.336
3.514
2.405
0.214
0.685
0.981
2.931
3.805
3.443
2.847
1.511
0.521
0.446
0.701
0.662
2.283
0.671
3.778
2.525
3.533
3.011
3.036
2.256
3.269
3.450
1.846
0.588
1.533
1.803
1.426
1.602
1.593
2.451
0.065
0.581
1.983
2.923
1.273
3.780
2.755
3.694
3.165
1.081
1.508
0.259
3.709
1.681
1.173
2.288
3.918
2.339
1.007
0.612
3.626
3.170
2.893
2.811
2.165
1.566
0.802
2.329
3.115
0.558
0.138
2.340
2.194
3.776
3.695
3.987
2.453
3.136
2.102
1.157
3.123
1.469
2.843
0.620
3.775
2.564
3.375
3.133
1.900
1.398
0.325
2.023
3.575
1.845
0.384
0.820
1.586
1.707
3.307
0.630
3.178
3.684
3.241
1.260
2.554
3.693
1.679
1.503
3.319
2.973
3.401
1.521
3.233
3.460
0.071
3.929
1.976
1.181
2.503
3.984
2.060
1.733
2.125
1.149
3.588
1.406
0.801
2.400
1.258
3.094
1.922
1.738
0.812
3.864
0.559
2.716
2.097
0.910
2.457
1.141
2.942
2.571
0.819
3.704
2.269
1.215
2.035
0.894
2.155
0.991
0.917
3.398
3.024
3.814
2.508
2.033
1.693
1.413
3.143
2.357
2.701
3.873
2.214
0.212
3.157
3.820
1.945
3.770
2.301
2.258
1.527
3.052
3.019
3.018
0.043
3.422
1.743
1.899
1.905
3.226
1.522
1.793
0.881
3.527
2.428
0.431
0.319
1.796
0.089
2.862
3.765
1.456
0.784
2.387
1.968
1.333
0.392
3.368
1.115
1.367
2.393
3.204
3.154
1.314
3.213
0.717
2.194
1.753
3.375
2.314
1.219
1.323
2.250
3.485
0.727
0.932
2.644
3.571
1.436
2.581
0.995
2.188
0.780
3.481
1.699
2.303
3.732
3.295
1.835
3.675
0.305
3.641
1.568
3.228
1.148
0.369
1.511
1.891
0.732
2.705
3.567
2.525
2.915
2.971
0.075
2.812
0.011
2.404
1.496
0.300
0.050
0.493
3.497
2.275
3.475
1.304
1.927
2.741
0.344
0.395
1.038
0.505
3.932
2.239
2.214
2.200
0.654
0.468
3.560
2.082
3.372
3.780
0.878
0.488
1.368
1.027
1.891
3.125
1.675
1.774
3.992
1.638
0.955
3.540
1.395
0.451
2.717
3.952
0.218
1.403
1.473
3.224
1.885
2.481
1.252
1.635
2.134
1.761
0.935
0.113
1.024
2.657
2.987
3.545
0.491
3.684
1.422
2.114
0.347
1.131
3.207
1.736
3.038
0.441
2.830
2.574
2.051
1.499
2.366
0.670
2.560
2.701
1.150
3.861
1.692
2.336
2.025
1.446
3.770
3.700
3.160
3.494
2.927
0.316
1.527
2.193
3.690
1.739
2.430
0.315
1.448
2.652
0.801
0.659
1.164
2.278
2.527
3.234
2.239
3.658
3.687
1.992
0.151
2.887
2.306
2.062
3.302
1.166
1.171
3.746
0.424
1.337
3.183
0.933
0.003
1.588
2.921
3.113
2.332
0.064
3.286
3.857
1.152
3.371
2.516
0.405
1.251
1.311
0.354
2.888
0.988
1.627
2.753
1.804
0.375
0.184
2.306
0.452
0.185
1.684
0.429
1.389
3.482
3.896
1.337
2.328
2.040
2.342
2.993
3.455
2.319
2.472
0.458
2.811
2.964
2.595
2.441
3.145
2.245
1.174
2.360
0.572
1.433
2.571
0.862
0.412
2.769
1.909
3.484
0.719
2.533
2.474
3.023
3.320
2.633
1.889
1.209
3.588
0.231
0.289
0.367
1.698
0.070
2.819
3.030
1.778
0.537
2.001
3.847
1.177
3.887
0.852
3.620
3.932
1.664
3.120
3.947
0.608
0.004
0.607
0.678
0.800
0.359
1.248
1.315
0.891
3.099
1.494
1.435
2.082
2.523
0.482
0.383
2.213
3.997
1.623
0.730
1.581
1.270
1.396
3.355
3.739
0.432
1.557
0.525
1.166
2.568
3.379
2.979
0.736
3.848
3.178
1.767
1.076
3.596
3.095
1.473
3.181
3.851
3.929
0.478
1.074
1.958
1.826
0.001
0.834
0.971
3.697
0.968
1.958
2.903
3.466
0.091
0.829
3.372
2.612
0.058
1.966
0.684
1.927
3.386
0.759
0.147
1.008
1.202
3.566
3.193
1.738
1.124
1.310
0.832
1.838
2.417
3.167
2.030
0.578
1.717
3.420
3.802
0.780
2.874
1.252
3.119
3.533
1.849
0.018
1.161
2.325
2.087
3.457
2.043
3.824
3.459
1.326
0.792
1.094
2.548
0.111
1.213
1.786
0.017
1.757
3.186
0.666
3.730
0.747
3.023
2.850
0.468
1.425
3.708
3.162
0.329
1.104
2.135
0.308
0.249
0.272
3.935
3.871
2.649
1.144
1.023
1.613
1.760
3.835
0.695
2.176
2.012
1.573
1.929
1.990
3.685
0.675
2.471
1.038
1.080
3.418
1.367
2.117
3.547
0.462
3.788
0.314
1.999
0.144
2.306
3.646
2.901
2.760
1.233
2.171
2.231
0.845
0.190
1.326
1.538
3.506
3.760
3.865
0.980
0.022
3.927
3.497
0.101
3.207
2.892
2.139
0.102
2.451
1.980
1.718
3.508
1.869
1.493
2.518
0.377
0.678
0.719
3.298
2.560
2.678
0.727
3.769
3.059
3.640
3.151
1.485
0.132
3.440
1.856
0.772
3.558
3.927
1.195
3.101
1.343
3.804
0.515
2.091
1.184
0.218
3.619
2.361
0.081
1.279
0.104
3.497
1.812
0.388
2.793
2.664
3.288
2.061
3.936
3.712
3.381
3.807
0.400
1.108
3.389
1.690
2.790
1.636
3.098
2.351
1.231
3.499
2.251
3.541
3.494
3.336
2.256
0.641
1.224
2.625
3.079
0.183
1.197
0.040
1.546
1.017
0.876
1.553
3.618
3.603
2.954
3.427
0.755
3.768
0.163
0.713
1.066
3.327
3.279
1.454
1.739
2.140
0.131
0.545
0.087
0.432
1.294
3.009
2.573
0.626
1.271
0.467
0.310
2.496
2.123
0.635
3.749
2.060
1.839
3.929
0.708
1.469
2.172
1.605
0.330
2.026
0.249
0.321
3.247
1.504
2.924
2.611
2.943
2.115
2.694
3.504
3.196
0.749
2.911
0.323
3.503
2.510
2.115
3.723
2.484
0.128
2.476
3.093
2.555
3.459
3.679
2.668
3.505
1.115
0.997
2.074
0.135
2.111
0.896
2.459
1.750
3.526
3.181
1.006
1.025
0.261
3.514
0.305
0.668
3.335
0.096
0.942
2.306
3.499
3.338
1.614
1.128
3.544
3.567
1.183
0.097
1.295
1.116
1.316
2.904
0.102
1.581
2.682
1.363
2.517
2.621
0.168
0.537
1.912
3.334
1.183
3.692
1.923
1.082
3.795
0.993
0.924
3.579
2.366
2.926
2.111
0.101
1.248
3.493
1.335
0.898
0.257
1.540
0.473
0.186
0.837
2.910
1.914
1.537
1.172
3.654
3.646
1.062
2.002
3.125
2.467
1.468
0.458
3.578
0.995
0.883
2.994
3.729
2.456
0.291
0.305
3.774
1.618
2.486
1.127
0.465
0.784
1.630
1.880
3.119
0.421
1.843
3.368
0.795
2.774
3.667
2.066
1.383
3.749
2.833
2.033
0.995
1.343
0.444
2.052
2.779
2.108
3.489
3.347
0.154
0.390
3.584
0.059
2.509
2.484
3.847
1.646
3.473
1.430
3.063
1.458
1.174
1.776
2.556
0.977
0.259
3.462
2.681
0.540
0.943
3.866
2.367
2.857
3.005
3.107
2.866
1.214
2.385
3.830
1.664
3.980
2.931
3.027
0.457
0.900
1.831
3.812
2.159
0.604
2.403
1.637
0.103
2.868
2.182
2.080
3.906
1.411
1.593
2.126
0.923
3.303
3.034
1.771
3.764
3.599
1.795
3.811
3.059
0.356
1.020
2.848
2.455
3.953
0.767
3.822
3.777
1.447
0.258
1.780
2.360
1.698
0.507
2.158
1.735
2.087
1.796
0.466
3.183
2.856
0.836
0.106
1.089
2.480
1.942
2.908
3.639
0.910
1.204
3.052
0.040
1.177
2.375
3.165
2.295
1.514
2.074
3.700
1.502
2.046
3.918
1.087
3.704
0.038
2.309
2.704
0.500
3.819
0.878
3.354
0.984
1.686
1.937
0.743
3.954
2.484
1.830
0.338
2.972
2.979
0.674
1.045
3.489
1.794
3.741
2.290
3.096
2.353
3.626
2.374
2.906
0.151
3.328
3.388
0.107
0.643
2.523
3.507
2.963
3.126
2.534
3.140
1.813
1.219
1.911
1.202
3.094
3.901
2.019
3.676
3.953
0.532
0.663
0.685
0.723
2.872
1.549
2.430
1.351
0.853
0.223
2.664
1.795
2.698
3.185
0.745
1.495
1.947
3.956
3.892
1.186
0.057
2.151
1.889
3.675
1.470
1.007
1.283
0.606
0.368
3.275
1.035
3.829
2.839
1.056
2.613
0.670
2.750
1.900
2.680
2.228
2.351
3.350
3.807
0.739
3.492
1.148
2.058
0.150
0.304
0.420
1.837
1.203
3.276
2.430
0.025
0.676
1.907
1.862
1.242
3.833
0.447
3.095
1.967
1.754
2.715
0.573
1.287
2.839
1.573
0.104
0.216
2.669
2.383
0.836
3.778
0.285
1.577
3.622
0.514
2.059
3.492
0.646
2.543
0.494
2.690
1.423
2.022
2.619
1.202
1.662
0.603
3.087
2.511
3.992
1.402
2.636
2.524
1.179
2.045
3.295
2.419
1.213
0.484
3.490
2.947
1.514
2.606
1.188
0.620
2.545
2.025
3.263
1.215
1.188
3.999
2.451
3.079
1.566
3.098
3.605
1.988
1.303
1.977
2.368
2.617
2.775
0.595
1.985
1.186
1.498
3.169
1.630
1.429
1.556
0.394
2.473
1.749
0.885
2.690
3.627
1.291
1.175
2.670
3.201
0.608
0.340
3.552
3.858
2.727
3.716
0.903
3.626
0.611
3.552
3.880
3.092
3.389
0.844
1.061
3.757
2.179
3.218
2.958
0.935
2.932
3.278
0.511
0.471
2.461
3.772
2.114
3.435
2.636
0.871
3.138
3.061
2.742
1.038
1.467
3.360
1.045
2.186
0.213
3.165
1.881
0.206
2.545
0.811
3.894
3.467
3.520
3.208
2.542
2.505
3.789
0.777
3.583
1.869
2.246
0.499
1.974
3.984
0.965
1.312
0.463
0.880
0.165
1.127
0.126
2.779
1.500
2.936
3.207
0.780
2.622
2.796
2.834
0.252
2.742
2.933
2.523
0.066
3.838
2.737
2.880
2.410
1.184
3.166
1.481
2.704
2.046
3.835
2.654
0.978
0.650
1.056
2.716
3.124
2.980
1.125
3.211
2.524
0.458
2.370
1.774
1.827
1.229
3.778
1.477
3.029
1.592
3.450
0.868
1.507
1.966
0.735
2.368
2.284
1.881
3.531
2.305
2.576
2.587
3.119
1.590
1.514
0.209
0.784
1.855
1.983
2.747
1.573
3.898
0.613
2.771
2.730
3.325
0.217
0.335
1.652
2.549
0.385
1.386
2.657
0.604
2.380
3.888
1.431
2.754
0.182
2.893
2.691
2.442
0.231
0.966
0.446
0.856
2.318
1.637
1.149
0.238
3.080
2.999
2.125
0.034
3.670
0.056
2.832
0.086
2.438
0.129
0.843
0.270
3.840
3.399
3.876
1.363
0.289
0.553
1.745
1.365
0.278
3.582
3.831
1.113
3.904
1.890
2.469
2.759
1.743
0.195
2.572
0.494
3.067
3.090
2.925
0.924
0.519
3.683
0.718
2.555
2.606
2.386
2.256
2.096
0.745
2.708
3.178
3.618
0.130
3.824
3.128
1.107
1.271
2.718
2.470
1.504
3.856
3.871
0.491
2.093
0.429
3.729
3.455
0.906
2.410
2.627
0.947
1.830
3.092
2.342
0.129
1.140
3.506
1.151
3.869
1.475
3.441
0.008
0.105
0.559
3.385
3.415
0.416
1.474
1.802
0.552
1.436
0.896
1.904
2.412
3.569
3.397
2.959
0.986
3.412
3.792
3.174
2.917
3.348
3.475
0.336
0.611
1.975
0.776
2.625
2.435
2.340
3.600
3.422
2.427
1.396
2.972
2.399
0.837
3.675
2.548
2.854
1.878
2.840
1.792
1.962
2.205
0.607
3.206
0.527
2.931
3.485
0.878
3.810
1.407
1.815
0.552
1.127
2.518
0.809
0.563
3.186
0.907
3.593
0.161
2.493
1.346
1.704
1.119
3.673
0.333
1.048
2.003
3.173
0.103
1.045
0.044
1.570
2.318
3.454
1.305
2.589
1.063
3.372
3.680
2.935
3.125
3.910
3.220
2.179
0.111
2.300
2.394
2.183
1.582
2.428
1.100
0.929
3.209
1.324
3.616
0.141
0.825
2.604
1.113
3.670
2.308
0.643
1.989
0.437
2.386
3.005
0.983
1.531
2.729
3.644
2.884
0.124
1.121
1.421
3.615
0.955
3.025
1.703
0.577
3.418
2.515
3.109
3.368
2.641
1.349
0.914
1.314
0.460
0.853
1.185
3.750
0.834
3.322
3.423
2.569
1.968
1.806
2.295
2.288
2.326
3.445
0.976
0.724
1.690
1.910
3.706
3.348
1.574
1.047
3.336
0.472
3.537
2.490
0.965
0.673
1.328
0.793
1.216
0.174
3.298
0.517
2.255
0.392
1.144
0.781
0.350
0.466
3.805
3.925
2.597
0.278
1.191
0.210
0.359
0.360
3.471
3.911
0.045
2.015
1.725
3.679
1.051
2.116
3.061
1.716
0.990
2.239
3.643
0.089
3.781
3.149
0.610
0.416
2.744
1.127
0.477
3.198
0.529
2.230
1.358
1.234
2.524
0.281
1.253
1.822
0.333
0.256
2.615
0.892
2.984
2.695
0.576
0.713
3.705
0.852
2.425
3.513
1.437
0.557
1.350
2.115
0.688
1.062
1.933
1.594
2.901
1.653
0.517
3.030
1.186
3.405
0.345
1.556
2.119
2.140
1.206
0.194
3.200
1.564
2.367
2.406
0.683
2.459
3.682
3.787
1.632
0.960
3.010
1.007
2.417
0.141
0.487
1.898
1.273
0.484
3.664
2.478
3.137
2.288
2.169
2.744
2.636
2.661
2.323
3.241
3.960
1.477
0.971
2.671
2.256
0.497
1.850
3.239
2.268
3.870
0.897
0.961
2.121
2.282
1.182
0.820
3.497
3.279
3.525
3.433
3.846
0.616
3.350
0.820
1.876
3.967
3.965
1.880
0.256
0.923
3.223
3.357
3.254
3.937
0.357
1.350
2.007
1.710
2.854
1.846
0.171
3.488
1.286
0.277
1.883
3.854
3.324
3.761
2.299
0.789
0.525
1.493
0.413
3.164
2.969
0.639
2.399
1.251
1.478
1.123
1.460
1.495
0.888
2.877
2.935
0.450
2.720
3.388
3.394
0.680
1.619
3.796
1.486
1.377
1.031
2.327
0.525
0.535
1.874
2.518
2.095
3.775
1.305
0.453
2.406
3.219
1.220
0.164
0.696
0.331
3.729
3.367
3.668
3.197
3.608
0.878
1.763
3.479
3.626
2.328
2.015
3.084
1.621
2.209
0.310
3.603
0.345
1.820
3.025
0.636
0.354
0.351
0.405
0.376
0.591
2.100
3.397
1.140
2.803
0.769
2.311
2.027
2.598
3.777
1.283
2.486
3.652
1.725
3.418
0.278
0.507
2.409
3.350
1.179
3.357
3.203
3.094
1.743
1.378
2.149
3.204
0.545
3.415
2.780
2.595
1.523
0.188
2.454
2.827
3.424
0.709
0.924
0.188
1.797
3.235
0.865
1.660
0.592
3.806
3.266
2.604
3.145
3.325
3.884
2.979
3.177
3.130
0.332
2.990
1.387
3.133
2.957
0.194
0.360
3.864
2.279
0.479
3.692
0.129
1.581
2.723
0.596
3.499
3.129
1.523
2.740
3.470
0.546
2.081
3.639
0.907
2.024
0.139
0.674
2.229
1.336
3.811
3.630
0.835
2.028
3.199
3.641
1.369
0.702
3.918
0.519
2.700
3.968
3.908
0.659
2.845
2.412
1.428
2.079
3.596
1.856
3.609
1.596
2.224
1.212
3.724
3.781
2.380
3.387
3.060
2.010
0.219
2.998
2.299
2.804
0.743
0.042
1.318
3.634
1.519
2.225
1.557
3.424
2.155
0.301
1.376
0.253
2.318
2.558
0.315
0.075
2.567
0.496
2.685
3.755
0.915
3.795
2.642
1.329
3.769
0.800
1.716
2.103
2.800
3.064
3.670
3.060
1.287
2.886
2.688
2.017
0.594
3.315
1.025
0.073
3.723
2.761
1.611
2.110
2.245
3.126
3.518
2.449
1.407
1.294
3.779
3.259
1.874
2.834
1.730
3.876
3.275
3.955
3.865
3.963
0.650
3.008
2.143
2.232
1.846
2.274
2.741
1.472
2.093
0.277
3.443
1.690
3.197
2.547
0.178
0.426
3.196
2.537
2.648
2.602
3.826
0.293
3.565
3.804
3.751
2.542
3.701
2.432
1.294
3.984
1.777
1.913
1.273
1.901
2.154
0.008
2.532
0.565
2.348
0.212
3.920
2.498
0.607
0.352
2.705
0.273
3.074
3.713
2.777
3.341
2.520
2.350
0.533
3.277
2.200
0.747
1.926
1.871
1.054
0.547
0.946
3.652
0.326
1.842
1.665
3.728
0.577
1.306
0.973
3.203
0.168
2.487
3.286
2.013
1.467
2.616
3.744
0.651
3.325
3.550
0.787
0.035
3.873
3.808
2.522
2.710
0.180
0.108
1.921
0.579
3.055
0.446
1.615
0.544
2.090
2.459
1.969
1.701
1.946
0.654
2.099
0.156
1.995
2.089
2.625
0.071
3.593
0.153
1.219
0.188
2.586
0.342
1.379
3.877
3.095
2.264
3.357
3.677
0.182
2.573
1.808
2.298
3.701
2.152
1.480
3.259
1.449
1.549
0.140
3.577
2.683
3.570
0.930
0.362
3.103
2.852
0.500
2.703
1.653
1.373
2.470
3.874
1.736
2.067
0.222
0.705
0.943
0.059
2.457
2.828
1.916
0.503
3.620
2.598
2.696
3.618
1.055
0.603
3.683
3.225
3.599
1.979
0.312
0.940
2.356
3.169
3.597
0.160
3.516
1.284
0.884
0.055
3.315
2.876
0.479
0.036
0.660
1.750
0.268
1.468
1.381
0.318
1.970
3.930
1.761
2.056
3.427
1.857
3.721
3.777
1.066
2.182
1.901
1.703
3.690
0.397
1.926
2.775
0.761
3.447
3.229
2.108
3.562
0.977
1.083
1.228
1.938
1.642
2.871
3.457
0.735
0.577
1.113
0.747
2.658
3.567
0.418
0.320
3.931
3.068
1.261
1.570
1.970
0.953
0.389
0.045
0.224
2.698
3.630
1.668
2.401
3.705
2.056
0.944
0.480
2.542
0.646
3.524
2.255
0.119
2.027
0.297
2.550
2.162
0.348
3.106
1.868
2.811
3.966
3.175
0.871
1.767
0.398
0.552
0.957
0.158
2.856
0.107
0.097
3.108
2.689
1.072
1.198
1.986
0.188
2.611
3.415
0.409
1.458
3.605
1.186
1.290
3.458
2.588
3.179
3.568
2.776
3.712
3.910
2.743
0.384
2.612
2.509
0.914
2.325
2.261
1.880
1.764
3.206
1.124
1.489
1.773
1.335
0.387
2.054
2.904
3.493
1.540
2.604
0.124
1.589
2.256
1.705
3.327
2.808
3.306
3.070
1.589
1.369
0.153
3.363
0.138
1.662
1.894
2.676
1.045
3.246
1.401
1.977
1.335
2.115
1.769
0.798
3.104
1.599
1.625
2.437
1.143
0.435
3.340
1.217
2.744
2.760
1.895
2.593
1.501
3.197
1.906
0.379
0.345
3.664
0.232
1.924
2.465
1.213
1.621
3.746
2.397
3.908
1.026
0.976
1.288
0.686
0.482
3.867
0.150
3.096
2.861
1.732
0.957
3.977
3.367
2.827
3.470
0.377
2.263
0.042
1.937
1.379
1.135
2.691
0.163
2.049
3.901
2.252
3.888
0.280
2.795
0.610
0.041
0.135
0.738
3.182
1.143
3.115
0.773
2.204
3.984
1.808
0.665
3.589
0.677
2.497
2.290
3.885
3.272
2.567
1.119
2.251
0.366
2.907
0.852
3.743
3.454
1.048
2.211
2.821
2.280
3.350
2.891
1.648
0.008
2.368
1.874
0.584
0.783
0.351
1.552
2.205
2.077
1.873
1.549
3.265
2.212
3.693
2.655
3.192
1.525
2.214
3.926
1.021
1.883
2.288
0.841
1.144
1.592
1.608
1.246
1.764
1.214
2.562
0.919
2.701
0.418
0.193
1.698
0.949
0.703
2.749
0.432
3.375
1.677
0.367
2.409
3.981
1.555
3.496
2.452
0.371
1.628
1.995
2.548
0.358
1.699
0.146
0.628
3.101
2.797
2.380
3.070
1.721
0.978
3.117
3.494
2.041
1.609
3.883
0.596
0.918
3.266
1.741
2.057
1.554
2.192
1.089
3.960
2.259
0.286
3.980
1.686
3.340
1.640
0.412
2.938
2.066
2.892
1.381
0.301
0.143
1.007
2.009
3.665
3.688
2.571
1.688
3.898
0.350
1.270
2.929
2.261
0.108
2.956
0.487
3.411
1.136
0.562
1.350
1.186
2.279
2.078
0.271
1.936
0.786
1.909
2.828
1.832
0.344
3.165
2.328
2.321
1.839
1.761
2.416
3.874
1.864
0.714
1.833
2.151
1.689
2.562
1.576
2.892
0.203
1.632
1.540
0.139
0.298
1.645
3.754
2.774
3.222
2.196
0.460
2.928
3.636
1.697
1.505
0.435
1.391
2.598
2.923
2.342
2.521
1.080
1.083
1.342
3.497
1.845
2.401
2.075
3.468
3.256
3.361
1.379
1.061
0.785
3.502
1.857
1.212
1.592
0.982
3.562
3.617
2.007
2.508
0.097
3.530
0.810
0.636
3.121
3.994
0.403
3.854
1.027
0.014
1.340
0.342
3.456
1.736
3.132
2.945
1.361
3.425
1.852
0.643
2.497
1.801
2.786
2.692
0.477
1.279
0.227
1.585
1.974
2.691
0.480
0.161
3.155
0.292
2.229
2.381
1.116
1.133
0.676
0.729
0.863
3.347
0.156
1.654
1.288
1.473
0.472
2.131
2.633
3.592
0.718
1.142
1.098
2.911
1.144
3.796
3.517
1.343
2.425
0.760
2.466
2.715
2.688
1.858
3.657
2.409
3.739
1.904
1.194
2.573
3.153
3.232
3.979
1.487
0.260
0.900
0.539
2.195
1.495
1.148
1.521
3.273
2.211
3.473
3.302
1.336
3.760
3.536
0.420
2.920
0.492
0.140
2.964
0.354
1.320
2.642
3.571
0.494
2.553
3.405
3.368
2.468
2.962
3.286
2.960
1.053
0.376
0.662
1.473
1.831
3.568
0.121
3.718
1.013
1.811
1.681
0.687
2.584
1.178
3.324
1.870
2.417
1.543
0.579
3.310
3.012
3.175
1.070
0.836
1.767
0.947
1.158
3.581
3.953
3.379
0.208
0.668
1.044
3.104
3.511
3.866
1.597
0.802
3.515
3.055
1.573
2.247
2.777
1.483
1.819
3.844
2.926
0.107
2.354
3.883
3.935
2.698
2.180
0.673
1.121
3.938
1.523
0.886
1.543
1.397
0.743
1.579
2.876
3.052
0.560
3.798
2.291
0.944
3.846
0.052
2.552
0.562
3.901
0.625
1.270
2.760
1.958
0.354
3.119
2.247
3.590
2.381
3.858
2.121
3.784
0.356
3.109
3.471
3.608
3.652
2.086
0.691
3.735
3.395
0.885
0.971
3.523
0.440
3.402
2.323
2.915
1.921
2.617
0.537
2.107
0.562
2.709
3.624
0.772
0.711
1.356
0.593
2.543
2.856
1.574
3.805
3.535
0.392
3.593
0.702
1.886
2.477
3.489
3.344
0.597
3.064
0.707
1.005
0.403
0.527
3.090
1.955
0.975
2.768
3.669
3.612
3.432
1.310
0.211
3.403
2.982
0.579
0.419
3.957
1.414
1.450
2.667
3.660
3.274
1.080
0.286
1.143
2.721
0.166
2.667
3.932
0.377
3.990
2.852
1.275
2.938
0.943
0.728
3.064
0.873
1.708
1.651
0.818
3.225
3.886
3.998
0.843
1.356
2.536
2.086
1.974
3.408
1.009
2.871
0.713
0.318
0.351
1.964
1.113
0.438
3.730
2.787
1.418
3.088
0.490
0.029
0.258
3.856
0.840
1.103
0.091
3.985
0.618
2.902
0.653
0.910
2.202
3.935
2.296
2.808
2.330
1.788
2.416
0.959
0.461
2.847
3.552
1.813
2.277
3.379
3.304
1.805
0.014
0.294
3.843
2.317
0.553
0.306
2.602
1.602
3.518
1.701
1.635
1.062
1.137
3.564
1.148
0.966
3.194
1.064
2.915
3.493
0.129
0.269
1.513
0.952
1.199
3.976
1.771
0.078
2.570
1.168
1.353
3.504
0.327
0.958
2.017
0.816
1.592
3.269
1.947
2.055
3.305
0.991
2.391
0.078
2.677
1.995
2.933
2.894
3.949
0.136
0.842
0.909
0.778
0.246
3.265
2.943
2.454
1.138
2.407
0.951
3.089
2.762
1.400
2.597
2.068
0.899
0.212
3.101
3.198
1.182
0.734
1.256
1.431
3.712
0.099
3.074
1.420
0.178
3.304
0.189
1.836
3.151
0.401
2.992
3.053
0.071
3.763
2.385
1.676
0.502
3.382
1.141
3.343
0.298
0.662
0.009
3.356
0.627
3.852
1.050
0.894
1.148
3.030
1.126
2.913
3.156
1.475
0.012
2.326
2.131
3.288
0.319
1.633
3.888
0.288
2.211
1.913
0.389
0.501
2.850
3.917
2.305
3.947
2.574
0.993
1.527
2.996
0.991
2.662
0.077
0.206
0.501
0.888
0.270
0.338
2.191
2.429
0.456
1.163
3.618
0.135
1.317
3.712
1.692
3.659
3.446
2.767
2.672
3.755
3.800
2.696
1.250
0.203
0.645
0.120
3.737
1.358
1.727
3.463
0.600
3.433
2.644
0.077
0.851
3.830
1.810
2.415
1.307
3.200
0.868
1.668
1.232
1.373
1.054
2.266
3.629
0.899
2.774
3.854
0.211
2.668
3.517
2.600
2.061
2.918
0.261
1.130
0.034
3.921
0.610
1.901
2.168
3.726
0.215
0.494
3.650
1.562
0.348
1.090
2.376
0.867
3.059
2.302
3.652
3.352
3.928
3.575
1.340
1.135
0.208
0.515
3.493
1.686
1.030
3.822
0.546
2.181
2.317
2.857
1.124
1.828
0.236
1.484
0.774
2.831
3.210
0.406
2.202
2.874
3.946
3.080
0.075
0.372
1.391
1.125
2.989
2.179
2.197
2.256
1.893
2.075
2.009
2.854
0.108
3.043
0.760
2.640
2.976
3.224
3.192
2.276
1.276
2.395
3.917
0.293
3.719
0.905
3.612
1.371
0.159
0.257
1.303
3.803
0.578
1.833
1.203
1.885
3.505
1.756
1.209
2.996
1.190
3.483
1.893
3.306
3.673
3.428
1.726
2.319
3.855
0.775
2.261
0.893
2.711
0.610
0.135
3.884
3.998
3.599
3.005
1.248
3.124
1.660
1.920
2.200
3.273
3.429
3.104
1.958
1.470
3.784
3.805
1.608
1.937
0.303
1.568
2.825
1.925
2.235
2.200
0.428
0.141
2.430
2.683
1.192
3.956
1.640
3.446
2.848
2.771
3.686
1.608
0.886
3.244
3.237
1.256
0.548
3.492
1.272
0.248
1.294
2.002
2.770
3.734
3.104
0.617
0.795
0.273
2.081
1.820
2.820
1.369
1.156
2.468
1.040
1.185
0.073
1.185
0.333
0.393
3.382
0.839
3.693
0.310
3.822
0.809
3.110
2.891
1.276
0.228
2.292
0.629
0.357
0.920
2.029
0.060
0.760
3.464
1.658
1.308
1.647
3.633
2.756
1.996
0.627
3.370
0.081
2.844
3.296
2.572
1.721
0.415
2.855
3.112
3.525
3.707
0.965
2.852
0.116
1.687
0.783
0.863
2.112
2.360
3.060
3.588
2.687
0.576
0.179
3.435
0.163
3.571
3.193
0.052
1.083
2.080
1.219
2.504
0.043
0.880
0.919
3.636
2.524
3.759
2.376
0.085
1.098
0.133
0.290
2.743
1.561
3.944
0.253
2.885
3.928
1.958
0.718
0.767
1.685
2.209
0.363
2.183
3.277
2.094
3.674
0.279
2.565
3.513
2.877
0.873
1.800
1.433
3.743
3.588
1.658
2.387
0.354
2.312
1.967
2.700
1.533
0.789
3.979
0.563
1.474
0.614
2.389
3.634
0.978
1.457
2.786
0.434
3.775
1.027
1.800
1.576
2.527
3.125
2.942
1.746
3.433
0.045
2.992
1.352
0.751
2.682
3.732
1.890
3.072
3.874
1.954
3.331
3.878
1.829
2.883
1.206
3.650
0.924
0.474
1.572
1.769
2.749
0.575
3.684
3.408
0.930
1.484
2.923
1.855
3.109
3.187
0.444
3.921
2.379
3.408
2.980
1.549
0.557
3.557
0.393
0.250
2.856
2.777
3.795
2.647
1.837
3.516
1.457
1.223
3.966
3.371
3.221
2.237
0.672
1.464
0.758
2.849
3.467
3.169
2.776
3.626
1.556
0.755
3.147
2.892
0.249
3.359
1.939
3.812
3.592
3.650
0.472
1.610
2.816
0.680
3.743
2.999
3.513
0.611
2.980
2.684
0.891
1.360
1.572
2.691
2.038
1.699
1.232
1.348
0.798
3.910
2.052
3.859
2.694
1.842
1.932
3.732
2.263
3.058
3.915
1.718
1.247
0.734
2.058
2.444
3.261
0.061
1.740
2.614
0.886
3.138
2.681
2.393
0.569
1.684
0.451
1.543
1.293
2.358
0.872
3.882
2.644
3.106
3.477
3.817
2.750
2.635
3.075
2.979
0.486
3.002
2.444
3.395
3.415
1.245
0.350
2.182
3.118
0.100
1.305
3.385
0.909
0.066
2.865
1.393
1.318
1.438
0.799
1.247
2.363
1.362
0.037
0.223
0.256
1.626
2.121
2.201
0.052
3.568
1.704
3.637
2.668
1.349
1.693
1.363
2.766
1.837
0.725
3.956
1.207
2.390
1.943
0.116
2.057
3.109
2.403
1.229
3.622
1.438
3.960
3.245
1.503
2.471
3.099
1.005
3.391
1.944
0.932
0.337
2.124
0.575
1.466
1.495
1.457
0.297
0.253
3.969
2.100
2.882
2.649
3.166
1.712
3.565
3.182
2.205
1.926
2.484
0.882
2.764
3.854
1.105
3.964
3.905
3.140
1.295
2.846
2.788
2.280
1.262
3.276
0.369
1.780
1.346
3.185
0.442
0.633
1.460
3.916
3.835
2.688
2.976
0.584
1.050
0.657
0.930
1.606
0.341
1.827
3.665
3.777
1.990
1.001
2.347
0.813
3.461
0.729
0.295
1.892
2.127
2.607
1.642
2.465
0.452
2.230
2.577
2.521
0.782
2.320
2.254
3.465
3.298
1.625
2.444
1.901
3.246
1.375
3.086
0.892
2.193
0.389
1.136
0.599
2.855
0.384
2.429
2.768
3.962
2.591
0.784
3.092
2.636
1.474
1.134
0.297
2.944
3.170
0.228
0.632
0.554
3.216
1.270
1.459
0.848
2.176
3.842
1.791
3.361
2.985
1.563
2.843
1.102
0.152
1.143
0.066
3.068
2.382
3.861
1.631
0.202
2.770
3.938
0.948
3.056
0.381
1.905
2.593
3.592
3.884
0.773
3.832
1.847
3.814
0.653
0.015
2.574
1.122
1.463
3.170
3.537
1.860
3.447
3.427
1.773
3.167
1.454
2.256
0.923
0.156
1.272
1.031
3.672
0.873
0.792
2.023
2.321
3.195
3.368
3.724
1.730
3.341
1.457
0.253
2.113
2.622
1.484
1.597
2.601
1.109
3.838
1.597
0.017
2.102
1.012
1.808
2.964
3.594
0.106
3.770
3.113
2.369
1.288
1.712
3.494
2.922
3.249
2.345
1.625
3.121
0.311
0.156
3.466
1.289
3.549
1.506
2.488
3.388
0.157
2.799
0.535
3.997
1.243
3.176
1.712
3.015
2.342
2.383
1.183
1.299
1.162
3.891
1.547
0.909
3.415
3.815
0.368
3.202
0.084
1.823
3.487
2.680
2.027
0.978
1.877
0.360
2.595
1.337
1.109
3.322
1.759
1.130
3.903
1.205
2.201
3.472
1.766
3.577
2.969
1.818
3.372
0.448
1.464
3.746
3.164
3.614
1.916
2.164
1.509
3.103
1.944
3.656
3.819
2.676
0.438
3.440
2.195
1.160
3.674
3.291
3.423
2.321
2.447
2.799
3.595
1.061
2.984
3.419
2.124
3.913
2.492
1.081
0.603
1.114
2.391
2.463
0.753
3.993
0.687
2.551
0.590
2.976
3.354
2.741
0.992
0.171
3.233
1.487
0.004
2.370
1.650
1.373
1.512
1.185
0.828
3.504
2.304
1.148
2.124
2.231
3.099
3.767
2.216
2.481
2.769
3.863
2.606
2.335
0.767
3.949
1.142
3.020
2.685
2.975
1.725
3.084
1.899
3.460
3.987
3.298
0.430
1.846
2.424
1.703
2.406
0.850
2.340
2.209
3.967
1.653
3.909
3.309
1.935
1.975
3.772
3.696
2.274
3.361
3.814
2.978
0.140
1.499
3.085
0.158
2.207
0.905
1.350
0.212
1.029
0.039
1.297
1.816
2.329
2.713
1.195
1.181
1.398
2.599
0.627
3.939
0.211
3.713
2.889
1.156
0.378
0.937
0.753
0.818
2.728
2.968
1.516
0.491
0.105
3.503
2.595
0.372
