236 327269597393 548632549570
1 632033023913 -921993443045
3 -664979070535 290028484086
5 -562417177296 -916633462355
2 -80058871734 -505013902620
4 577393341859 -215821803894
4 89941078634 -667220518104
5 -634648858378 -334069505872
5 277861843300 979068652327
3 -741241126148 143636005212
1 796063823081 274633505462
5 -869528212007 870565752901
2 -224681529686 810658633361
2 539992164551 -935053284534
2 -273109219242 -806449432995
1 -799587933171 631832791481
3 -427292491270 -307882734977
3 937924941567 -945629132870
2 939343051487 -783946331970
2 100868581778 -945090507146
4 894999819358 -742069613023
1 203242194779 28412328581
1 -610821729013 -269534470213
5 -884942125007 -901608222384
3 322913244845 -763376919728
4 41355668800 -149569510034
2 418783143470 782063904241
5 -460654280955 411461929574
4 -62301267263 381554337924
4 -351915480027 141769249101
3 -54612564320 801226898365
1 -503541963600 -759460620911
1 341343179659 -178529964556
3 -579406837454 514332062775
1 577223527866 517928416933
1 -592174707865 -629955166033
3 -803092176338 -149577585951
5 805245721408 -756707559047
5 -23070971731 905617006466
4 -154539021676 169083614675
2 652595614721 -953057326294
3 983380738550 -915415395206
4 -247011142336 213400072710
2 259217346111 576069191566
3 79528649604 559222701978
3 -486410728857 238752654843
2 987136783445 -197273705462
3 -297494151153 -474846983943
5 -399332279298 -830210184647
4 -239280279287 -359905488594
4 -96978891775 993591429434
2 915512544728 -281651180283
5 -352602487854 204899735081
2 -20487854744 575108306002
1 -160225998308 884776976631
4 -541997379685 -465329680570
5 -221081103749 -468775313256
1 -321598692129 -905271409491
1 950358963136 650815808328
3 -556416337148 -400385359290
5 -172194724202 -341476796618
3 -94082072923 -175833879530
3 383107156983 -637636064403
2 650929138725 -851650770264
3 -504281375283 146870284123
2 243934154818 576842030818
1 428843500641 353802913846
5 606650071887 425837562317
1 -80592473288 -638324182898
1 405804260391 432047118207
5 920107689981 -547470642461
3 537869616928 -256670049230
4 313077755793 -934916347109
2 176497730355 167734438455
3 -31746280456 -637527880990
3 -571988136896 -787447177642
4 747237323913 121093430952
5 996353885065 -439039498573
5 647857821663 410393762933
5 -540785129628 82940798820
2 914909303183 -306117837142
1 -920610663878 611967670010
1 -168748944103 -185271656434
5 -14905380123 -262207534809
3 462938604301 266769172549
2 -653851240961 -216213511383
4 -152549868369 -741839371240
3 514750296118 -68881857460
5 325413116840 926713257065
5 -204306760507 -798762488984
4 -237546969674 -344486057237
5 -696937673578 -562296318365
1 504434438945 672342948509
1 753900250646 571325062170
3 -689924745044 -629853719251
3 -203857704962 -383987122093
1 -911740894764 -401895321751
4 -610621113475 926809702207
5 559803772001 -252090540429
2 992617301651 977634541260
1 -364140281294 -446963380993
1 358519745602 -260969536584
5 -649631896501 895166225018
4 521261799995 -476278931142
2 -554168609623 925299202303
1 713279434377 223373717562
2 935345503155 -151503608663
5 825894343237 583000052958
4 806033374862 -546044573285
5 -483030552588 -256494993678
5 370856828348 615543412709
4 -299855576241 602567757307
5 913304324353 -193685259093
3 -275383541214 940780511448
1 698618823748 551733547989
5 899146551226 -609404988461
2 747634756632 -147451566912
3 -829588978085 -972024428884
1 709819803080 -957474401368
5 453032208196 -271555600696
5 314170708909 913352524567
4 278928885931 -921122980383
3 -532757921578 683595248129
2 626081468868 -438281657726
4 671265915888 -816027134922
1 -385913474162 30242458880
1 5642740234 -328341070952
4 539988856805 -900883568066
1 772365549617 550562089464
3 441592820915 303506561047
2 -690272734126 857225524344
4 910546458954 -980574624621
4 238594150514 504404827565
3 -343067933436 -415431418310
2 592208215296 -944616327105
1 496762179358 -376250841875
1 846529726511 1672458444
2 -453638918647 945742490261
1 -192033828116 728712087019
3 -58854169182 -522275896495
1 -602022021625 757501373300
5 216268836783 -286026632555
1 -436325436226 699158992102
2 -415838412054 -763614670690
5 -60628833039 -490547686726
4 -329294803671 152004745823
3 -111174002197 704858421285
5 -919173698688 985477775687
2 -157781709247 883988635865
2 16328833770 217945114926
5 -740195592612 482985210426
1 -836667338621 310545508257
2 -440081580442 180917441694
4 -712921850448 212894999501
5 -627860497932 -208148880585
2 926413934471 -321183928847
3 919610916452 -435928199216
5 -583429284187 984218972252
3 731302208648 -736539626235
2 -88489570684 -744836170780
5 304180860526 -131598928985
1 873137931664 243756203973
2 96417360690 -103480218068
5 676030252336 10040918619
5 -247940776811 -332841176152
2 -816141883283 169344369049
4 -912820819949 730819783359
5 -280513241171 -352537346721
3 136521785331 -699416592507
4 -204172717043 986992764086
2 65583380507 811228188877
5 -34881661754 632883117643
5 63850091092 -73144649729
5 -604291582766 -825953019634
4 354533745915 -759631865112
4 -166388295168 -781511939578
3 107192396952 -794624436498
5 213911372374 -658068389153
1 -75594461437 -273661312184
3 989273061850 414060732313
5 97226094249 -747428541092
5 -574093138721 -951974839965
3 45357874041 297947285076
1 936011881237 -993268467237
3 784725309356 364395902328
4 7452905832 274708131196
5 -446833327333 -226973178429
1 -65792629715 -40572116734
2 -257146195672 39923480642
4 743640156454 -554952395186
5 -882252568059 625044433500
3 -393828927550 -469769907635
3 -329122706941 -566597664971
1 -419797474929 -639017411522
2 123391148334 -392757292913
5 -517784020446 -39763948015
3 -991432858599 -242774741804
3 853698468968 361033078176
4 1100437694 -392413876535
5 360421868542 365368305498
4 831163396031 657180773643
1 -966953013649 -708874169242
4 -689101566807 -190600772858
3 -680609024985 612010442066
3 404375319293 -574070793838
3 153437780443 142459668231
3 -155203568701 45584584423
2 -272347515232 -818436988498
5 -835120855528 -320201294508
1 -978437517363 -968388435335
1 859011092602 -886774358551
1 394868515093 -237584214183
5 -742533911025 235244987817
3 488236117250 -470656862269
1 -132745351296 -499846929918
5 1314562148 -43847698158
1 275914635204 655066516247
5 388507582379 -79819830521
3 374027113140 -544978973089
2 337434208792 536629757074
2 440920933392 633881536028
1 954151512861 -396893461265
3 -51413374058 -95892654513
1 519037228075 -912447654756
3 513636952584 -188162125805
1 -616822753603 937935811676
2 616091699437 -961709838135
3 989516658832 -428796124482
2 -561909550967 -447820296014
5 -723297618287 -425955702158
4 -553396255902 -511558716207
1 432778369603 -73451745846
3 399450062934 -905478301704
2 865301057278 -782885110897
1 107665295432 -990495279958
4 20041899330 639506188328
4 482709561497 -323362246462
