45 103844796036 835612424685
1 -417719462265 -407755085890
5 664924164321 -758274417155
3 -735346995478 285836781369
2 656984804423 -221840309422
1 757810834578 -253758435252
4 -851494589302 -437839668644
5 332872545867 -12932526504
4 -968004640915 -905197910470
4 211519942158 -286289549756
5 -306433701583 128460618248
5 719481534166 -311860202156
1 -476189517437 642647439207
2 673236047971 -669110118094
3 -295970751705 -843476233404
2 -861318850793 -888121480022
5 278053874838 -122514351218
3 105208575216 110804442502
5 920340121284 -134511325360
4 -614848803611 704036553571
4 -896172571905 -914557420775
3 -836817128036 -702057002439
2 -590056464267 542165476433
3 338266307876 392116436904
1 -356045161286 -196638323007
5 607969941504 840739679833
5 474425486545 634242027580
4 -125690916325 232071693027
1 -67310371720 66553194308
2 -185363002815 -873412880485
1 -369355445973 -860991267365
2 16449096595 724868163470
5 -514789517092 507076198385
2 -867112764974 -391145964305
3 -692809584763 332811663864
5 -704820838247 -10446737199
5 597683698138 505048436612
4 674561318758 -901363645931
1 684919304506 199102930580
3 -118539394260 505487465875
1 619266551061 -319288732702
3 609028442029 -154970386495
5 -426189091725 -352404265838
4 767409970841 365486014632
4 -149859114683 556888276175
3 523510876027 -856137622471
