386 240454402279 482719366488
2 -853635374185 914633502123
3 601760166756 -509592754906
4 888542916171 864921358725
3 -515841542224 872562027898
3 -218993032793 -230379778364
1 574767476097 -442291796479
3 670041001461 -456344808820
2 -814346749694 -368326954360
4 -193354375928 -9318007231
1 526643212081 385700208357
1 510632233805 -948651215531
3 -232867609166 -177924414857
1 915274627730 792021084763
1 956394459699 -851520631223
3 408348474399 -470411694343
1 625172670047 -329452591249
3 689845430105 668563262553
4 915813809311 860337410292
1 10614329550 7646521293
1 250235682056 660625315013
4 835063201688 217002081301
2 -530652387856 38746642097
1 641409895982 857983357720
4 464012527332 -479813842823
2 615246752534 696812533296
2 20283674935 -649473540291
1 -723777084797 -204562310601
3 912663523485 -719143330348
5 -705858835826 -611404351242
1 730818439962 -504061129398
4 -837501206654 874255281924
1 -47446462960 295031912920
4 610731295164 -616771116600
2 752147951344 -141810740427
3 951662150020 -221007960139
3 -280078315054 -555284605578
4 -357261809581 -267651068872
5 -35586733222 -988622048601
2 738754311911 376340505208
3 733287354940 -291615243675
3 -446650858622 -624672546326
2 686588584423 801507955187
4 -421738341535 589828549123
5 462631381422 512000713529
1 -700226300500 938677075501
4 -814448411689 -448252188178
3 616561473931 242477700412
2 969399034918 -425227343199
3 -491093455153 531957475247
2 810396142262 -726866731088
3 -679852391621 667257741011
5 544499185922 -153533481592
3 211310277895 857169558369
1 -155296325127 -665630578719
5 227423496358 549635725960
1 -924154337856 -151024581963
4 102582411320 -190226069200
2 985640246118 -954910976143
2 -449255496442 121945163090
2 -828332863947 -190358443604
4 98801385928 543222454049
1 -344013253469 -872457086851
4 -337570028816 463416491579
5 -107454092915 699216708543
2 36102318689 -203482535936
2 -324720253928 662972265947
4 325463714304 -711917292208
2 103607157896 -673679853898
2 278433836191 800163000795
3 142766898774 -720340951005
1 -713068602902 37046607473
5 829696295540 207473775659
5 -611107464248 899722706767
2 49450281313 -84644975723
2 685644193622 -496129324127
1 607844181063 690156149378
5 975863028951 87340058074
5 -750958344169 292870183921
5 -203168887133 317151944622
5 -72243514611 -154260263097
2 -836937120704 -904701439104
3 -173836784279 -529809131763
5 628902742520 784155999350
3 -417496665972 -589604050426
3 312815149377 26326820540
3 926308893259 958751216596
2 21341855395 891908035498
1 345091145406 404012524515
3 -869783666459 -98347618529
3 -973128714166 -523726153433
5 774902407113 505039942039
3 843680062161 -952975291157
1 -639835158766 98557436035
4 317807096886 -440024112848
3 -617946639791 -377791333123
5 616715895473 -823734791022
1 771802135228 -525322551762
2 952920813937 28710762673
5 -940483471264 -528912463132
1 892048058815 -337657136740
4 -399868757456 51167116565
5 615315496185 887244950896
3 405626579749 775388729069
4 -721477104343 -992626280099
3 296407649388 771040413199
4 713020519045 -367382797684
2 694829499175 -660427650301
2 670082711836 -311623025606
2 -740667780414 -494896355877
2 30659572402 -400694816122
4 86017748278 -876288742313
5 -265582018867 -457322386676
3 551259156279 -151957813883
4 294177441396 199575207529
4 -37528156313 238339673948
1 817625208691 -672995936662
5 -994985619545 -550865574841
5 862404812416 -665479878253
3 -317004072488 237079710795
5 908367769275 -187160625799
1 920289211909 158629675568
2 -983750811372 690490447155
4 891826991133 63177406827
3 43636914209 -6356588949
5 -821600828837 877557069756
4 -947829929208 253310725132
1 -438395338450 -166812318924
4 423305893348 565985534844
3 -398079126876 288511578464
1 -153555665001 300200755256
3 -934728227816 505809689711
5 111691074556 -582524715573
3 -988879733992 -811893672431
5 874562751739 -355514728554
3 806948418234 -870373965829
5 -116527085948 651695231654
3 -277083262935 471051558330
4 630942585825 846898370311
1 -670868973900 -574083461556
1 760229220378 916728235773
4 339836237684 -78856714342
1 165663091271 -847821174310
1 251293255810 691755760853
5 375469886699 781014151726
2 -16753821472 -447495656176
3 816729858193 -330656409034
1 186492794676 519726684861
4 395587120959 922278544526
2 265895989600 318711209112
4 -537996398467 430559038347
1 184401972630 -50344817280
2 181934571744 832327350485
4 601952789382 117652851288
4 568221995582 545943369792
5 -730605672675 -535927450338
5 -375740789988 801719830635
5 598736693263 254262771996
3 -27473872549 -378233923369
1 339490633610 369735165201
3 745341357478 -744996399612
4 -689015491201 792796572447
1 971814965163 -535182334697
3 677389349698 438185287095
1 -100588933651 -840676647238
2 -592273354396 864458789596
3 381698981157 -187076885909
3 290373423029 234067546396
4 747887134485 -372930381146
3 -901166585820 -472068200768
3 -30213131512 -157945109918
2 751589125040 -662831209001
3 -355436944812 823430308350
4 191069467010 559985406019
1 743190036770 47857424707
1 826564582966 663719591595
2 917603333992 749734955929
3 -802174305186 -250014339565
4 -851286505745 975296590296
2 -771233493208 -127356239327
3 783265462206 360533817747
3 -389707250111 -907518390980
1 -440272545147 319988170661
3 -186569331237 149850537485
4 575709898397 906611093064
3 -78114717187 -117088800547
1 -280470774512 680272195690
5 -368206122021 -958211945883
3 -258701241893 -937678847324
1 -146721804661 859627067202
4 -925976182325 658560510536
4 -931353239379 550271706212
4 869276912399 881368428655
4 433081768438 -873342862784
3 750872791159 178438115684
5 703716891762 -66466568835
3 -298083601426 242977680360
5 149550634049 69863973179
3 -455013325721 159487830849
4 672693103032 861633339971
1 191382233513 788284956983
4 71144033099 -456579657976
1 344387833206 -72588200105
3 289354849678 412804958583
2 689564315457 368838536838
3 213604602613 -644689924930
4 936671552299 -245568460983
3 -7357498213 -126071552210
5 -116743852477 624868912093
1 550548449970 -722818014055
3 361923604123 200578420195
1 -610344244323 -255282583758
3 -409081998145 -925288095163
4 827853019905 491835903697
1 -337543789548 839314000638
3 539834880932 291705562431
1 473196384273 -9230725608
5 -698960466162 -482819923281
5 -189359797463 -395990818009
2 137702759085 -242962293706
3 -709743395988 888590404817
4 -326101561543 286545675902
1 -590131637364 -747713574960
1 -29462286144 -819778244425
3 82165442638 813653321325
2 -304998836929 -819627126535
5 -745709888480 -633768577874
3 -931995786607 -89637850047
4 782732289130 517109569901
2 -781856776406 656743826086
2 -286586819451 -809464558179
1 125695049690 -473562920224
3 -654873545961 546151801403
1 -10548836415 579847049737
4 -657106725606 -191179840892
1 -294630878756 101669836733
1 -984055953206 -63464197263
3 -22906516651 146898395063
2 848452746726 -138319823759
5 480581546293 -437408336727
5 829567691926 -154299554891
3 -956058317869 -177053962082
3 43609450985 -239764632680
5 -303988618982 -197269413513
3 -602773809290 -903580927209
1 -771719538339 -742265326312
1 -760435847793 80399118231
1 -44603464918 688176222545
1 544067876871 -419877160042
4 552846096338 -764765081202
2 -603536922417 723151578033
1 430091580651 987820235538
4 641404179273 -821860941853
5 -399937384863 -419534181833
5 -459101484200 -536164825538
1 316096994804 751294523357
3 209446070774 -279856851484
5 -328915003685 -403189423283
2 526027300799 998317893341
5 757019484852 312190986296
1 -783217248109 -587535956536
1 21761980792 652932923932
1 119128366782 -851381335158
1 250117943285 -507110255082
2 -229713536402 -715048374254
5 181202371351 -653325392751
4 -347546926170 -738374321304
3 88915212539 -354416858505
3 -449394314100 791034568153
4 -808635233757 769411626591
1 -839221491913 -976232437746
3 -469253668535 911007808275
3 631738329001 -970842666453
5 -360455162210 432715360432
5 238771288345 640529158333
3 -744576933890 228915709575
4 503019368497 -246329954580
5 321882141663 -703132570546
4 -822370855850 232959746276
2 -162007619732 -826874875940
5 941802706221 238212200986
2 923683788917 802882717487
1 -987964574601 -800464351606
5 -141593330205 -164838624645
4 993309714123 831695877679
1 -956727091140 -920163672594
3 520692541447 -34695897313
4 46269928783 916906354385
4 -78503462735 200533413182
3 -343414262199 -227937538993
5 349196565754 -115696651408
1 513901027511 -94964802743
3 469486120339 -169381470197
1 -559895916563 685436804118
4 -216390198251 -765455296129
2 438200170068 -945154674440
2 128591511133 601625755247
2 -554578637700 -337871771821
2 -314673263436 -538516794741
2 -789509553953 348895552393
3 -80668589089 -81438189010
1 165806077156 222666499907
1 -68418645259 836035438766
1 -102790222306 121943281144
1 809230354445 35100070890
4 -819020726801 -833667744920
4 578404510554 -329302668525
2 -529567455100 964914125053
2 725350025346 746366198955
4 -797283300045 -644130921161
1 -572811557467 116092547241
3 -93412228805 672756360468
2 -711988172685 687813171838
1 -164049684627 -376781761953
5 -863638971522 130987735214
2 286702360617 776525137212
1 900545574451 869001137522
5 -301566334969 -903835987501
3 200451232440 -499729780178
2 138106399504 802914385480
3 -645386287886 222189941286
1 957411086217 929676517523
2 860121884489 395809655291
1 780076246503 844404956729
5 375745275811 -911532066803
3 961615903202 -575814825474
4 645253505335 -273321597878
1 918472328240 459021587134
5 -122812574157 -343474743511
2 335624424905 491434892550
4 586333993848 606688014755
1 79804930095 -851848500274
5 554361774359 -321495905252
5 -244405847861 839311907194
3 151194355119 726376611040
3 -365448759728 109926229101
2 174236399594 -793521964698
1 -297408727109 -654577138165
5 526090152809 -301255634073
1 -564482332060 -161708606704
1 121369624832 975162831782
1 -802510474867 86090563191
5 -567419702825 727558990109
5 492460226235 -198406688317
2 25160410490 -623333402393
1 866815120051 329398522214
3 885302416815 -613855135973
3 314920946521 849022747977
5 35959176329 -349151832133
3 745520517388 -684345501342
2 536263160477 -847766412304
3 57330620484 369781616943
3 241002817912 -108439061128
1 -313612682035 50987106566
4 68234244900 201781975190
3 372335828180 514836957038
4 -267169656207 866896476314
2 567038213432 -92777613800
5 -574703727540 -902353223841
3 967512492072 72693004031
1 -131106857760 513658157745
5 585048484268 543871079058
3 924975003468 299627633295
1 752347431786 -844126045187
1 -104329460842 528444773279
3 38785276313 -459212826770
4 701817233780 -227200025894
3 -777702568435 -647163508593
2 -3307460994 -837119470647
5 375584742551 -538519424919
3 279940818892 967869423470
3 257777521073 -62380248284
5 948572546105 -304155073647
3 -743611412788 -144276224044
4 -582114213868 21280674871
5 126219987779 515301482127
2 377832992398 -482143045256
2 503272639420 718301211017
1 -70924717782 -213806038938
3 428168652547 -499138083019
3 -577323260767 -903964142820
1 -889847794046 -196767597165
4 -334800954696 -269711602509
5 279522189914 648022086558
1 635111195795 778298034894
1 507188950791 -922022051481
4 381958198701 -876053098411
