355 375318629493 657751950576
5 668462942326 496705989404
1 -839223259780 -202872871150
3 516032050874 126752320379
5 -232907872409 927965730528
4 314608725004 -500364977433
4 256622394840 253329209523
2 -333522275604 -642811694974
3 975030708508 667565979671
2 17103231361 308936058246
3 -249928412515 358612073344
5 525756555900 -699555131478
1 527153270101 -27665471146
3 -25811682557 305396621449
4 -772069566650 727023055551
4 -994500785818 217610075821
4 -144383282844 241583204358
1 -271876178284 -19740515906
4 26760806507 -363234582483
5 -741737056169 856328443299
4 -600105169441 59883265742
4 -960311538805 -817743677098
2 -813804134177 -65466278196
3 163031064731 504749499502
3 -33957479590 -406804367654
3 -327551698001 830322157346
5 -325291666093 -910779085052
3 -380798797753 270061913657
4 381088503290 -672810434503
4 258703693885 992101684189
5 -706473914856 580468112391
5 -410465386103 23148760316
1 -203643738995 728236570571
2 569133963150 -616648566809
3 655764118064 -700068195654
5 -976216478376 -599055524510
2 452691519645 -89463860888
4 -411682260527 573229172616
3 385322392168 881922978644
4 -748421278412 -748271127418
1 530225846133 848789298451
2 -515276346796 -816218836091
2 -745925873671 -673028683418
4 612140303346 239743764302
5 487444193306 -508527389756
3 464221730061 -325376821972
2 -72642619920 471533247644
5 -539670698388 -308998078244
5 -528987502677 442922007645
3 -120505486172 353407760420
1 -63171744691 -34858355215
2 943411341054 636936343740
4 504344126249 -606134279827
3 895627200609 -3474439380
5 906460572335 99890294302
5 -800484872606 -869130146483
1 904256691 -451611100708
2 -794179921968 -619095842222
5 258525451460 63679564418
3 -531821315824 -594922441385
5 -211842418768 -356048305098
1 -313344204854 455622090519
4 129744384406 -777934630244
5 -736096901382 280253040444
1 -668526621537 -124198155451
2 76206143972 609455880887
1 59453796692 -731820985130
3 279484304772 886254412087
3 -167482729821 -667214367289
3 -641894093782 -847595290477
5 -30533053825 115773521959
3 192537336998 -955556327070
5 169015041377 -383148688738
3 -59795760191 -95027462948
5 -88077996792 -829809315195
3 71198678949 666137988989
5 -447985424476 -426387062266
2 -264080103259 -791763177411
5 745645173314 257589669554
3 396634567578 613589373570
5 -910429108516 287350904763
3 755583198430 518194155440
2 735244806054 609122333636
4 749736984108 -43440975266
5 -496742093045 -953252760309
3 197586562479 -98834417487
3 396180241906 429242948281
2 173609768892 -297551498485
3 -223156764546 443352740958
4 143008306499 573258964682
4 -711145278588 -352253476791
4 513259950177 933317481934
1 820963171786 -763596464913
1 511149558249 770556273574
1 388544387326 -145523380054
4 -659635819549 -661407953901
2 133807140584 -218018286953
3 -694096182329 965826894509
3 881509039687 864945922276
3 -163331597736 189217099420
1 675125443010 -260226571488
3 -220093416741 364442617984
5 22047824967 -494054084677
5 176407380134 -25541516715
2 -724153466775 540271242181
3 -792977666373 -684379943746
3 853734682724 -536810735060
1 48581784782 586761736641
2 668845321142 303587460283
5 96656125154 483081377945
4 824839284739 -388043280357
4 821245164755 -146264952319
2 -698154410179 -685172522445
2 268237901667 -278722803858
3 -126714215249 476730458233
1 -590711709968 798018453088
4 -56265129448 457681622243
2 -237529157955 496895697588
1 -983708741404 -129132556087
2 -289498909327 479837078040
4 26938784829 579341712536
5 -917620479778 901033735025
4 36707417650 429035108545
5 -113373341868 888882203199
5 -937256990617 -945997370258
2 -800751114820 9947822357
1 -871251738640 730529887062
2 -516246457482 -525338726394
4 -287622001799 -952354484706
2 -335034253600 519133493664
1 189728597987 76965120644
3 -491493886346 962136996466
2 577724110611 689098615903
4 317435231780 741457455410
1 -487429915068 173460110408
3 -663055490412 -837189799135
2 -493086770446 -404034983961
5 11440987141 -751223148955
2 -377732971582 -995298406186
5 172214141532 -540406277940
1 700637426173 -820064519153
1 30473715083 -377722358646
1 734569928352 200750990336
3 295075224396 -690823119295
3 -889448352331 776003290604
2 373080377785 -562107844835
1 23873004985 -493851925858
4 -966552738978 166176103775
4 -628083182991 -396734541870
2 -772572529340 197924493514
1 -998530054451 -25287535090
3 -463625809589 -117687739620
2 -884194670290 81342975613
3 -247789098813 -407627697183
5 533921555399 -25151753185
2 -531960968173 -7354976909
3 -409506933093 214518460825
2 -426144901500 482689698089
5 107018432166 886799799195
3 -231270571754 556773507907
1 -438525932402 658340256746
1 285224704907 -605239619433
2 959402589953 -816576718139
4 132398217297 -477654770881
4 -720445645388 306235307941
1 -250797498995 -215088374588
2 91813923133 -322647378424
1 510245923719 930857419151
2 154975866697 620977724725
3 -817626452270 490422539186
5 -734826922862 92506436705
3 -114961851255 -379267354065
5 318324888935 -471791451628
2 -869330396772 -576624416801
2 -176928194052 -311816091429
2 -376918044316 -433396122254
1 76951245045 -200493706937
1 -659462631137 -8843047760
1 -599906462556 29291640933
3 -870646432396 138290008218
3 38814814309 146749136693
3 581330594927 -951705987929
5 -49177924468 -689298396561
2 306453871415 914524673393
2 20452127217 -562941859228
2 -314709706342 -379192797186
2 -109200120430 679808270862
4 944166389457 693073638681
4 271320107901 152514343409
3 729088978921 97445123002
2 -932024552506 -683885785457
2 -736610239597 -861775132322
2 -949196172524 -491027446238
3 -358356193021 -242191648384
4 -395679417012 -377467863995
2 -771793566809 531478116256
5 493620513685 372155882225
4 867047020733 -14141069247
2 35784779617 80884399308
3 150726330580 371617825394
1 835334976686 -702745215704
5 39685837177 -745303797521
2 518041817529 -52247429366
4 -959418647846 448632466351
4 697343704933 153133894622
5 -572022254646 201305631319
5 -981798320830 442814674977
2 903342374216 656298832131
3 -449892600063 159862730722
5 448241405679 -368597697593
3 311955857292 946733363598
4 -136908772974 -864635405992
3 612126679913 -90484682004
2 574525609844 390029190625
3 -44623828407 -844727223263
3 -173845336373 678738946968
1 304249415826 -625353439808
5 90543746523 -221336531163
1 374608204496 591217803272
1 -392632095751 854935909191
4 273687521402 -286308906060
4 363801316835 -825238245851
2 -502736713262 -759891329526
3 -781057605015 619758018133
5 176729900760 763801859331
4 -9711214710 718481645895
1 505181056148 -601390580205
5 -316049962135 -360398120066
2 -631625888704 113554289750
1 584206773210 265121181801
5 -989281949547 -980554948118
2 424883925250 673376014947
1 927061187378 504806540040
5 -571422059909 794655581247
5 -732130582078 -997829805962
5 -845688088144 80296054626
5 -239121605418 -81911993173
4 176654375376 53753436593
2 307776631538 -713355317271
2 51529604906 -239453131056
3 -860276033141 239956161530
5 318074731870 -720184717513
2 -565728723087 552997110196
2 269855712403 -177599735617
4 640389596242 75222243584
5 -32505943904 -256309839552
4 178750944263 -22502582010
4 926149786733 774610546304
5 -674109084825 -567325787910
4 656954042943 100990126638
5 -66158669874 -514521797783
3 -566208842859 677588347802
3 -638938938160 -795198936162
5 735393269010 -157354501745
3 25610413710 -751724457955
1 -657756671136 653807127523
3 -595725159465 -734625322696
5 904976325778 234190790431
2 -625569198894 -193553561442
3 -528540942954 873082555004
2 494202718843 773664727303
4 673408862100 211240037688
2 -55768867435 -457047078235
2 399014681272 800669110372
3 138924491966 359607186112
2 127773064910 340284585316
5 492616912859 442439407797
5 108140411 -741667953404
2 781858104148 -654063156474
4 -517340061452 -201615948771
3 -549386286170 347868842447
2 911707307601 -69474270126
1 -229359265099 3772753969
5 -427377788559 -319432463227
2 681274397727 980727649032
4 -564247360950 289079427085
4 543321306706 -443385161915
2 -75679445218 620529648166
2 96787239558 750116472119
3 -174961294633 959728756639
1 47877178750 -377360869133
1 -914150898224 -261564426799
2 -66912726443 -511372941568
3 854794938646 527689847387
4 375796725113 -571921347835
3 -83766114658 537595774134
5 402093800155 -183512991199
2 -856954300266 -891762797538
2 354146788969 144781273167
2 -268476054093 39807481714
2 -229112787893 -973967468180
5 307203347544 -557611045788
5 -933080126098 -299321044180
5 -368537207623 -649810033187
4 -87138739742 -730557733356
1 -116599272842 773356747816
3 77452639882 -462403129699
1 69738307914 422138839334
3 -315560429676 388439287512
4 -931072216906 -828513836523
3 547305567153 -945498552753
5 878821455395 921038274122
5 -585865080281 602656188974
3 -116331191473 -204383412487
2 191621319627 -996601869476
1 -837276952431 17630752718
3 -869815449493 -766699621629
4 665917471434 272175345561
5 -100590425613 278565586274
3 -460118580738 -801778112244
4 -140178696241 -346632125134
2 -172147064562 -618579708680
2 285720954337 -688196255517
1 17353630718 388866733431
5 -17727412227 -887486219598
3 -66384337230 -147707065754
1 651024644671 -267257505793
2 -160737066256 -366737056607
3 564960346447 327806057107
2 384905692095 -404387406330
3 -384417237043 -11083662174
4 -839653777605 -503360331587
3 571735482773 854610299083
5 -594301775184 -782549921286
1 -900922670314 -957097362193
5 -386416308977 -459091165935
1 -52795114375 290985574489
4 750461811697 -668670902283
2 711802119310 -649666951436
5 613455488861 -267739831004
4 887812439517 -516041265975
4 -102851682436 -556098518430
3 52115673514 -561213847588
5 975391562148 747844986532
4 -802454521492 894069886927
2 -249087155952 363486863812
1 132711089672 -864141080608
5 -888588808989 -895342698482
2 122810354202 -757593217557
3 674001873325 -13495449222
3 -571434285740 -454212094553
1 11308334391 157887554996
4 -390590243813 -481049851797
4 -205923146369 147314349884
1 603918037612 622571917685
4 854086144169 220881776227
5 -457791923357 117010641786
5 49302667983 880434435760
3 417443942823 -841611688468
2 -550258943176 -114134615437
3 805024847988 -589848677134
5 169283150271 -607601496658
2 -390062530174 -376996112133
1 -403173748340 564733835078
4 479463232228 196046811120
3 20290847116 -588879581849
