412 170153513768 633486254458
2 -745628206679 60362355206
2 -939565703791 543036333829
1 -707868986257 -762425475410
3 96974653383 357750887111
1 -225950905578 -302069217288
1 -332725196166 -852778083187
1 -399376625108 666789665766
2 -705229455658 -796999869389
1 94232007654 -290390271296
4 -768639677983 379957568792
1 -559897559401 -326971577770
2 132287235083 623270422706
2 526020345821 -672601613758
5 13365951207 -165960080512
5 -866179985312 424081998740
2 463103249448 150140389824
5 -46343882627 422277782380
4 -58096990227 -501149560779
1 584197953473 463654593059
3 845203583905 -617696484573
4 -200644897692 343152773652
1 255455378524 -589049471554
4 -326986333328 -45219798423
5 -981173253622 607324723423
2 117020322675 316935108262
1 51007799882 -247729614022
5 -634194571961 23436324950
4 976139142631 -164910065050
1 -324704276508 458582403312
5 -508081903734 676596422572
3 204653737080 -101202325176
5 381111150989 -870427459712
5 122850282108 -14345496008
2 851615589347 -428340808467
1 -930946281631 -431626168001
5 957891114057 834183020118
2 -571983043866 -170769572370
5 -39282133877 -736203784578
4 116903312045 568967463121
4 -817329760405 -440449519363
4 -798319693397 864981048170
5 -240264299133 -509739040044
1 -459992995193 176846923766
3 235289642711 -853946750855
2 470023042447 706975582446
4 871081437138 14552906087
5 -298629038112 -374908251536
5 -143480618920 -829874225084
3 -803125987947 802961215720
3 131732139389 622280632445
1 975896432518 -483498774453
3 468456356856 -439416754526
1 802873521894 321496396799
1 -624986234852 214683094510
1 -606451984500 663239821301
1 223953691242 -598432987167
5 -591447507731 -859370695688
4 448939046863 892113366744
5 -470902574290 -512275710511
5 505183867231 169503081776
3 809870809961 -319059533982
1 673368025541 190616604460
5 -21813693054 -395304028332
3 -354444441687 -602230554217
5 -721651753962 240304628142
1 -646624019003 798521869755
5 212001294077 718512250957
2 706066525819 -596947823688
4 -228782690737 398976073758
1 453192610012 971985542737
2 -186193654947 -574249344013
5 424966195543 -694694188314
3 -987817303890 -267246619400
1 -465504195925 496661320680
4 -943451051304 874365605029
5 157476539843 -576310242697
5 759221553914 -339962514648
1 973292906298 -690860883124
4 -160521455332 693532686521
2 221659279941 343814409687
4 -33682818579 419647202889
2 -434794033414 -640231119518
2 434400206155 108525450090
3 637029884588 -450602559688
5 908596018679 -858976992580
2 283648242271 -275664293051
1 2790686508 235662478178
1 -200853070042 81835943368
1 -834386418106 313609371064
4 294412681727 -469006780743
3 831343129365 -526332473338
3 531591936629 262229834762
4 -491561518524 936298411791
1 -29089723436 99847718829
3 -22069728284 -755440039409
5 461460486741 -154091247922
5 -691424128419 -263311075667
2 846614637602 -637836588362
3 -615185012037 -658591089220
4 992292133274 503068623517
5 416728496097 -698377276424
5 751944962242 174260886224
5 -114407004481 -502902882851
2 539916189153 784521449919
4 -651851440706 -451681280502
1 -935415608248 -264594621972
3 520619462073 -970510861957
1 -646356493893 -668044572454
3 -847165720307 -300950838688
3 -531167805178 -403298065427
4 -85819725184 490118175396
2 76748335293 -7803429402
1 330048152922 -316862961810
1 -666907325645 -676644263749
4 834033417406 -81763169051
2 -133651762960 -207197366467
4 -466715367585 86364977102
1 420701489999 -722124355472
3 299871374887 768003158734
3 -769387608638 616209406391
3 -254423171204 558273070741
5 556624279185 -395858225332
2 -324707232588 127868801627
3 -850435184460 -329021252022
5 -32881930957 -294293895447
2 -721716743159 -232706604131
1 757657438704 -95855432877
5 599005379951 -768141174116
1 -519150990425 -296505305757
2 -440210025005 203681979827
5 -810090192222 -658845547518
3 154483183179 879018742902
4 210051115575 462527405500
2 -74636769083 -800723939369
1 999976546560 314377808572
4 -270898503622 -657536233966
2 101889579295 419787386375
1 -58131519861 685401292111
1 -72377712161 429888260516
3 144237189615 313358392797
4 -990848170692 156566202895
1 559388476674 662569648652
3 -890298472195 -561595024974
3 -65728623803 -739528373003
4 805993382576 -697792477340
2 490872734070 -225926351049
4 -551046783331 -222762286685
4 548013410559 -162673155709
1 -887389202123 243193532803
4 -360423500293 574226837510
3 -631575129844 3041563653
1 -416198523392 -302783264981
2 -297602403938 896104035319
2 923621580109 365850947582
1 -110102110346 959606720575
3 -75548128105 411664116497
4 67489354638 76512720534
3 -87654177143 757872525657
2 763214363594 -122595736024
4 -107581815978 -699248380769
1 -28516435374 403939673431
1 585846623349 344027287493
5 -88989679006 188982387224
4 289861872015 -427072711283
5 -218533493301 -44352069388
2 989848146254 -254025272191
3 -535804661313 -74351017838
1 -675994651994 -409296266213
4 15081267771 -912690736575
1 585970275992 888262965183
5 -537915846510 -43969851906
2 -281910334044 28919329729
5 619458105708 623093318836
5 680453403444 -348475517151
2 104135730566 -377378440551
4 -911500087152 -865160571482
5 23123399666 684781804043
1 579936201769 -583075503691
5 306941285178 973787941832
2 -483606001347 -388188096876
1 -724350086989 111009120986
3 -136539630282 53457610062
2 -4820861775 28914900304
1 -618910613903 706577758701
4 81955460780 -187676933505
3 627600409176 738812374701
3 890316637159 -831677516125
1 -753215230170 -681092817550
3 443200231694 -580461605789
3 839440780554 -118970826435
5 638242673323 232957307110
1 850383479094 -639395710504
4 -985404030063 -823741174772
2 -358328160672 190563722964
1 444324048502 -239419872089
4 -660082997844 -849098117092
4 -965704697647 -570494444813
1 -72082949405 348537089682
5 393467298158 -547202630595
3 -657652199611 829411543618
2 767607056521 -583135593187
3 765399507217 139082208216
5 -978155023134 -553979436334
2 649207077289 279993323207
3 -632013149107 -645547868666
5 247860131800 -553662783061
1 -601642392851 -104217283699
2 177883288527 546887386660
5 -612061617221 -854534615938
1 853870508191 991827808007
3 552362983987 -18716513870
3 -482559921007 52802620823
3 -42233596750 451614006631
5 -209325026304 1043327146
2 -236748702162 -810632352086
1 -401514319906 426863367159
1 -174651824461 -599924936757
2 859009140975 -959559564006
2 711884998837 868352003956
4 540607554464 -736676541375
3 175474105334 -527759922256
2 289136244479 -920951747130
1 770562475357 -351898480714
1 336433662890 -239832964335
4 -859010217920 -983494355750
5 109360136071 -65594521513
2 6015254541 433047517898
5 22873936777 -789954096811
1 -188800898387 79071235920
5 160600882288 -958036806492
4 121226209048 277585110745
3 721250870395 -683957142308
5 -298598362307 -142904697454
2 -764772438588 -584034744633
2 902425436998 384676927345
3 -958978474455 -375898135867
4 -892109868512 -96617208027
1 904741127715 221854501239
5 -22769690374 -34464767642
5 34293618057 -463119752100
4 803071034323 372729622825
3 670339238526 -743758184941
3 -272153295830 -213311307643
4 -104685418107 452892204436
2 -866191409032 -301116207416
4 783484372184 683890160741
4 443377743883 -897360919711
2 -429329435583 -998962673101
2 208241716554 250851574523
1 -313882488402 -502305310213
3 210364941958 -597374514220
2 -453482471047 -600114712826
2 -544731981723 -939578985140
4 257308311284 182551791014
4 -92832949580 -244920187831
1 338740369993 635008366312
3 211208425378 516176121739
5 801552817619 585241353343
3 -894574257413 -27154800635
4 79842085171 -114368766235
5 -835269264650 -44705322193
5 -398503740949 -836131659985
1 -822557701289 575731953763
4 967846300082 -300383945347
5 -148127674419 185851390548
5 475928104708 976532036594
5 -740500517265 -310527100546
5 -981687821485 -918463148568
3 454808368191 -861476543704
2 -594024354968 -353029678406
2 -429298542216 -308279448295
5 183699242633 -777270850095
5 -847085967517 -384124819616
4 -984436068057 -275585399499
4 283055517319 498972210979
3 -28769749351 -986686631343
5 188042637879 -938201529096
2 -496862150722 -366348680736
4 -980607082136 336138989384
4 16867951352 696558723483
3 179956122287 -378259281711
3 329408092089 -300825853338
5 68557709979 509976814902
5 852154611006 299526203846
2 -472761005438 -549355503962
1 -59171163671 -855746748040
5 350186760507 93334126066
5 -352887041155 -503184300998
1 -301040385376 708158435994
1 849418830125 549528006692
2 -627408656987 -346674292269
2 -713131691823 -651481051954
2 193413702286 116044171914
3 -882820169264 -156496768126
4 709036599431 610117978397
5 389047995125 -644588850923
4 735950519710 976513525903
2 221402998712 -626864348522
4 785574239776 433068918110
3 783969662147 851564992688
3 -70244794511 288365484682
1 571248487496 443910551957
2 -631861967437 -956412171043
1 -156287404459 -920970874923
1 235636226657 49352692591
2 678494573146 391151729142
5 755994122943 780402076855
3 -108045276615 314816875321
5 -200054690956 -263824051055
1 -302380962837 -422072572521
3 -952193494840 -614907652630
1 840528491042 -261218428542
4 923544123511 565032858895
1 138567829861 -886667598929
5 943424190518 554964720121
4 -997025979553 277086947218
2 -599265039303 728995108404
5 376066132556 592120841895
3 694416865091 -625617040036
4 433341872338 -294748118999
5 -286009990103 704358366679
3 -430947416708 612186998153
5 344505076047 -780225135203
4 -621074868236 -920751556485
3 -578059343809 -219452677049
1 -361316907477 -151912790230
4 -406380440755 -876651739090
3 -221892317152 -348726185969
2 512145698952 167975346129
4 19455221023 -532026350215
4 355811069122 -272175356543
4 -638819348339 96124830899
2 470395829326 755409530603
2 -634269060963 762472608861
5 84993505571 -662556568149
3 87414941814 827130590453
2 -832577902667 95144238035
2 -206626468154 565340292199
4 135282113249 395068481456
3 -75230924426 -286630217064
5 907883839157 60830863232
5 -971372562787 -152079579055
3 -192380129477 635014563581
4 215115787987 -726904750092
2 -869331140953 -191643123055
1 908926924328 745395291559
3 528316401468 -118978862871
4 877647315419 475891569233
3 -272937459258 -644174548530
3 -246469950643 10004069047
5 -882445676910 420288138617
1 126235118089 229523978171
5 -680347008921 796207437579
1 -528012074933 533566064818
4 -611288925070 778154224612
3 -687772362508 -241172701327
5 -727856102757 639714174647
3 371643252649 -26739460365
2 776026985787 722738067313
4 640994654120 372292227190
2 525118792632 599470822609
2 -959856961718 -487484371832
5 -446087878894 -790853629435
5 315148090239 -409981519310
2 581619500637 -899106529877
5 -15737416117 -437253152793
2 -968142798930 -798448341726
4 -715991515810 -236990353512
5 125039892861 -344039044181
3 106374406728 618584070064
4 -625985331584 -284532663831
5 -796889926669 859180897208
3 860547509235 870825639754
2 728204486454 328401950087
2 -358178884624 -971408649025
4 371806801322 -952469240626
3 -560850617649 965673838764
1 -159631771620 -438696861583
5 -335850034371 -926270161229
4 -968081304206 -694658333972
4 -656809360520 545419657806
5 70159844115 382579517591
1 -34872285472 -319399630854
2 -91230904578 119337524909
2 -413249645480 -51719629061
4 -43162652173 111838269685
4 546990478713 116661476710
3 -706425069605 214561627328
4 -232842327498 -83694956633
2 264297055709 -945099554840
4 329616778783 302040017626
3 747533396013 -968361078669
2 -433891422567 726368129364
5 656825492386 -910183546756
3 223668499894 -886257500363
1 773799494692 -453343942737
4 507478732093 -975568713397
3 -387636609139 -970400924609
4 -77731994120 -7162178592
1 962642551729 624276575495
2 -934545031990 -353257133885
2 445367907463 843595109942
3 -491442270608 211109888927
4 -868823062462 228502930154
5 513555112507 327860953022
5 363997381540 758209478805
1 917753454639 172847827258
4 714440561613 499924706630
4 -89142777974 639416521748
1 -227621868057 104385543268
3 -552022033696 61220887895
5 -3086985387 -633890799139
