22 116602436426 250877914575
5 -82141018933 962622652651
2 16472810272 426262243574
2 -815031353647 62626820300
2 173821627294 -849550532240
1 -741020190950 -770841572005
3 4920403540 282704778181
4 -998093973570 339798995846
4 296299842601 -662683792194
3 -567227255194 16124558060
5 -489162091776 575458386540
4 -647617039162 734188622216
5 481782091771 20402415139
5 -416045889961 666158565829
4 164836513787 -769836667415
5 -523863775475 -108499259032
2 -799457064387 48909780817
2 -533090233092 -380534202058
1 69532873889 34176955328
4 -293863799868 991676245702
1 203842917429 381207244846
2 -371030103148 21503328704
2 -186185582499 -204705528126
