22 236455797489 862215208399
2 777188543240 -375446977980
2 335690978267 410046103600
5 -894594114821 -400191913710
5 260796159584 339084891939
4 -797582707719 439666302781
5 41593329088 934507663047
1 742012962229 -541738144739
2 263234531926 24805118649
2 279534558010 -206390647220
5 -212261653545 755844835740
3 -346924683697 -54722328458
1 -469993571801 -708208425855
3 -411367974604 -431557587270
2 -170976508990 991025614401
4 555991551058 646749687283
4 -437726456550 -86267401071
5 -370062845476 645414801208
4 692248366406 129997868177
2 -924329832174 -389066003779
1 -741686639271 820204421045
3 -564852013795 173783832750
1 609802607843 246926912425
