250 70888022688 649213389537
1 -424815766516 -460786843649
4 -808730529756 913932093073
4 -186823391124 -911589752334
3 199031289544 97757953212
2 834640905116 212048649709
4 -772630521364 909437191669
1 -783455979588 518996100816
2 -235488931332 570836413755
4 111466716841 -175117553295
4 -785631902100 -458985806710
3 -918026708527 -438439969565
1 532908875528 696725290629
5 705750981245 963307913749
5 -797888446903 969715147231
5 821233920554 277395185115
4 245594560604 -185987714879
4 569453426989 -868625882595
1 -257662020827 -623987567829
3 -328365308466 342945545911
4 -410291397471 -983917467413
2 750387390449 -403951864994
5 -321585190330 54573356609
3 5908816953 708114659363
4 140751197471 351762252436
5 -701416724790 -28917931840
5 323835757700 988032178631
4 353548792669 -507260623072
1 940906147915 467675362712
3 773047183170 -820267333594
1 -213403337555 306131627492
5 682153882537 465049854495
1 153263003552 238477816073
2 580286690607 -619651128610
4 -537011940571 633871255526
2 291963686238 -636421474862
1 -606785286571 939763760895
3 -412613183664 -799587498166
4 -990330630458 -766649024830
3 -722389923413 -791630104868
3 -693104568236 -632537185958
4 950948193505 -159892542785
5 133286634075 703697643583
3 -660304659102 -685947256856
5 -623218494508 865067097983
2 -110361590795 445841388404
3 -623869645020 761775701784
1 -594275734693 -78352852036
2 618413148588 -534683990357
4 -235736460500 -598410042463
1 474694209735 418351880742
5 563176848393 -903200720375
4 -924784664916 249226015042
1 274966709517 860420501810
3 647937805137 861663620935
5 236373823202 126737606477
3 266164935110 -108940171668
3 -60181804252 711916416652
3 378352677209 -78947230443
2 -936476292063 -823954413009
4 553340578439 303694043731
4 231967361049 820383291402
1 20867398797 373823010120
1 -23935507156 774670315743
5 -121573035605 -93529478291
2 -36557193934 -651943495832
1 -193334738090 484013193436
5 755580314349 -731579173365
4 -714134797021 -922715311560
3 122132844982 434077013814
3 299527722015 992608091830
1 155744492813 259094498163
3 -437469620882 -705207213795
1 636282773172 -859124350757
4 -791175692551 -405935076419
1 108468029528 -505880563255
3 -138100017132 -834412883423
3 204666251637 -470639658828
5 52933479875 -373023117161
2 56721969283 -537966402122
4 -799419547363 -395465976781
3 245822380528 810704004112
5 485436553177 220400063725
5 1385368555 -932871346980
3 -661608532808 906949234550
3 -61972346542 289557289991
3 60157247696 557607497610
5 -426371846079 -8986800319
3 -709722193437 -109675969762
5 787674241616 -417647516742
4 483205025843 725353153541
4 530893342019 -857117678409
4 409721059253 570230384045
1 400134346172 40538851988
1 848413058901 369989079107
3 -618547095835 -258880162839
2 -855551498637 -512925386472
2 -273843309485 263573883797
1 -306734969488 541159337939
3 801271418285 969761182671
5 437800144887 -646428520408
1 823711571613 -674118210396
2 463250091163 -16030478170
2 781569355995 612048263954
5 -274913339248 -204103176456
4 -479056434095 -974207347628
5 -259668586433 431936174768
5 -465288637831 -589048226817
5 652370157800 957119584288
2 -248819610228 -651075796162
2 635892984209 73310214694
3 153001636633 -116151283774
4 836657177065 791714978768
1 -754497484083 -854142978512
4 857354118718 208580151607
3 954563817468 -411035648717
1 633033558793 -974635216867
1 426834865562 -61192870211
3 644985796920 221283385794
1 354003982784 442245717655
1 1490412076 -755928249626
1 -919248565720 -835022687135
1 598913692531 987131032541
4 -212788789016 223992258975
4 -660073386741 419378459954
4 233934816056 -606384768013
2 -594624492414 438416024537
3 23954087512 866891074544
2 669904267202 169124989001
3 -318176852251 896990977553
1 -961741675917 532959523923
2 195477165550 -326342537680
2 -371317328739 -381310581953
1 434706246442 439461902876
5 488196742480 -981673833008
4 -906004756191 -957703343635
3 -790267223197 -285114594739
1 733865689668 390515294611
3 -209493882302 789019043835
2 -459466062119 332126302118
3 879965954913 519870894645
1 -266237928719 835512821620
5 941742351737 -231009552443
1 -433921670451 602317734638
4 229328737287 -202464577836
4 -357991426963 403335221841
1 -39584202370 633318093493
2 538498949629 -931432701819
5 -546019725297 228029094493
3 -394243170914 -979999745768
1 824695329820 57109297815
2 -289859201513 662741033184
4 -233107089155 569716956037
4 193958419342 -138813309163
4 612493880219 371977350184
2 989010183546 -410766737092
3 -546265706215 -115173448502
2 -331027081947 -520179953239
1 -280378557527 -726942586717
2 722110239370 -639469869300
1 -326786790493 806663485579
3 -234030406993 876932206684
3 591221848197 -883423307268
2 -559610846004 588292658640
2 839653453808 584852029960
2 251911932888 537643486225
4 -296966849623 835102907142
3 290663677324 -704041182977
5 -928914100382 511262879615
4 -504255530168 -975274926836
4 -765075057216 -28018858721
3 -870195664321 -886787113374
2 255350572191 -460281995239
2 870907477761 420058822334
1 919195609487 -721334925488
4 -331969027948 -928464653486
3 161079502580 -529416356963
5 -54705148632 922940910735
3 -731140208060 -150574593899
1 235903636529 -746015581700
1 -675673457399 876055721451
1 -67998284029 995630504940
4 806256425658 -218308081976
4 -835862043233 -614551948403
2 -407977677208 612939048377
1 282145437817 -873429152018
3 -918982534733 607924114414
2 291979918185 -237153419252
3 -724016092343 -228514382316
3 -209303356525 883398559546
4 -298019635855 -515030274696
3 344003793721 -344273028365
1 -207362347781 -613801904462
1 -320840087582 692129423686
3 -618836822579 733961125639
5 -321850607589 292174503331
1 -595270202317 442679855056
4 906256292170 -911258802681
5 -368983710380 39833841202
2 -231895260284 -120060864746
5 804931571436 263466645207
3 -633061258197 523679977441
3 210717360622 395452603714
4 -861879182047 361107703944
3 -102726924515 795633881304
1 -704149749795 -775672023761
1 -915144044894 896495361479
4 930689445188 -412058777992
1 750118583914 -333530584023
3 -806896374537 900032399449
2 573565052170 320556867233
3 869999470139 264724926332
4 285237778992 616686832414
5 651948599069 -826911941218
1 94296790446 285498486411
5 -998697404044 189176364233
3 147956440231 219699048947
1 83228778296 -333148617646
3 938216999436 363933043326
4 -158313891796 281195567370
2 438681974110 997606024017
2 -203985958622 311952695705
1 -645819629505 -102756090035
1 838230272535 -666090369564
5 -224200619711 -412775389275
3 -531025297187 452801300848
4 -676172215770 -764046203708
4 -914861701058 -605462224637
3 -627882833527 938537404637
2 176971912980 -593263723689
5 875727930317 320369436149
4 -732487841196 -832859110007
5 -458319054776 -910151038005
4 -510833548476 -69373390431
3 214929075047 -159924996769
3 -629090506033 -165146977385
5 297977095878 766519031896
5 856592834900 -936854425299
5 177626749930 253047347641
1 44910753954 958485690907
5 -164267668393 -816389058490
1 -851018039333 924344185124
5 -360242481575 -183599228844
5 -993377643513 640312833797
3 -266198616032 -519721273717
1 -641599164936 -566267511004
2 -114070281448 -120207135211
1 133235968974 210570647436
1 790828268990 805816081361
1 -319938095586 411923118835
2 271505536872 -960799638155
