473 357554641106 909059874782
2 -921699596225 -78818213475
2 523326781582 -616300770538
4 791513150943 -76153811668
2 354109684111 -467055898690
1 -943421815614 954671250819
3 341583295670 -916230754662
5 -911030715898 664524032664
5 348410206087 -856507621576
5 511223298744 -834299994536
3 -774133929355 400567718760
3 819393650649 -832296607007
2 -546123501648 829963924848
1 -572958341547 601957696861
5 -134173606034 -201921493908
5 -462281270042 493490816865
3 -234014628600 -826518170156
3 -481338997941 -653643806789
3 -690242393140 927867328721
1 138142878417 -94802984517
1 806093340146 678029180851
4 90416657581 948220580325
1 -350363594095 802185148067
4 -993862107126 148902182621
5 733966556772 857357049175
4 -22395382580 29005739809
1 -888929855283 71408815579
4 412189758465 -770940061376
1 811439231538 -908957836252
4 -476897802873 53575859963
4 -964196306293 -623945799496
5 186646444708 -816566295275
1 -587617883280 -842551093069
4 262036758695 803518771340
5 926203992024 -155142130220
4 221134317312 -768478611906
4 288380657218 426667168789
5 311191204475 159908478728
1 748230968251 -148657420974
5 305977314107 773527002304
3 -544373119613 -82225820598
5 167737886870 -640086587521
4 -956405062210 -15170070605
1 -650058628510 -538342531936
2 -866618683550 -995157687127
5 173036332309 293020531450
4 701553706075 -110014073478
5 -704377888044 188341496142
1 -155099778718 -658090102272
2 225118093937 -724440358939
2 597700601962 700354685766
1 -914004437245 879248891484
2 423353599671 925327687728
2 -349477838063 643895234356
4 888482845791 -601805082005
3 379898710163 165358744586
3 844369018379 447296969202
3 -835458728506 895685830974
3 -825224825169 620087544660
4 205215905305 -138592495247
4 111882502669 67944784621
4 232435056271 -967523559460
5 -564992392009 835751896070
3 829981734048 628620135417
1 -986428621032 423453868786
4 263022012865 904934529313
4 462232453097 -140772728470
3 -16399937244 28398748713
3 -751957689522 543396056252
2 -465726427503 -988706020722
4 426099132416 -182409157427
5 -381621912787 493092015482
4 40597019971 222350181682
4 890799464608 148329947792
1 146450545025 985014601419
5 603448349255 -885892267873
1 -944138376305 100104974989
4 148837165382 -220593036308
3 -755876299036 -927469044536
2 -968472643817 -547890970884
2 776645269862 322893851842
3 930299686522 -920362226517
2 -435768527439 -519135118539
4 -235442714817 -407291527263
1 -696367639946 -471268052514
1 -2489921027 -117551561562
1 512955120797 410178318767
4 -172239773432 -579603768811
4 -954323239196 164383371001
2 670613959417 470768262116
1 -930023164901 -557964787038
4 -206774438718 -807353629087
1 680916692107 -87310048337
2 -794677340505 -996457120031
5 -201628517932 -362353072914
4 737636796881 -540686885885
2 685734140596 857206357938
2 523182304801 968202915295
1 611124247422 -767737605273
3 421294876380 -22845339301
4 -628540112399 -73550854907
2 -550936199257 -557799809742
5 608048270933 -343894684356
1 -569562497629 -96837515873
5 517495113272 770303132624
2 467157114230 581854596893
3 -299796060697 -758787905047
2 -764458771230 -862361438432
5 -959393629956 -944492271999
4 502899972132 -666796214279
5 -420043566132 -194993018844
2 296364610288 -552119454051
1 352999029776 66451270158
3 -613212397359 378021451428
2 -96952765761 320696316133
3 -901728241244 -360632732099
2 -556173065732 -303977610370
2 -158084728621 270348911022
4 -532195845829 -282596405106
2 73268220748 -931431825776
4 -753479570115 953613562728
5 -820230572827 -932643351896
5 521169291056 -834105102073
5 644110092473 574463600258
4 -78335140093 744459178355
2 412807191632 176876485742
1 -842230413576 693917981747
4 345295462896 385662196604
2 596611090190 340365959214
4 -924698469464 651670633307
5 184780059719 -807387063146
2 840941831581 93437499821
3 666921354298 920935287825
3 333584683746 725208150561
1 -459986883672 -318105118450
5 306267107920 247638805616
5 -431272666448 -361905506526
5 517890473123 369847680509
4 -932096697313 920446873832
2 -44422819430 693160165319
3 -618323172300 -179662100980
3 -715739987772 361241141866
4 -699507431914 356168633738
1 763857067579 -387863424812
4 -543043639793 42144645027
5 -454374862517 197421948456
4 749960234573 -923336419709
3 -2900568627 -642978407035
5 -813845160519 409496067419
2 -35834739684 -713922057726
5 -904929934879 817499255706
5 428764040103 -102527322411
3 423977198288 158949808181
1 222348970064 183882063135
2 90544865888 -443813766518
1 656297025320 882432134427
4 697341597505 215123336127
3 641783971017 608396137986
5 -301735044987 92232603034
4 15682305864 -849293179110
5 -972720088107 797376226547
5 818315087834 94608815132
5 318310760434 -181713859465
1 191708985601 168880607779
5 617264601079 12907360662
5 -415350408587 -557286564385
1 -191910383024 648551646682
4 597989793358 -406013406102
2 308313263887 -943418174280
1 941481803209 -69566821372
1 -190341370492 633306329240
5 955345858554 757107031302
5 -564472916337 -775974092877
5 -147690993466 -228420446364
4 -155171172351 306552864090
5 415755577500 55462627641
1 854172626496 773908934600
1 -669688506712 -16342271955
4 -738989801079 -808949277939
4 -832686639661 508414962742
1 440622117301 -417939493915
5 142771454433 -220499208937
5 -76980338739 -877679614731
1 -47684245890 -684618695623
3 64552196236 -139717956102
1 244591554159 588684647876
3 368793193210 714007300018
3 670406413317 -25779182292
5 -825001610461 -738253988834
1 -882732222435 708658664212
3 781891807471 -84991436807
5 -169441988801 561813910417
2 618664578332 -905522829724
4 391438589066 478161438318
2 528984388603 382901570845
4 127835156070 857374751000
4 -847787790212 -105445823724
1 383035242455 340088014130
2 920974433001 -578127027589
2 -849579185047 -593848512792
4 -639621259730 -798757900054
4 155717233220 -95624332801
1 211856011237 248188819854
1 -360685412393 -696255406893
3 -938884317473 471729673389
2 -21908139274 74401608130
1 -536650860648 805625582429
3 -820438491572 827950948162
4 -934095954901 497520431009
2 -780348192896 -457836874881
4 62051837157 -600439465388
4 -147218467286 -42908562422
4 -890067192141 -192818331785
1 -826707616964 336614134077
5 -224453145475 984675249827
4 -289889244776 -250474799332
4 959982604086 62881746477
4 201835092574 825278873540
1 442727736140 -197879446608
1 -19886873813 -572877786752
4 -4168592005 791377848520
2 265166251016 34238033260
1 -666203372365 259311850495
2 631967764524 -836099881104
4 53353026668 -825600020661
2 448559334654 -512165923779
5 -159824664913 338749682744
2 -543856869537 988432879728
1 320815862369 -684663332502
4 961784413764 214898191468
2 746700123957 -694337375240
3 973771315458 64454386522
4 -983345545682 -888178285492
3 -269793113198 -702143005436
4 -564754759101 -978280331863
1 -150807180833 -781663805818
2 -903926644107 -938711427952
4 298621509219 -362953780110
1 -264881299331 137624975814
1 -661744960593 513655125506
3 -658690032704 638001581959
2 -135141276377 66092721774
4 150830702723 542920749640
3 -258159824632 425431039614
2 64184210777 -661585354819
3 -68057049523 769425257449
5 683643277102 -233911156633
2 -130821210677 -692730256411
3 829077207138 -789072193547
2 -147486751822 -817008039854
2 -811052231389 485523723820
2 989615718071 -368846317481
5 265425259745 -732608771760
1 -361160262662 -198257031893
1 -236842242783 67414790615
5 -47854929643 -879923919483
3 188163262643 -933167728296
5 786923478282 -76724888747
2 908814415624 -212615736585
1 -620476433268 -386780273835
4 -869136492228 -856212896459
5 -725228589636 885814196817
4 -3493216518 47906554172
5 -45787528007 -359160776171
1 556642346816 338551844432
1 441328491863 769369111148
1 182062549085 633197914436
4 -68973966004 -820548796542
5 -857746685082 154470175492
1 -595611533875 551816703454
3 606117720799 -184970108158
1 832973849318 -816891608818
4 -347073652379 364227030364
4 734120120067 346763808776
2 113487183523 -674529338420
3 -294816621195 314511059450
4 -164289860780 169414944636
4 -747645749096 349576447794
1 922000639877 -925547609768
2 -103737682049 247198722576
4 900107167299 -687247727254
1 -909987135514 353022493595
4 -276617245504 -570448362144
1 780116904998 629448030076
1 490977164839 -352971479717
2 483836693708 -300231294472
2 640735090769 972621302361
1 847446328605 -750022400528
5 -297496430964 -969199519616
5 507584311439 -723487784643
4 -888414380838 724024845079
1 -43569166125 -535585050716
4 -749513728970 22411821980
4 376457537937 -944843947985
2 -333225534949 198226971235
1 566135992205 -642949496529
5 174521020323 -15668416433
3 972564714637 -942200146499
5 689029888044 -898401007636
5 -230373745139 -205864764957
4 -208364505297 748482657748
3 49511692990 -659095331503
5 754037594021 256541803504
5 -61619778712 -905063974847
1 -650700818412 303707019080
4 -277986984799 -333657264091
2 -896274614258 -980390474747
4 -373670733333 183617757854
5 -433581777894 696290761711
4 -864318791637 -573143183834
5 -108681151943 884914653220
3 -97392424667 -100857592939
3 -314756527549 345403889154
4 445789121991 -678014180837
2 470460647659 -223604989364
1 -485461477714 -666112293496
5 854359385910 689213046090
1 -470964490454 306837173406
2 451816447161 182952781581
2 57043301802 532416053576
2 -763864152231 581412702285
2 950346402667 100060012813
1 608168058035 -811519698654
3 -827901276925 -912074307677
1 -77831780823 779909946243
5 -962671189775 -708409668611
4 -404307125907 852714281076
1 508115663133 120697945720
2 315589731140 237000104593
1 -75091058906 92762617208
1 -559179962821 -113965852670
1 876924399234 455350730846
2 367339018892 805547989052
2 723497521401 415453590522
4 573386878211 -969339338325
1 429921706494 -64512696162
3 -640423672253 900959978818
5 -161390877836 -240171570003
4 109954461521 -755044254217
4 -673532747525 684050861314
1 -527960031933 -10447249048
2 487649398885 -285850089918
5 93190662497 607753672442
1 629421609705 830968209393
1 -420774693476 -380923036518
4 338030435437 39955289701
3 -70169308691 -333734740673
5 306490978811 54416541790
2 -27219750327 90135326749
1 -192257094633 229117105210
3 259980091889 401575955917
5 692849731634 -720872390832
3 -848520982743 550853092152
1 108772334427 -342045381817
2 -515144553876 612414088579
1 -559916309535 -49474315205
4 -316878705513 -166677793206
4 -749520487651 -229857092909
3 -169408805267 326755037765
1 403185216243 374312776587
1 -190198270228 -478831977230
1 707336553898 -645820949253
5 -945906450232 -328369946159
5 -592367232203 -641090975916
1 -634569809273 -518162930848
3 -550963064236 993896026906
1 705770264641 151378046100
5 338095794879 995053402740
4 949003773947 79168170341
2 687765699406 103598345220
3 760384761741 771363137488
5 209771117753 -652776250625
1 80876684102 470253470174
1 346744830543 -273108045068
5 234413070820 -751174950125
1 835396626735 -98463647857
2 574570227493 -55703679101
2 -452584348597 -632864578343
5 -363430619328 -218269498670
3 -523314712858 99453187899
5 -868396284315 -231313062669
1 404983810084 66670042481
1 -591282112442 644476104281
4 357970945542 818281748818
2 -394640309910 155367572067
4 -488000920189 520159521923
3 -228544320453 -54599690760
4 967379610466 793571055489
5 -886873600252 -349113004585
2 555641291750 -546380413587
5 -899270635903 -404429639627
4 535858163305 422294017795
5 858474635839 -1163370108
1 -705543196979 -816862852581
4 -834963410514 -320893412360
2 276759897448 429414012082
4 159987064302 269025553003
2 -558748003167 460644784800
5 970062252415 600276732444
4 -926336823232 785493191035
5 -417626223070 -103255718120
5 -626060608280 -323136437889
1 877282812852 -804782714744
5 154788801171 -60956586173
1 464965923693 -44361070408
4 -162835487801 -800857475918
4 -900990879803 574197007921
5 -739091419074 290267964115
3 832884578692 -865745375816
2 551461904937 -330894914197
5 768519974734 -210017198580
4 231768574930 72119236299
5 -734790888198 864138303925
4 -928714052220 -189976131063
3 357466005686 153197247788
4 4603695435 339971705652
1 177702086557 -910284307011
3 532586943575 -58138193192
1 733213242091 -948978251508
2 -141703122971 876057459842
2 614821487078 179742603604
1 -199674826165 -312074987042
2 376566383475 -850293446993
3 594453063615 159922078847
1 -484247145949 622661396786
3 -751892859221 964910782426
5 271350474935 -533065958565
1 267741402214 -625053345331
1 -801061082127 -760493417523
2 -876798587319 -660637558744
5 798413224314 -376873885957
1 91934486928 -771566234681
5 7779909172 -43766839460
2 -241526174307 144861483583
2 -944916637354 -314970926388
2 -594276005590 -402255736917
3 -374674208823 685021652733
1 -980987613015 476700410804
3 434831000269 -877704253308
2 38604510507 772104003152
4 377010675347 140344401031
5 -102581011416 819108851552
3 -691168580524 -92253264343
2 -626883825922 -508774773751
4 891616693438 -758228728068
1 220233200055 814106476777
4 282855674392 -664951507278
3 -87227228371 834281443387
1 163477426287 556403909364
2 -587656101199 504220403032
1 654625170032 948673667978
4 -432935342118 56597571437
5 -649009298127 -697099845431
2 -602162011492 -565193475055
4 -625795481316 519451938678
3 105624383070 -208816204524
2 541704465296 774479658387
5 -500127374547 607791026989
5 505846327279 23202608818
1 -24803788989 555585917154
1 -98930690455 299399375193
1 -584276949763 754515339671
1 401311278626 -818325862755
5 203136657563 -944812044011
4 19006911471 27420942119
2 -580458786746 -53234827050
5 244492741606 806033975346
4 -715227651238 380206565802
1 747988922868 -923485965129
4 -820096842249 951256438326
4 -911269737163 -489941963209
3 721809251712 -284579573914
5 -184379005341 570772962711
5 -410255028435 683651956081
