180 189362139368 441032505655
1 -641733511513 123609842996
1 -251522384403 -888711267171
5 577038723918 169590062376
4 194607726790 -494850482914
2 135228084106 395361903228
1 -459639102489 188468879257
4 -220026022557 -807823877660
2 509390266578 955998470019
3 76914907807 659331462165
1 105652563370 -191234704052
4 -143193438675 -347773209684
4 -566891457424 -78461338967
3 657943930270 176110975150
5 813271531015 -562281818653
2 -979906548059 -736905022458
3 282334186098 -264399262321
4 151293323783 -899578640354
4 364601029487 -221375694555
3 -887525999208 433560707944
1 446412163397 605608012893
5 -250007105680 766994741785
2 150057657734 -668683583334
3 -579970824511 -72290172035
5 811741511579 -403811924867
1 -789838626768 -163288349455
4 716582924449 366429739687
4 -738590199792 242389741562
5 -453547589648 -707695574492
3 933969306897 716516722794
4 972122524564 866675707264
5 442176437012 764961909697
3 -806513546669 882823590992
2 480383648531 -822774953492
1 -426190128828 204212865951
2 403835656871 -889176446638
5 628485803458 -320687968223
2 383119976799 -937892450133
4 -663375977190 95601557761
2 -756244134772 -549661566899
3 -154586704696 -823179530708
2 243143973013 675975415539
1 790708698525 998533946924
2 182719130632 512988019625
3 202660712777 48653345972
2 786595421283 -63620004691
4 -895308375965 236466840085
4 -144806909873 -816972815184
2 -508084574235 315844717457
1 -461341121704 -306496079421
1 -656301955186 -559246605930
1 -979333717870 -504903769783
3 -234035279523 -660662652836
4 -336129734101 -3043732701
5 950711223037 -402876601003
4 -275011170645 354216269518
5 700929755704 -591948823812
2 -938694847485 -550202891277
5 777436638530 -632532387441
2 624203532351 -808953235585
1 -473021663743 779144597487
5 710682294152 -863394932852
5 -533415316081 165519299892
5 -515561910521 -689254268704
3 -252463207298 -210657401156
4 -76967577657 378429021879
4 -414291369649 73445692245
4 -135688864282 -189398525868
4 -27185786449 -37316618934
5 -240149908746 -929435081916
3 -446991729719 -772707734546
4 -305366501458 194821305415
2 618946313455 -10551867019
4 571107236316 -645247879053
5 383145651710 480902359881
2 113204745777 -163866903757
4 687280210362 195942665798
2 -80135146115 860062402122
2 941495767957 434597558549
5 45018104423 469147179881
2 848004174883 -405438629602
5 163927959936 800603462989
3 -915216230855 51533804591
1 -935911127807 -375356853311
1 -351763120481 147073768355
2 -974587438838 -678809425410
3 -324546694915 -944036572750
2 -745533005612 421757354763
4 205535897778 -303955006665
5 -228405659272 -392866331564
3 928461277021 -552041403157
1 76190990444 993461671993
3 76771790199 -296039423471
1 692723581549 -154774304661
3 -408616213004 -263273297676
4 -965485151251 -677693939990
5 905573151248 327574154161
1 575031370159 284046420796
2 -107279161516 -457495104615
3 587486014057 740360793123
4 -295085485030 120725667408
4 -482265721520 -810645318084
3 421214138615 -584722638981
1 174456183789 42770646914
4 45190286252 -452863795463
4 -921251575180 331788339984
5 -408058963622 650602928641
5 813297163374 205064430378
1 124333696710 -106984707047
1 -309928992080 -32656958340
3 -204426376558 -250467819497
4 132117045661 -877516873493
5 537823330745 -406318412639
5 449315616662 -121503741368
3 151156280320 123949409870
2 -65470316032 473585300301
4 872935791840 68454039556
3 318416918790 715175450877
4 -400328558812 -141064533382
3 527559509816 343630453947
1 -464658542237 -678719926118
3 -252016067295 240209652791
5 -342023957178 12729650393
4 -990684837103 -771609912592
2 -199354450846 -669010871067
3 -310300670106 469263151537
3 -104410791298 -625092880335
3 -407231458686 402651900595
3 -967056471175 702509794040
5 493494907311 539806983325
5 139288980720 -875997485405
3 -63153554833 -711071878017
4 412649338674 -329499634681
4 623979893263 588610429620
1 -807732924735 -682828227665
3 -314335620104 592880259851
1 878512663996 -528243755789
5 -73471849865 -272950780670
1 921253649069 -588167796165
5 -239005454675 479729637817
4 -211195880365 -634097323632
5 513344863625 130060627359
3 9988495794 -453838229072
5 -181004767455 -150664873019
4 -761607780521 603320683511
2 720420958461 -788836332702
2 -746869957956 546317608593
4 -412011974395 876492063419
2 -166202765470 491467278457
1 649781924184 -121463477156
3 377320337260 -221144280887
4 746599687111 323400853857
4 -974846536683 714901784316
4 583525051857 843589810326
4 -580751503115 938246898463
2 -802686233866 -732111160399
4 -576264876152 778887727956
4 416553715756 -960407563355
4 515901827532 -40075298355
1 -26811758115 -969331323610
1 831103696145 -377524095838
5 -718501861938 -287416233867
5 -421941535731 -951554050639
4 868578542124 773870995376
1 -97371059949 -269503049379
5 396204328352 209388384307
2 -383322165401 -982404690524
1 -365049044840 993801294809
2 -780084474242 -716361769603
4 273260094594 864178257442
1 -216167244527 893439332862
5 -439772820839 -688302410664
2 21654200046 708317830615
5 657879389500 -3618162178
1 897707922375 405590891130
1 -611330210597 -899145751404
3 653115461384 447212632932
2 -850492383143 -934929830508
4 828319795436 354857267437
3 737244362948 -759774660389
1 518289460822 637990457433
