289 805208670170 829023037618
4 -47005291014 -350590101723
1 420760131702 -767748974937
2 498140359114 -387716861480
3 -908463920570 -784186437401
3 610744801127 -898937770320
2 610042958676 -47174094058
5 7014941457 -975163150056
1 -290159549241 221856537053
5 433011689336 -430519932462
5 405863463730 -774673183164
5 -843338842257 320118754375
1 -212630507912 157716149669
5 670134706432 504568573249
2 6763769605 472003053911
3 965706549908 -838049240402
4 -728769642970 -450048248556
5 -919608766737 706812000193
3 -736539617092 -164144569508
2 -429690584731 -91253558843
2 -476228833437 -847946206706
4 705515223598 -525000067441
4 -716005902867 161167527273
1 347798561575 20531302091
1 -892817572995 -283830102199
2 678219410764 364239540949
1 -455658716904 266590389931
1 -419996930745 -468315846044
5 -473938298288 -17529738047
1 -85634678884 414771437367
5 321252306844 932109605288
4 999130106519 853252298622
1 -453758766955 -699249630603
2 35098302603 600947479075
1 -110202060442 700071070609
2 -624777764662 -405235081341
3 -436330047819 31968787615
5 114828040090 811981474021
3 594904404327 -987942882352
2 441060355529 796169849983
4 -41794549179 -842803941946
1 542202306899 -958946806309
5 -262899252603 -378600324747
2 -205628210310 -311390130579
1 277314181696 33536203145
4 517997544280 6844293398
1 183946941130 646557722560
1 725555060572 -167107006350
2 -926362724059 588472531524
4 -740392272880 343943009482
2 -212759811096 -620734452311
4 518991523068 -616285195947
3 -67249569266 -205451707877
1 543173548236 142852492889
5 -474748672701 84180235394
4 -139073927735 -596106908927
4 -560474466352 -51948192720
2 -294412676407 488742274110
4 -835940054587 -588683900230
2 540718480367 924521924024
4 992109268169 -191750313813
1 483741852110 -459138725574
3 122253135037 -805462061459
1 131525246489 -397505235005
5 -132048683454 256010777281
3 13769185779 -831704335422
3 424422058763 -372354085446
4 -808959921306 110338761402
2 201231724165 718772883623
4 -240296212333 -996039702136
5 -704316448086 -21164396586
4 -405693626221 641031864527
1 632232895535 677486692416
2 -999112536505 762901038232
1 -459529957608 499296599872
3 838145814705 -40705081928
1 720497539416 -617841979582
1 504600148488 883952298250
3 -773331062361 -501916886861
4 -824006336382 -585917795303
2 -532072842085 -504317553825
5 375878064614 -282941735525
3 364735732642 -851445097710
3 457405792312 210736170691
1 -475612483321 -477390449104
4 289550957522 293334677174
4 -687707447349 -187399576486
4 -356840445435 217399923116
5 -835868640301 708488808007
3 -614726201867 -293651463495
2 -72676738181 -188621501172
4 -824727472338 881762294405
4 251148575755 609953137312
1 -259037033850 -273622281943
2 120578190101 -705786221353
2 -313344227367 966263768944
2 699599617546 300055323890
3 -92056218051 -893438029477
5 671401691848 -675797953613
2 155758577250 644822741218
3 -332174574931 -239758486361
1 815755145666 531304249609
1 -210454719969 -733667502319
2 -930144747086 -189327662341
1 743261279160 334459174528
2 700385670326 336656198915
1 -81183039775 -934265882222
3 867250920646 857918453392
3 -988324381283 -690410445434
4 -463689449370 695888284775
3 -360259972579 406104306484
1 -820770005143 -272202734233
4 -567273147287 135848973712
2 631542789382 937029325984
5 318026092738 -993468180857
2 -227386484219 -487791177265
3 656050594014 385037452086
4 739886461384 268867534806
5 -814332220534 -669777851033
2 233188581994 -295497824486
5 -444651963312 -40370268765
5 -417884565863 482574881561
2 28252985646 184074468900
3 -994887705682 196015430374
1 -279231105762 960648517332
4 -789887837675 -376189783882
2 -445971575790 -786943593292
3 -975076098648 -191794413889
1 244892009581 -169634392259
3 748337781072 953937673707
1 -81100299528 370816923313
2 17431109554 328038946744
4 588324374223 989651091183
1 -125996387222 394241141916
2 78585403801 -722175560482
5 -209443204726 -101709254075
1 -407006675948 92802048384
4 -740608057060 795756692377
2 -956163217768 -35606205968
5 -966611797311 -528332822756
2 239168751473 -594442627291
1 112390803848 245052887161
4 248979852305 850088088044
4 -850565358392 -259816433000
2 -31593336923 -57443124675
2 833957562910 128421103397
5 -595346384221 787438919072
3 -643246978329 216960133350
1 163273798350 909154832103
2 928904755248 420777610309
1 37193009458 622352566607
3 965923185610 -580636483548
4 -860701659753 -309053660567
2 851769921302 -633006982354
2 882008058774 -120616187708
3 -416637410695 858152782665
2 957445989732 -629749089482
3 -695991622767 458802516024
5 919367297189 -839113045952
2 582098517675 -407750919349
2 -801086386151 422810945289
1 571936130232 -902083569800
4 233776691433 745313651879
5 -983780111622 -657284787795
2 -671034875872 816367033476
2 -658069132478 453763925480
5 840497007304 -812893903868
3 -504078197096 -293571357588
3 -267562135032 -40246148128
5 -22504180639 667326377433
5 293335317971 536191711045
2 668058661271 557872427855
1 -576232867553 -482088377456
1 -208386962129 955104878571
4 747233532704 -295123012085
4 881111176892 -866199480870
3 -224132868133 167772879425
5 107294404588 135712311036
2 -524210586493 12114572624
4 -752179588490 333860204559
5 528687257155 702901030727
4 38067579126 -546938705106
2 603697625446 26135045290
2 507607502587 32665183279
1 499667726967 467199393915
4 -840524168682 764517430461
4 -91853183011 -382535414796
2 -279280553017 -276590882142
2 666947906104 -357276955196
3 228021419912 -876173309793
4 131883031704 738064773948
5 -639033574408 -608766068706
1 -52908886686 678883877767
3 -155679869898 342617554563
5 127574108987 -591080259270
4 -82378135944 -578331572786
5 439582224777 57606492153
1 -925173230163 -918745024134
1 398857799029 699124198164
3 890781876272 -640680245489
4 -963292342921 258970368463
3 -317664340156 -784292420048
1 509326538825 650122687105
5 -116278002085 -93365492605
3 655040682670 450732051608
5 -648486120987 -399657932560
4 -595139894941 -350943954293
5 821364511339 -990404233216
1 -32913051467 998090959641
5 770619805710 551783389508
4 -292167919180 -983697983729
1 103271153382 867906030451
3 -92952651072 237891757899
3 714854081808 -394930457849
3 -304072958172 -715841763430
4 848835301734 340169242915
4 -512317956817 -275187054899
5 987626754206 -701943303184
1 205135051242 826787941330
1 -554186992694 -527136447305
2 -511449283136 -941807441899
4 -222476311568 20583212498
1 -567008964841 703744175100
2 -343138708253 223905831270
1 917547038851 894676172981
3 -473044516983 -685656221029
4 896837165640 425964544172
2 644529596490 -434019361966
2 496105748517 -773015696411
2 -981890470258 -97508532418
2 431063157898 731822201953
3 924494580132 -869960832644
2 -486832092738 -832351540906
1 -220120015291 531699474917
4 -820168735660 33837387478
4 -470907811311 553447734052
2 -353103915907 -255383903899
5 340693464558 -449058984597
2 -489604627418 795431024201
3 -26440589393 -413719217257
3 22433450817 -353781726901
2 -191977580921 555260020135
3 384910857979 599112257521
2 -710363487007 908682043167
1 -659490901454 917528205487
1 -930009893402 983289588482
4 -380507967228 -110418046887
3 50586527222 -51519827604
5 -100737070484 370477736927
1 231094247149 -250421129238
2 -832460467648 536035901337
3 -683216025223 458595167002
5 -13323717596 -296519614844
4 216838071827 241848368701
4 -516216509533 154788391753
4 379537132032 220437576223
4 -318505777903 571265616983
4 364101364066 613374637519
3 51719351325 490624859333
5 543540774334 519119365920
5 532617964792 291673120595
4 683585388622 -209096230874
5 845026478979 -880648404995
1 -875243666379 -660559899333
1 -425042040404 907200780251
2 321094603855 608117489092
5 574441672349 244199535600
3 -605563319952 233607237809
4 -992499873209 585707795303
3 -758537440722 -501054762929
3 995357383334 -824197685236
3 823464313321 955432843769
2 309272046796 -375200815508
3 -252406556221 658672790204
4 -26408513234 931820361363
5 636453403002 -246927796041
2 802424460606 -881089666303
3 -260320322563 751717332613
3 309498488745 259788935117
2 -121080727538 756777130587
4 973923720352 953187832075
2 -674625463460 -562764145756
1 294149556097 661598859686
1 484509327198 -652700266437
2 -574384203485 788950165024
2 110147134279 -596303756603
3 620560853450 312108457130
2 -276920933017 806826369583
5 -624102286676 -726859925453
2 -803933013097 524503627893
