24 18244347050 65623727017
5 851593307694 697570678999
3 -223629578563 312521145612
4 170137233241 -531804268017
4 -392766992165 571139235257
5 930623352595 -623892609893
5 -994572902361 -503181639684
3 250962116504 -588731951880
3 433316018336 -379820546326
3 839195697118 318617851124
4 272381067642 -683796036262
5 -787378807789 -934240930353
3 -632032094323 471354523706
2 -74043325832 901517807554
4 996539159053 645581712692
4 319389917356 254230305278
3 280265160362 -848732542181
2 266699510137 -36234539606
5 -916026504404 -584536195131
2 968778790484 -82796686373
3 478865808944 41082801304
1 70842540186 23759099043
1 -311393388551 317448369515
4 -24520569959 -625186465845
2 944623435825 -903558268021
