458 21389090711 885830093226
2 -670472286277 424955893738
3 416230591418 -206303047295
1 625522492471 412124387387
2 -715882580869 -78205610463
4 773386065397 713786107915
2 -694504968423 437242479064
1 690352979394 -956066632131
3 -213672071358 757255653089
2 845176098368 -259684584548
1 -783353117624 -847641796991
2 -757176686033 37392590885
4 291080844839 557035253938
4 -510266890304 -935766851945
2 247718929085 439830033379
5 -865208995231 -575878190223
1 -314733312514 -867115226120
3 -535410454194 -510783342362
5 36677249035 68669020913
1 -801592241935 849841014190
2 953437376167 157440169592
1 -173962960982 -516477428817
2 -106343029818 -718002322074
2 517694499727 -385257945779
1 412651490406 596818564239
5 -824528993273 -620262140839
1 604825612546 -690291429046
1 559652563493 558494203595
3 457141867139 171196252705
4 131912263968 -426174696740
2 535910454424 -471363531417
4 -499298636348 901127343740
4 282318201003 -76798656412
5 -438580667158 93122663231
3 -820848304841 353360439126
3 -301835746220 -462783618816
4 -470691701276 114598143726
5 900976471335 -873390838213
5 -456742339941 934454829785
5 387531081069 748931633946
5 640417739263 -853543230820
2 -584636111053 859928653267
4 -295070465462 172390963715
4 178028737849 -785785928126
3 -192717449733 302162792494
3 -815295502040 -514075741016
3 842768110549 734298440653
2 -856223749549 -51561069800
5 498645811733 717747046977
5 -982909616442 -685538993781
5 555545971319 394915324100
2 -214096731358 768052658331
5 -109817032864 292465957665
4 459182048024 2240180867
4 12024409900 -992278659163
2 -688338941536 828976077945
5 -152668301854 110593411206
3 675430214437 -121248029040
5 932427076950 -720331630206
2 727079932724 612315362137
3 -56105205121 43685118587
2 24983112616 627582217286
5 -484150886956 571449393563
1 353727150990 -636345191124
1 609848078648 606573887541
2 -981007851951 852737528755
2 109283792587 664515730721
5 -770483447097 917307125576
2 -655667699035 737311625997
2 347837418601 -164568117420
3 903121148244 27305056573
5 356443575306 -430867801305
3 894499903428 736177837778
3 -241522964435 -397341123753
4 90675820738 750742020484
2 36639203127 -529926231675
5 411180834407 796196685838
1 494228480448 593293846000
2 816072996590 727455028190
5 985656740524 -696565979555
4 508378929510 -700523673065
4 15380177484 -555084448424
2 379150275729 318621122246
1 -800363958689 946380278193
4 178653239387 -236014613878
2 806375477912 -578712957266
1 954042667417 -974368417650
3 -351691881996 234129519614
5 187377021842 238668965884
1 506726391210 -944846823152
4 -160592771522 -184888751986
3 -967664526762 211292488847
3 871379517755 -363688515990
2 -34392987627 181837606998
1 532306879078 330653415227
2 -272899960043 400321542436
2 -309056005283 479104754841
3 -436974595518 -450459541153
4 358513116613 671115293570
2 696811083013 -436691399685
4 -239406109068 534614960086
3 316091041793 474080054522
4 644358898008 -364491836084
3 559400807782 642169784381
4 -124306651685 854630603226
1 556270995324 561926157122
3 876202917802 164811514848
2 617850516839 382910590654
2 -936459081974 -175589281957
5 342684710558 853173924951
1 331341115229 215253632516
4 -345257642513 -785060821357
1 -104460594377 -844599742006
3 746824427482 715898687913
2 841496951668 -825292124676
1 -746710028955 -757314607011
5 -367676946186 42725332282
4 167866594553 804879157124
1 508207110815 362865281888
2 968014195273 -396443570677
5 -225657135963 -382297955050
4 -276704108211 951225154365
5 -347723047584 451808543155
4 -955665236440 -735464416162
4 -129447095067 554986213336
3 916977249800 -380123848603
5 527195576790 103374193477
4 -138266040959 -24604708943
2 711410986376 198231673484
1 787963327852 714936092831
4 792650483981 629522338380
1 456528222060 237183316213
2 -37314175328 188527821657
3 101353808401 3215013825
2 978145199463 -375014110364
5 -42895038896 -106846175841
3 727394024421 843470889053
3 -375598065972 -105014180485
5 -222029700702 -646385566126
3 165028617947 346185792053
1 -158640466571 -73322445427
3 -626059337662 284170337570
1 -546209006625 -494567328050
4 -556598999105 -238443162443
1 -206784188474 -761948959120
3 83427227569 -775010074471
1 356698902856 943888252133
5 330118388534 -360158800837
5 -447254025685 969127324106
3 -930575518429 35835108829
1 -386818226259 803431839447
1 -711501160990 898561871257
1 445439717373 -974945939053
3 666449114748 -811604898299
3 -380180533981 3356329145
2 -87008053369 -850033326981
1 680816132582 928551340213
5 351916877885 -144834263244
3 -731968719745 -23731995492
2 -695122138976 374420780190
1 26629320678 477524370980
4 -7084649690 63528113434
2 -624863831106 412826388881
5 -29190742505 684823352920
1 841693131010 -146730527449
3 402184359619 601356133596
1 289288942739 140453247617
1 352033609043 -291250249924
2 393603048004 856503648152
4 809683396182 -40553308592
5 -189757169488 941941081402
1 283706475365 657710818706
2 558942884609 673648515841
1 266855752511 -817840787674
3 416380468924 712522413375
4 567907012309 -192975725485
3 -691450724972 791380976299
5 682500673037 -905720932699
1 811248217518 -957888396921
1 -675137007175 828107100628
1 208385581910 -490713178869
3 488723278861 -670579479038
5 -689584897254 892670869066
2 230630725021 -439675670873
5 -896852772358 -476184745056
2 -765097957033 614810613470
5 -853377242311 153441938963
4 849223170426 210968151361
1 107703234587 960755005342
5 -6616799695 -668036802528
1 714296903667 -289204220305
2 807464344854 -43552281475
2 -616803745507 -788004715538
3 -475341132651 -862739801590
1 -980641041970 -205305522196
4 -797364089320 27302220281
4 -70224556817 -594396235088
5 -100426675599 708176623471
3 -258263894649 -427746282308
2 880393305434 -593454911973
5 878277668275 -242935932530
3 -90171724467 481709392073
5 -24507117533 135993110233
4 189319728269 287109965748
3 354516675756 -316930532898
4 -890997730175 -401881440717
1 766100498426 152900061953
4 619206405169 333432569165
1 -726859298228 -53486364015
1 -78261068995 565277326314
5 -631681756321 -113004286588
2 325123016087 44660310375
4 910477215980 -99239220159
4 -300453199492 -273271863612
2 763562446546 -716352347750
1 -620611881669 280826769117
1 427825752756 -142918049826
2 260269231703 355669742764
2 205087917759 -260369805050
2 782307262862 195716589608
5 -801613865243 -184425780379
3 680103998210 -506216363123
3 41332816823 453846722519
3 277184659082 -97458473933
4 -504609543735 -461808316150
3 648267060875 714777008040
2 752848194418 -249705981249
2 869600520380 -148449522300
1 -776595239376 86856971282
2 647779152332 706407660911
4 831052670318 827228091239
5 -234474788250 953668573688
1 -639217532092 -106340373269
2 -516782015828 804410378601
2 -928655746121 922302608620
3 -290917998060 41055368036
4 119365586981 -936066185783
3 -564549675942 218027167039
1 -394664063816 -396150865458
2 778216246347 803283481685
4 -765878916903 -873649373176
2 -619098212103 -852249716482
3 -919764626688 -21319107544
3 602106951486 -204316626611
5 -585233736384 435179009149
5 -706649613005 366848721142
1 268524533203 749298495255
2 -624320367139 434492037979
2 439642761966 899764728792
1 31653801392 -635279558569
2 799554767759 550453317796
5 886231541903 -317162438386
2 -846979171940 -791253221652
3 123359612895 585968174817
2 -842507211556 -165378873178
5 714275642844 281580675710
1 257321560571 902083652128
2 871343631940 -488816674964
1 -84968517802 529221107008
5 -110277096055 388194274578
2 -217096393030 806390551262
5 821791149886 119536626928
3 -405932486462 -718237511584
5 -922697959774 -441310629047
1 -541366973236 825083013632
3 789216988784 -759986675784
3 724608393400 927420239099
2 -729818755763 -503101663233
5 174421229475 314560237353
1 -348678429397 -168796007779
5 852102530810 929207739514
5 -411936726464 569801435308
4 -519407993673 -201098492027
4 -534190191391 -446558823779
4 218926222120 -721381790296
5 -806566143302 -517517552662
2 169638090357 -541760765746
1 -763121155969 962169005917
2 -853958131395 -734322204418
1 109331471385 -114938180674
5 -731392875334 722116479188
5 -483947894597 -721642829585
5 -906313032202 -489370704402
3 177139334879 650057967585
3 442829682997 119021293323
1 -553835066439 -927169952536
1 -474298358891 -267323276435
1 -836993425688 777508971383
5 419766992670 -834501422004
2 15179042840 -530833114133
1 -931327180268 -923533910846
2 -504492451861 -86690118933
5 -293523855144 -380059273297
4 -22957744780 -750140706340
1 372964101286 -851265360750
2 378375885591 -793112361960
5 -734145902372 246847535575
2 689724447943 -752054466911
2 -906439048525 -611954323571
3 -984401769664 852530471561
5 587948858098 778728317861
1 -774337520215 72984489522
3 -534869894092 -737979190396
1 -894138961864 -976913352129
4 -375853080772 -71767075550
3 -833938827211 665850273194
4 -761191085059 289521313286
3 977077615398 139852423903
3 -454411859959 411171871760
2 -185169271560 -805119745501
3 776600746651 298332146543
5 -66558691311 376989171090
2 821848763921 -894251304380
5 845191287961 303969055183
5 864419556264 561344326459
5 19789107098 -157561868419
2 722349893602 489337328650
4 -794309707341 -211848569584
5 -182166238527 -845387214881
3 661939168545 429364534810
5 -326311109256 -450328528879
1 -708787809433 561620349204
2 257543459940 -659769978736
3 806588561108 803729105032
1 873754293895 155624371857
2 -416541246482 249349969313
3 123491238840 -722035993686
5 -558472234004 -770223361332
2 521450375977 -161166841650
4 -638614015979 873872278011
1 -270976071110 324285083573
4 -983203419547 118868416703
5 952507729332 679174297350
1 -114790587108 -907097464005
2 527536399846 -555650593861
2 578185202940 -796554040884
2 921015224038 540155007132
5 558984136278 -162737433686
4 51622077244 -471572439992
1 -746734030009 316753661801
5 292470219159 -450279046791
5 -298736540346 -856556589979
2 496420344252 -206920948665
4 -93801673234 -661075214716
5 -735951129654 759757420089
3 621616911250 -135081857545
1 1238394941 716838555219
3 -239736009699 -608338538453
2 74343872605 -96067918969
3 -23018718411 855195264964
4 715698189496 94584824435
4 -829453107066 743311323292
1 360528398047 790512250028
4 -440855718167 90451791056
2 36098199587 -710873411848
1 853808936535 823046092366
1 587275097594 -822038452081
5 728277292028 964341613591
1 -160284372953 -280608482456
5 -209437799546 18741006492
4 880848291570 -52442058329
2 -574751915163 936325420565
5 -520338926600 432688524852
5 9056992250 812822111377
4 786516231687 -635391649047
2 -4094591372 201289325601
5 -325756793001 -556993432257
4 633093545655 -90892356872
5 897121369868 -586960484756
4 423345907425 -402816699696
2 882158324699 570701940478
2 -234702979422 592673852606
2 588108472621 -915137354337
2 868800138008 682490359926
3 763481789597 260048067041
5 908473778274 -771232844022
2 946063401026 -339823614825
4 317357128221 405695022031
5 -482976531521 6406213182
1 -783846687138 170479374154
3 843150137120 -737151558980
5 170556259728 182640730944
1 573104792488 511361102128
1 -547223583576 -742090498786
4 -300269454898 264818722971
2 259392546552 -609361188017
4 -361027145481 -672843642579
3 174928497087 -690149656433
5 574880260963 793682679223
1 326130782120 -96466845899
4 -757283116701 -618673729502
4 -286639666487 -423523283668
3 966128622030 -497672831965
4 -346227362515 272234722832
1 -704362701556 -25801665671
2 -178124453235 -799583117312
5 -945836634432 511183568595
1 -229547568197 -441972140789
2 224483012761 591328621287
4 958993953127 -753970003031
4 -736025129377 -531252378896
3 978193265925 -140612262294
3 -330078654558 -436658930213
5 -697989176608 -577643139576
2 574443234419 -943811388666
2 695982549579 -83023253974
5 800761346365 105603201172
5 -193256544591 -581463168877
1 816850203210 360375849871
5 -312146010240 345485569149
5 187041322180 -344680980119
2 332325119706 174622371676
3 811090611618 -483535596853
2 805574228810 290322179059
3 137951788020 101349824742
2 139770834541 622689490236
1 -761619419315 -24233887901
4 -314322830261 -685807876397
4 -109382148782 -438827816264
5 923700233717 527941636942
5 610620951725 133989243972
4 970168341586 64587461830
3 41661843191 633868125817
4 -457883448472 969285503228
2 567160652715 828627836336
5 -203802188354 145559723066
5 78295891495 -900103706939
3 167425703354 82230048311
2 763207325417 229800235591
3 -593649932202 750648748978
4 -610297694956 -846786042145
2 592741860353 797333850252
4 -974511656698 453955847255
3 -586631094481 -915458710794
4 765476102048 46973857131
4 -269411479126 -164486862444
5 -562204070546 205181173946
4 931410288557 472435007889
2 -117011936072 -399363674772
2 749731835915 -540156869997
1 301455176451 396528406843
4 -880695603508 -395197148250
4 -181358218916 -216651769191
4 -278254960713 292088977549
4 -906460789243 -728501963004
4 -784020421187 812852267547
1 412329911242 -777472110700
2 -418221807451 290250431571
1 -675988512450 -514622991654
3 182427933460 725091302189
5 -461526043069 15325043855
1 300095452654 -354555308439
5 -626850622044 -321400893385
2 -949641271499 -92664094392
5 450231392007 955171780366
5 734208813304 -760671188939
5 -205302381160 -586515562296
4 713281506014 -568896649730
4 -445188551308 488688512445
