346 215072760268 911604372440
4 -559216851860 958093669065
2 323093385795 -575012434577
4 -254072580295 812896089225
5 832007292 921430915138
3 -411527981603 -984495725359
4 485668593297 -859846445379
4 271432353652 150708388738
2 -526851595472 -392889679932
2 387319503934 -499038803942
2 264618246974 -870012453536
2 -158322788418 51099118469
1 981522194322 -989447398304
3 -982929643003 -718977086640
1 622206088759 522034071138
2 -784945997456 978980982743
1 905545655172 -754407729842
1 701213837561 966989294352
1 279288846945 883796883897
2 -940324425292 -359523807162
4 264285195003 958826882725
3 449302576228 698135093997
4 207312532313 -978753426014
1 342191763207 -773698749380
3 233646564087 103244836757
3 -880630411759 -404171547354
5 -175674307678 -60234052552
5 282217039625 -947316945973
3 233774601769 723996064115
5 -36323529936 8732313896
5 63559501309 197589262252
5 -851331181239 -534342600650
3 948646461142 637080819301
2 173273781918 -448792619565
1 593229233557 813280495533
1 309806505403 781741000237
2 -494382872707 -24538630588
3 -364363852439 210228210992
1 49597781392 80989609247
5 -294791254065 641309650609
1 354632176965 282264292520
5 795679980321 493880642153
4 61335219062 88149366469
2 -799603157732 -144560550839
5 -951715151616 -429774512535
4 262164399887 513225608076
2 768041301149 -425691163098
2 528150885954 -897646179930
4 -115761195784 -465513479599
2 -305116499159 655891681782
1 571018253509 -933998769156
5 541015989290 277182622372
4 1968084028 402511944844
4 232977024663 -72282543693
2 320301513308 545376061196
4 662030792565 656999914250
4 -444642295864 970268921282
1 -762418430025 -924103166805
4 515014233577 846421027090
5 564720067999 266047132232
2 -712453324903 -330164431209
3 332164988114 986535795620
5 -466272600827 -354365760660
3 486316475121 -710835765426
5 275972449163 -275174852036
4 -629568345944 -42410257110
3 -251353102096 -487966260849
5 767626014025 426138549896
3 -345610382129 212140546909
3 -528043212988 -672401520296
4 -208553460939 -542376664289
1 -909865561537 454061020321
3 -60919201777 491969509698
5 -342536539017 636899069330
5 91232257077 -192890512266
2 191028274209 909933071480
1 -260332832696 -970383296198
4 184136237190 728296802431
3 -795482353210 341301302302
5 4746011967 -10369446982
1 885460878961 355531506154
3 460224074294 262202303993
5 -949161163068 -762229837885
2 164437832341 -543571124081
3 -858066053453 612061625201
4 -759808037419 -659068267847
2 -168766304134 930043250397
2 927803731667 400673693260
4 570886419217 699426365887
1 -728200951122 515649832289
1 67877690886 -709039950369
3 -757042995763 338944907079
3 447462007569 -776595204230
5 941478644103 -919134557577
3 963146235580 807507238429
2 13179803944 -104522003464
5 -794316855095 289872895541
1 -367137845746 -347889731101
3 507842267234 -900638683002
1 -460036315922 392995748548
4 258489466046 -33367361307
2 -843800795800 -188371524561
1 -153830634578 822681862223
4 -238698416601 -104828398570
4 269243851020 -281568137682
3 887550996677 -877200627174
5 -534476245899 269989366263
4 -183375855032 -64727473350
4 -8664709756 308151546500
5 613889000449 36289792130
5 -138150967598 -766904327054
4 -651260978159 372094272246
1 -851900731311 92410459833
3 -791025921819 -9085397699
2 580054946145 950144407340
1 -779012354061 657789666503
4 205313560557 250132194395
4 -767591888545 3164316315
3 835032300877 310131482958
1 177420568692 466802125215
2 526987427878 -233181751695
1 942277568797 563916360889
2 932665178237 -907317036651
2 78056753078 610716413477
3 -950713455748 967094792467
4 -85361153248 -970561879191
3 655646574229 384752088296
3 -351608839603 78648677039
1 -612969192904 72923209387
5 596509488782 199514509928
5 838414386248 -973375539030
5 315366197284 281545804321
1 -878972549146 -301699689293
1 -360586756603 377460835358
3 627636734130 -231143409459
2 253372232063 27428899094
1 151604700393 -6199715770
4 497261683779 886564355421
3 450137005469 -177744333390
2 -242509045865 -596520288262
5 552595152694 586497899812
2 360960705726 56315484521
5 827843899694 853483719909
1 283687032531 -297588995490
4 -886784308242 363927188497
5 148508607868 -267996584461
5 -107290469832 -786885987578
1 728203866882 -771806276247
5 -701723169779 203891487671
1 -449793127870 996672640084
3 794604590801 -126051070796
2 -175059254806 641089613947
5 335849133253 46020882175
1 511856749153 -446240047723
5 -148309150109 -610060158062
4 -634714196692 -404823953598
5 266718521326 229642268941
2 532085772118 264384198158
4 271272353953 -72180398905
3 35215603177 851808082979
5 661434248983 481744136950
1 -363597047511 -996022268607
3 398036141889 815562400493
3 -2583374960 -803358639863
3 -44064770182 885405982364
4 -870713515621 -646181011943
5 -427786305811 920535456593
3 -283685816358 -512554733708
1 -490838446892 633842616011
1 237240282316 -940816408980
4 -678451605011 60435721546
5 -822401981271 907807339213
1 368238597692 -684616137127
1 297722315120 -902922993443
4 -256488476960 143249436498
5 818606175541 -328851504002
5 -675596031652 -623747833291
1 -256702818874 88264244982
4 -278689123301 149618800753
2 -796758526563 344842065525
4 -507066601293 195226891427
1 948083944465 -953264065212
5 452155568082 906314001345
2 841550778736 914453484389
5 371859455436 -946652726991
5 -197691342334 -610124077530
2 242631006633 -923403783553
5 414132875465 -599772651569
4 -975509535396 -395271724842
1 -458063476695 -788099160398
5 38668567873 -563092211813
1 210377959112 234502932382
4 -133110893092 -928872657856
4 -288403844818 -460490484
2 -374886358696 768105660538
2 -294276285078 -978172332088
3 -637944077229 400561586985
3 107362403090 -400357475262
2 661129292746 523519558343
2 321752821812 222310435470
4 846455357703 -440623923114
2 51690852813 565576441485
2 541277963100 -668133021935
2 306600940635 -906060683152
4 742038790707 769220311500
3 927565307290 -363542883058
1 182498902028 -821876761441
3 188112974222 721382260863
1 663986044329 133073404274
3 105788295255 713653739708
5 -663542385463 -652146064893
2 880645551238 -189052875194
2 -526705617247 415929056014
5 179087655203 -796467623102
5 -769041252687 413295865890
4 -543304325552 460426055840
3 -774686202387 822008313910
2 367687238199 493519453740
4 -111100776418 -365901855432
3 754958899761 -419704245355
1 -608466214290 -793463315403
3 657309116387 749592244250
3 326218515769 -267682920820
1 213584925464 -517192389145
2 238722651812 -544339220887
2 130630990759 -561904274627
4 76894069233 69233954027
4 767527165085 936687932217
3 937741765848 -604748239178
4 -386189920209 680370067487
1 -893367553941 -405765837523
3 634169135502 461926285074
2 -606767489722 -21380092659
2 -184462731722 427605567197
3 -224596152004 -445090633129
4 -588266641550 -925569964778
3 -384266497683 288002140450
3 -293521677884 -518519751620
4 -767463965278 -402624271132
4 -950277207549 -286482708177
2 -578657013790 -421961698731
3 -661430617767 -350282552850
5 453052622409 -761448794167
1 -543686560280 -13001904718
5 823704633094 134507185722
3 -155914365515 372212416045
2 -889278039705 47061700392
5 112758324868 337685559856
3 -273835014541 -12009046073
4 446468560598 -120649186288
3 -682753781634 -248713907593
1 319083112734 -303657742954
4 779389888213 178860666137
2 995899156644 518105573169
1 870709081657 370664416448
5 682249535523 105445916184
1 117926622308 89681959643
5 492554299083 535295333821
3 -218531088654 -378186970916
4 -215300424819 790974771479
2 15761570614 -388924519387
1 354620286386 44113944273
1 -842819955834 330391749735
2 -89906240321 250835984875
4 639780386263 -361681790683
2 -284141206423 -708307687828
4 -148651434425 -245357358267
2 502363538405 274221788263
5 -378932240045 884058587760
5 824648052141 -603797153013
2 -288805444689 -631685570172
5 771920287445 206810492840
5 -630272282594 973563622185
5 727213372576 -792058843655
3 4816188789 -362581464355
5 444981290693 785223935725
4 743307559208 -691004355678
3 910390479299 -66941777006
3 69600988855 -179404867484
3 -694096085837 371380778021
3 -353591987729 665121664546
3 -954391793902 34350774464
1 -530633045218 202802373251
1 720035634189 -978202236256
2 -828303491103 925793634668
1 474440995945 123912733284
5 512146241058 -150244322280
3 -461893714336 -289070883314
3 463364799327 -94178120341
1 -574290239430 -801380798046
5 -538061377254 50198815973
5 518193924928 -463727397714
4 -175073368239 454403195491
1 -970891519027 884373720098
2 537624304110 -604378953045
3 -395276978520 343465737729
1 648563268398 -408224451822
4 -118107198425 -22201267636
1 -50338359943 985941577518
2 -58927851193 -56348078006
4 634810419398 -744834171546
2 60966384755 63637421266
1 -390575443756 -996731231499
3 -779091184987 238135578614
3 924573939840 -780159492244
3 -881613456166 -406707702365
2 -186878662416 -753241067165
3 654252434804 -426499243204
2 -768385438804 -710153319445
1 492523339808 -664920743653
4 114653690209 -905738806091
5 463666293204 -234315966822
4 -472403473368 688523354110
1 -829480652485 904687904963
2 119743371606 86616215473
5 -389793279361 -831410572210
2 -676498905319 649998223277
5 307511680361 -277315373121
5 111341427181 -535113384976
3 -419652554031 -671342901639
3 -384961856731 -873388787300
4 419106336467 826560656796
2 -99601517574 590692462642
4 -924911777246 555591272644
5 355435360099 -929760118606
3 -655357457243 -515815905817
2 209863046655 218677309278
4 -390604716127 140403459481
2 -719030607134 -406012247117
1 -942121031037 884509857289
1 -598577403676 -179659485691
3 335852368098 -951491916977
1 -423761635822 656936111559
2 851744942793 -133759223924
4 679207563629 589725621979
4 233833973769 756103401813
5 -919404122466 818114554181
2 327912946902 848288983039
3 -468029364099 -150019079448
2 864243211838 -87234052645
4 -254452875302 329874205124
2 562778067246 624389242307
2 449624882516 237396996740
2 -113149329211 124828819868
3 -318578412940 282365022234
4 -341133350389 929722310473
5 -449355817222 134455081180
