218 663174616807 857441504628
5 -440629197298 663195533016
5 -496402472977 -859298904520
3 757525393221 -132919658143
3 -840892795334 702515619718
1 -34629762311 -94793879274
2 341210330390 751570707559
3 -397114617016 -420011874595
5 633989107820 613932028246
5 -39784030993 678905312261
5 653886120939 115316567271
2 122411931850 -708081336114
5 609898799988 -184399089074
5 310381181071 482815803503
2 571077969719 -271920715971
2 873089346243 540796960092
1 809099421266 781256180803
2 79966063531 -273231183468
2 -832909003277 -891928753690
4 919192241425 -292995342352
5 -723733972440 -427799245103
4 939431881863 -443336959488
3 -402078467414 949664815471
2 634810261148 -916227598931
3 520355829339 -565221541376
1 841658846896 651741246227
3 -585831391974 -566320348238
1 942919526989 -514366484631
4 44660705944 175951652081
3 -9142954872 -974989130392
3 990993620697 598617545870
1 -171954921120 -665046821341
4 -944189100812 -379555250367
4 146004648866 -713986993428
5 -884354688987 694719210344
4 910587033255 412085693669
1 436135409238 868019116846
4 71716905862 -149250660682
1 216752046086 266465100164
4 -689187196788 -635382209606
4 -781357252420 -379616059490
2 -863159256065 433314318927
3 571871110282 821024058978
5 318886389332 4583459596
1 -204562123613 547532404935
5 725812456972 720941915103
3 177110780814 -101546566947
3 -124617969688 997050900046
1 224142266306 -562393605186
1 702108635557 425350678565
4 111469555029 -921108894600
3 634301721317 565732026314
4 -375900177515 -957885007647
4 -16810170229 -687044705127
4 753696210917 -527964506394
2 -420355485071 610981565167
4 -965977530020 911637492119
1 985652429293 -669472196269
4 -92365505160 577327377469
2 -882503960334 -284370105700
3 -343134402235 644555878152
4 801073346313 -418180500780
5 -612088645164 -689689497797
1 -689311149497 -378756732327
5 -557033162941 954815686679
3 -30261542552 975935021850
2 546985472405 736843243228
4 291338933944 548282654398
5 647892536729 -495265153641
3 -92033998181 29020638640
4 -889620517910 -760567751786
4 256012765949 436419077812
2 -175248853552 472880017771
1 -309133101246 -846596247337
3 98673353731 761216017891
1 -415495895060 763109274165
2 587229798156 -20348725868
3 -446677648941 567901642267
2 785735521249 -932822468621
4 779538547257 540288639652
4 -383468962491 297016932646
5 -318293946796 -910027356431
2 117280768368 -591681168019
1 -814525533239 760263113502
3 -244006878654 368731190819
2 821095659843 -377036522766
5 4418832949 743858276731
1 553747359246 36969823655
5 -640662246586 -995439308618
2 825898766488 805644043509
2 792473921180 353575733047
1 -309728712889 -243028235420
2 764926846064 108850276124
3 -562020907743 331746655363
2 -384894271760 -57627532950
4 601621781528 -228281961947
4 240879469136 -325496925744
5 872014357032 -254885458389
1 890623844710 -355846972524
1 231184078735 472253546175
5 983868350738 -213692073752
5 978806771058 -160504516663
1 -6294749853 96786206887
5 10788347490 -667553191431
5 -294496019885 551769980630
1 -828610613319 702721347287
4 -857346647614 740033906501
5 396960731422 775499948209
2 222551088923 -615857987284
4 -544382612705 424594568100
3 589425938291 274995311614
4 -538960200808 -300820147338
5 -334565376115 882324386644
3 -891801399265 -675640307795
2 -779537964835 629972990509
3 455171440753 -605044262306
3 387071742880 474676278700
4 -452071278936 378534596080
5 137368080762 93950615082
1 497406610708 -166170257485
5 -613585438238 299372044016
5 729011931333 288437508542
2 -54360583673 -645951020529
1 -208285621082 -67402789578
4 -123619761218 -198756585264
1 -743779808539 -122664286920
3 -524872569628 -917842110368
3 587780548476 880685346024
1 -205834043537 -318479012430
4 -567505876004 885255526912
4 -601786889871 -143237165150
5 -854374186156 -64431123302
1 225092025914 -520978645689
4 -44474286788 -869131240428
1 538017980859 -501905962757
4 847741141746 9409896050
2 -609453096809 -251457839288
1 -864160929527 -778097402409
3 601913682413 -823000618106
3 -251473185060 -248933757046
1 851572086601 168197303153
1 454570821278 158708562449
3 956085637465 143982586701
3 977997924023 200777363792
5 43367819959 810543902538
1 577316387229 -434573549387
1 -270696425468 -778290369144
2 -237100465154 -120437031593
3 202740272716 -726415512701
4 -370702276759 -29572924186
3 298884847222 133618703019
2 -518801530150 276882766500
2 -532090242944 306730175120
4 308376833742 -101914080454
3 -376640796343 384190158334
1 -245924275196 -978223953334
3 413465572327 -312047555387
5 -882776516808 -173834587700
5 -820418756022 322778623529
2 200649361368 889158271767
1 87858105014 -121500060552
1 -801627635151 655924412423
1 408325235660 472211019713
5 -201183946474 173821369986
1 366365993210 214901665188
4 -359362556658 959468240305
2 -727959962664 -828544331837
1 -564656373875 -900829639316
2 -186951923398 -11807076540
1 321829947305 -605592667470
4 -207998766559 -83421425211
5 -794956497820 584350396411
5 111617036543 -237698794054
4 -857470606935 -974819880515
3 -667579497189 687916351228
2 109106687646 -932508081161
3 -534780669989 112176529844
2 -892360992699 98923437512
5 309375599614 -309877311604
4 281433660160 -985078105805
2 -734857906719 216507746296
1 263011730991 -262420216488
2 -445030408824 -683280132320
1 -241040570145 1743201699
1 -822497387825 534738068135
5 -960018781461 742310588088
1 -812086018721 -727196367177
2 611444315809 405199017099
3 671241975543 24862471488
4 694906315582 160275819885
2 -593337223154 -246065886687
2 309805357220 132600055560
5 273656223932 -176081062906
3 417717558423 -990396447391
3 901819107383 728505093365
3 -725001479387 728610394575
3 -354452061269 -246363966252
2 847626671357 -217709450507
2 563230265339 99997337033
5 -924173962955 137678463257
4 616612355023 -84617460891
4 947747199245 -128252230712
5 660304319352 274179204839
2 -238425177155 784600420493
1 806885632287 860844585494
5 -255325255392 241324238806
2 -941872732020 -47025687727
1 481836910243 -507828107411
5 578690562202 729678348085
4 147241321756 -679958635023
3 -637537273579 -287424692806
1 884738138435 -562925864416
4 -484627730643 113348903986
4 -442103314593 -507536383606
4 -316733039761 -765805661764
4 -337145140632 -266241419128
2 -902356064630 749990380291
5 126814800065 -295015134997
4 -827943504669 731224501449
