244 556768066316 989434919685
2 -551071365413 -476035328948
3 514495591884 691515650910
2 441410746502 299420077198
3 -534860218002 -165376362911
5 -616337521341 -755766329899
3 908686591570 191635515340
1 460680398960 985372302330
5 -845379900786 -100364644480
3 960432125686 -770971200639
3 -319288737424 -581183003733
3 -653423953426 -517969823301
3 455872781932 -715099273662
3 658322696332 -403338602755
2 -322071007145 194566069413
5 95133989205 739251653122
4 -24280147606 -463483640840
5 -924318307012 667773918768
5 -4570609022 -44442849012
4 238849240537 -774303089405
5 -561911489484 67720920845
3 479653051547 -486898325281
5 543205837981 150003126617
2 408685659197 -163064414957
4 -148994903739 -243928237403
1 -810377134742 -530816727937
5 -487223911288 208228147749
3 902788168735 -879544503413
5 962782415972 -501445727628
1 -898724985483 -286507976129
3 784389093777 -557980954844
2 65795007554 -65008930911
3 971132467095 -364638826903
1 345197854402 -913374327689
5 -735270113154 -161865744710
1 -229065637606 -282330981719
4 -558959767009 178133105526
5 122801601823 521067851994
3 895759801196 968437948978
2 124624843923 -529289600479
1 -714945285100 194517383632
3 -928827658388 850583577447
1 661887966025 738029823817
1 72146169887 603508491315
1 -24307422458 13502102551
4 318680137535 165179978279
5 -493625520070 2892612230
5 -511371757356 -906998922639
4 568138366863 -159866720777
4 368720413967 678772069894
2 -184416066316 977241971682
3 -210205532315 -707723194232
5 80993864468 900588690368
1 -890053350620 -629417667386
4 -880867985995 220604289959
5 -704707599665 479373228306
2 -252132584381 -159809493149
4 451342818065 -146945107427
1 69969752083 254389323611
2 168463869134 -793913109548
2 673384204550 -186725723584
5 50766493125 -511243753092
1 -682653070620 -988179626922
4 809915720775 -981860842411
1 -936989293828 949224321304
5 64183979103 -710429348689
5 992410319109 -390068010696
3 -701705306476 574917818708
5 -811946005413 613656072793
4 822031068574 258107183477
4 882183669737 -606089428133
4 508836358395 -620688193391
2 -760573835904 -691156892014
3 975340320866 852306985012
4 523474718865 664712816910
4 -502473531354 -642241423391
1 637830222638 159388175717
3 -522351183165 918846132590
4 -556914293053 -934118631773
4 155627402578 86403227624
3 -686435046006 612978478514
5 965535918522 720573145588
5 928674591344 117892368802
5 577902220653 794687360237
3 -815086248284 -576621019789
4 107476864515 737052713459
5 714729284058 -505319962795
5 444278111041 322846852253
3 -780535721967 320036216102
4 -834128385009 766862865120
4 -431825256266 57616020546
3 79975037508 -596149470348
2 -839839956925 771081485557
3 807290065832 999462268604
1 -693995252368 -597710637229
2 -139721520040 992343544580
2 905709928882 -815857351545
5 -623192423132 686742829585
4 53893112414 65155916625
4 253701790029 77726914211
1 899536107415 248994795658
4 -98725081307 -216197811903
4 -542955755902 242235195900
3 642965646179 -614473856108
1 -257675819016 193754785038
4 -330220404513 852417577722
1 143822886169 -217267428431
2 -969937099815 -515043169073
4 702282830264 115982213464
4 -848329098759 96595108215
3 -425263109297 -777097901513
4 275491010659 -678983638281
2 650069901014 -532701429148
4 -858380363651 864689760224
1 -891205475575 -324504634940
5 -902686475769 -502616426468
5 772136108796 556707192909
1 -768572144717 702022245146
1 -980053711443 19933953753
2 178452766477 -83650597734
5 -41154419434 -285915527933
1 631828349496 -610498546038
2 882386277719 911992398820
2 -309711723498 540062965527
1 -46017475717 -667552773729
3 -697972185125 -67605811165
2 -970459996297 826897254871
4 -160876189660 -390564832453
2 -189363129954 933130642216
1 -51526542351 736220296574
1 233806494995 -20587336099
1 -473280408371 -378423547466
5 864587373647 916957580541
3 940318924527 189973425670
2 134663415476 -935516405132
2 138688564472 -126537106230
1 196891850414 223413641057
1 917800058633 -693937547587
4 -56292881370 664285055068
4 -419620156933 540444218461
2 -910006925553 -237003260935
1 905339742591 884945232850
5 -214586515592 -745524950277
2 357191747139 -782811646923
1 -696417796697 259188197231
4 247181600538 -542891782317
5 253718693616 -369494002829
1 71193668947 862414203188
5 -537984162650 533931055324
2 797043089888 79035454594
1 -735929477047 -665788850249
4 28107721955 544041838019
1 -712039131982 -107338940821
5 -372482443831 544147762325
4 667115495712 -159399019418
3 312179170582 -195769304081
4 833684709613 831769457926
4 -11064598245 349664497159
5 565022539318 -690589518915
2 860139017422 -167849423746
1 -120735794428 151232660505
4 -509622184829 -537144870326
4 -912103461063 -69755468707
2 -492630557192 439669516569
4 -874568726678 -845445346467
4 192638803424 -905382626654
1 956308923139 -64503150061
1 -490921560073 -447652098912
1 -482125844979 -399075064515
2 -644781833205 -419884944888
2 844565111236 166037268203
4 -83985296970 -289378066600
2 -577679976577 -963158328016
4 -595258161191 820162976458
5 228058166543 -632236773244
1 264745477110 644059406899
4 60079457558 267487754543
4 -671101949479 110752828924
4 362770685812 688505955524
3 -219543943630 993004562812
4 -698499557319 366162277283
4 475643199201 -447666920358
5 -869916330166 -770464263287
2 629574440766 521756603360
4 677954358446 -290072873852
5 -244771471169 -70285722345
1 -287944757394 -908731277638
4 -479541335313 347367472443
1 -334867525281 -682682345459
1 -549712217788 -711320995916
1 -552615378518 502817217266
3 991773497351 -991724561923
4 -856199651223 753321513642
3 -246655183851 -644459190967
3 -730296405575 578733132224
5 854543743789 -102870927783
3 -63138919328 -874434621908
2 788257712083 74757177841
1 -579042783727 30409240445
4 -833386809533 -478122299973
4 20392903929 503713256417
3 -885253610590 -973939745778
4 528215874695 128086811090
5 257520146854 -652123600156
4 -491982626347 -237515492923
4 -651467220877 32524687972
2 637327619610 324967963941
3 -914143371840 -689510155116
1 205332200335 -86808907613
5 635333613660 -837730556394
1 357904871546 -147708168437
3 270061114227 428944586184
4 54929317656 341529755281
3 -578793738139 892124464388
4 -903145963079 25157015502
4 308517536617 316360248477
2 -902700027541 -259360089110
1 -281488489840 863114669819
4 728073373743 687353584924
5 352345629449 142449530605
5 -913997387824 474637327595
1 -902708107330 895075745965
3 -194155504234 490279989793
5 -433740195538 755978045931
3 -292934830773 128812706139
3 -283113822824 881548410331
5 865720465283 -114801438014
4 413516606268 -886870883014
2 -779402064340 399205706049
5 586913599915 -537293995899
5 -236960355500 -935256354738
3 -310580121190 -63591190316
3 375528403350 -526830014462
1 -270299549488 802038237765
3 246796566851 -507145495559
4 845512029206 989493780721
5 -707273643613 75555527874
5 -136299540743 818945305857
1 938261085905 96794419836
2 63075342662 -471323694786
2 -647973894708 132086267768
1 300406605320 650016710790
2 -180100319463 -941720318654
5 711197609305 -672449791521
4 -11782988239 -786527941912
