439 855742640661 878934308436
2 485789250341 387617511645
4 548006223594 588437962634
1 -604109880290 598351811299
4 -558384617155 -858541772291
2 230875155226 -503433352354
3 637844258203 -53520552102
2 528339365520 818899113548
5 656446669949 -906094952967
3 -242628592939 40535162800
3 -347209165168 133950579207
4 -800610208679 20551086811
2 -678843537617 -860777956983
5 -249308168801 -534919781362
4 -969391225167 536676765587
4 -507413753755 -224863902131
5 196911138488 482723852675
4 -707047964898 -310784847769
5 -233752767491 -703801605798
4 -899618809475 828655910716
3 862041915251 -568844018721
4 417017746498 349214644666
4 22197432958 88601629482
5 232913502951 -167483223527
2 792993598552 287357051032
5 210631549261 648403133679
2 596922619702 -712465876571
2 804213776480 -535438271021
1 -703556773683 663179185643
2 -780206831775 741916440590
4 980658976103 931361331675
4 154539157745 -341420445402
5 828448397604 587197771404
5 922774338656 664720374666
1 323717535225 -418035233383
1 28330067236 -994926794951
3 661390682316 7805686111
4 887038552150 634436450216
3 703078041081 749386371931
3 -148938272235 500527769208
1 -653611849498 -490704565535
4 859751590099 -307334945031
4 321056603015 -11887996074
5 688756652609 -103624994954
5 -311930839007 -510955503206
1 307144819819 -210221494150
3 165779724723 -253500900522
4 -877651511278 -82999780023
3 -716685169164 -590401720145
1 -464546511846 -134863953128
3 -207584451260 -284906994293
3 569461401785 -789455699285
5 -413008366988 822266224281
1 -400589254548 748854299888
4 812186072216 -43968243294
3 581892400183 -338885893251
3 -432325884930 414291343657
5 -34318613183 -491435891324
4 -509581487159 281763649663
4 -168037081460 749654461689
4 555531350200 -400133899546
5 -870240368037 108636436087
4 905348124486 695067948469
4 -325450621044 -311764266470
3 241043692198 586704036037
4 304522900800 -82321298043
5 776813026966 -212173192847
5 -571839476676 -581227735723
5 194594697443 -215280112740
3 948847888643 -575085999396
5 -293562599119 -737951959028
3 -90283969854 -546451756309
2 -538705448867 157955680414
1 995129618985 -117050616134
1 -216047152032 -872000202961
5 -701953339162 -67259872808
5 769878019234 -991662949577
3 341062322525 -550063863664
5 -818956212951 805504882217
1 -483610636692 -261857496792
2 955699117719 879932125484
4 -573171521191 -206744163255
1 57173505803 -653296945585
4 520002099624 -51649564793
2 -964448363066 -482530506561
1 -77505447333 -37475534705
1 -573412415834 564228634962
1 -685760087739 720983360786
3 798484194677 -189184956667
4 671770394373 -494818692094
1 -717202102382 -886499977457
4 227453899133 -653654337075
3 912398095066 -38963870901
5 -459243603613 -451219483034
4 -572698861899 285898532254
2 -599859095693 -462248559116
2 -558318729020 891755576040
3 -931511221457 129056418189
5 -968732848888 -680169020577
3 694549385406 -778700304887
1 -956772744743 -130440154907
4 -851664777406 405065314563
1 -866831531248 -242963007724
4 535381481398 461311852159
5 867824314489 -480439310306
4 716671033791 -142864552252
3 -753723703986 -286251431353
5 -400944979010 -653517375041
4 -445338173162 664197955205
5 -656968347057 770522104843
5 699871508246 -12575085789
5 7765234243 -338759315939
4 59737028402 -765199226476
1 81420874568 -114535803571
4 799855942113 -897112783696
1 -364405839736 898813250938
4 -34390696709 934738161069
4 791283660779 -927819152500
3 -773843606671 284387285884
1 -623641926694 -756667747323
5 788887285020 132165951904
3 446664858464 939600766811
4 -571936276450 -784607005469
4 -841880144887 -675741141689
3 477240999620 -222015369266
3 -523188834801 -600657062032
1 -64618640530 -45483164938
4 764492416212 712789717271
1 -848679782610 -46903640692
4 -643246282388 -126166594866
5 554870224964 132020811535
5 805591928271 587951958056
3 957807154929 -175546544128
3 966203521420 -141209232275
3 687019447302 -850741004518
1 67494914725 483124462282
4 582028018174 -724424638438
4 -890124319182 -620548748706
5 348751533686 -245371090478
1 184928195048 877091803542
2 -765265414092 35524826108
1 424079766936 -524332493022
1 -960207799622 -746294564093
3 641426238182 -555284423394
1 -44178491161 -53050050935
4 -745311139223 -167097139843
1 301178961170 630163570565
3 416528067597 -152448138183
4 -462974674101 -420011779452
5 -556698181912 -701270490347
5 160330899755 -736406865769
1 -925061104670 -351802637864
1 619504717406 203143901382
4 -818852144401 682702748519
1 854866627698 883596318293
1 -342950661023 -861373048390
1 766415399665 952830062831
3 -938694102249 -647560381683
3 -862738002052 -846753956459
2 -793972640321 -439518954986
2 -482177138116 -399758732580
1 -446087205770 285192248055
1 -602360471921 576199703168
2 -873787333384 -241703114061
2 611526417896 19584903273
2 -474768620548 -835088599329
1 -91069661588 -67725039862
4 -245502593983 -576194714479
2 383008526823 994491948512
4 -889778802445 -454032483621
1 61176614168 177297178992
1 203640671351 933371213497
2 315646139776 445553759601
1 27490744068 -896376448155
4 331632128618 -268692760190
5 -522629529125 -265245265497
3 -977868146252 -942469094011
2 -637388811520 35407436105
1 780637277684 404588234397
4 677279561557 -368281819048
5 -573309373803 837745609863
4 -655017596269 909629293337
1 -74916855457 -148745328710
5 57916055566 734022436509
5 -837189041118 323679655923
1 -616376342766 582139609827
2 638463101140 388194868082
2 -863979546180 991247190259
1 -654818629977 -279807587689
4 772935079715 212976253746
1 954986451467 -423006909101
3 -886625491323 125502403910
4 21860855571 148277892525
5 -218783908779 376932185474
2 -520142727733 -824533895823
4 393271333563 -510229839182
2 -787796653115 647430654372
5 -532491669804 -453796131256
3 640056659831 226869683844
3 -636292561031 -156559293882
5 -99455767031 -110026334193
5 -234017613145 853312222662
1 746826389177 -480295994612
2 -361924584985 756485554331
2 865689872020 957284077847
2 566128863350 389056184565
3 62980721500 841933298863
2 -820098641048 393636509255
2 228115963707 -392253430123
5 389748852404 635133096788
1 914211368834 -948078243431
2 660378180274 -252242290976
5 477307838346 -41159935637
4 -415215700405 -637823524660
5 -5265537937 224368189047
3 429824145107 -924655417645
2 -445387916077 -702207165920
4 -58362205575 -987428836911
2 -783207293407 -223476762804
5 878756500080 -375060027518
4 -385433180298 275834384826
1 -621505742042 642637449159
2 -487580710245 -342652894620
2 -388260677629 115226857647
4 826719561568 221957845646
1 463616624850 -879291381301
1 892199395968 -862801074693
1 998971061944 442444120831
4 892340522710 349769266321
5 -134078296332 -553350752590
2 858167461196 848496817846
3 -14268826351 -194159361321
3 89036216446 -479434892849
1 -505842995233 147450643736
5 -799708040421 -838782212715
3 174544810906 524574384198
4 -265448443079 -460525085864
1 153024108873 -563669451534
3 -671448183536 -208189490413
5 114153918742 343162328679
3 -196960426330 -879875446382
3 93804430182 912538925753
5 -126031761184 -638880239851
1 340149882478 -440254884320
2 982911867253 -243201453654
4 -757765693264 403045673997
3 923813105434 873177714973
5 957244037499 -856130522705
4 396384543639 803368933664
5 930533569459 -807075384456
5 -826110991977 -106385067302
2 440016921594 -82412571320
4 -564653590351 -567231253923
4 -600238793616 -948831685516
2 759068254573 -319403253020
1 -564247661785 47211226017
5 585636267390 -123714273774
5 -103289921606 830164758721
2 991835049810 123200020260
2 291338241505 -543938919712
1 183169412160 -528899492979
3 235005422487 -690369517620
1 -849152869805 -632169753700
4 -692513103546 574505184511
4 422289281101 -553222432778
2 416083192189 359846139846
2 606530752972 -220845389193
5 -834307306163 430116064116
3 775459099720 -769956820728
2 -805842582395 -894801695864
3 299047271100 589464557326
2 695483119158 -365872664467
2 643985713620 115846259672
3 867341390867 54374795299
4 -72843437831 -440038491887
1 446607662995 -98052210148
3 -739441651089 -358118532701
1 893181664641 -54064306728
2 321447168918 147542179878
2 102774145313 583624438104
5 301356236489 610565312662
2 -621635182975 704977005146
2 598160206685 142787686470
1 -819099645464 -441645927643
2 879642638780 96615732327
5 -896292809366 348051261163
5 -372001109116 189360303512
5 651632405322 -898911633343
1 -430398679199 467638684127
1 674069736326 -853611332465
3 877314006240 896293080240
2 750472904355 -904010034312
4 440656258151 348806446632
3 -729841330282 954278924198
3 439754761256 -989764170328
4 563113674405 -726562527928
1 288561547887 148507745538
1 -299147236405 -224090959982
5 -506976985066 794119613320
4 657712694936 985069886692
5 -67291671002 -952498305322
5 808028844 -654730079242
3 582970971825 -409566036541
1 -994714865249 -641744243834
5 -995023497204 -498252998271
1 -32789032848 984180018813
4 181908406115 -685246626579
4 23752627478 31917084599
3 19036742032 -776796776468
5 918927312057 -567545725519
4 63244286740 774248278755
5 114728058303 576197608748
4 937461989882 677359466842
3 66864752034 -142356606413
2 -506094267014 -468353932843
3 825514319543 473752159303
1 794991606147 35653580609
2 -417205647253 -193570360761
2 -222791180938 -765783488855
1 -256551601541 292726921805
1 -101869712501 -322407930533
1 -604296247916 297021355812
2 338167759364 915707500780
5 -803439770249 -111787766386
5 -794396501271 700184062072
5 945982185866 300544015830
1 578849510924 897180908084
5 -233247055560 824783863749
2 255653123294 503755370672
3 -353629813636 -301640622690
5 -143204891187 741539825588
2 -775382360485 -110878333276
2 -554269403019 270104889218
4 -369202324504 487429101209
3 560074419759 514142679880
2 805341534974 -95370827932
3 -11834856048 -809492064481
5 409728931481 862826874270
1 -621727141681 -897965159874
3 -809683779020 -438003467786
4 871331516999 -543288392693
4 -983324355670 -412769183095
4 379627744374 -578540221412
1 120333071352 945427380537
5 -485802640490 583858757335
5 -789324228579 -838978525804
2 -490999205473 483304127997
3 637268834782 -230498848794
3 728212286459 -677281528354
4 -872524210254 -112417408678
3 406398683603 542251034627
4 -728239787255 240440640679
3 403916700049 -653713440267
1 999312646767 -628682100881
1 538915288194 -898084567531
4 -973965914860 -244369714848
3 735008911516 -15281498207
2 -753995268645 848402655792
1 -59258484564 957688675823
1 664359438491 625924394714
2 -431181479017 654718683117
4 -781000678764 -514917419163
2 124263670791 689647576706
4 -812603622125 376873272117
4 -819903336102 -530179944221
5 -673920681712 -444072033859
5 -195111563472 115442226983
1 -868736570024 476448172751
4 236350414110 -630581975716
5 -956790393580 924216494642
2 -349804652360 161939603960
1 896099295962 -656090001107
1 548246927203 153035448523
4 542807126037 -241771436216
2 982033218001 -748021727452
5 184460780788 517444342087
1 3941809291 -505764795597
4 -521482984079 -57252208474
2 360886024829 -153559874584
2 314885249002 -896534687704
4 -699975766425 991311871167
2 249070208469 32050632204
3 341980533543 -939904095729
1 774041502066 481351544659
3 793296583844 733632392756
1 504694470253 -588717686605
4 766331195918 -560296688396
4 -568428837942 414927097155
5 -513495302270 729397993155
4 171041456870 145880007660
4 157120664527 -117365964457
3 47870764838 245439429265
3 -986103778597 -210998963700
3 77199671806 581896123019
3 -922269509353 665945640338
3 284604928278 260846829725
1 598500682444 580550152946
3 -662296261363 -376676282245
3 501556742205 992365934529
5 554608719156 -226615001651
1 -678694169731 -815225907539
5 -436814661505 -905939452421
1 -756246785580 -174636254504
5 -331072831802 -722263223646
4 -224022857310 -886518605275
4 -118873370101 -216689913921
2 -782742449782 -634840635684
1 568308408775 299963298489
2 -441495121028 -357641563978
5 -454413918893 -609981530635
4 -807642306373 655881830079
5 -949548301583 -596980508300
1 194929520449 678028891844
2 -202296448177 -479941603829
4 685875548982 -988976766956
3 593784321709 -889228841114
5 680678969782 195097747762
1 -652290887793 -381774418998
3 -831616222774 -468599868460
1 -384808474297 659590857886
1 432008338440 950900262777
1 736363720048 -389911570129
5 -408835669902 351571851462
5 517570274511 185883059051
3 836850497183 612337205230
1 161810461760 -735298372145
2 905204593490 -944696041856
4 885640185458 -15224785931
1 221082598665 -24042994692
2 525281986212 43676257570
4 -300605561083 -704576485473
4 419807226850 -772668947814
3 378871410338 72360488293
2 625183369218 -296955997658
1 343343154115 -483840374020
5 -775509700933 -763257402844
4 -842822726377 -120444896772
4 992763977280 -858898590214
3 -748921780672 -559848651066
4 -375548855282 -149987114903
