492 311813095773 790366743484
1 972523160734 -572710724292
1 -743589224772 -795621057397
5 298603848977 531885762289
4 675543435286 -926157751703
2 244037073235 -818747775439
3 814839462135 -753953830880
2 760349301075 164576341863
3 -338477080676 353620935908
3 -921658906283 577514010021
4 -395634013868 526403212378
4 35610709601 870717787175
1 565224670041 -641625679563
1 634618806060 909565325870
5 102833673039 942494975606
5 9669963555 -276242280639
2 -413671592968 -587381330645
5 -330950452410 816259478142
2 -709424624590 -970868401661
3 -124569731269 -26609802731
5 -534710921653 746802458747
2 -971331806961 -81062386672
3 834879384625 -378961738540
4 -584447679276 -185931940090
4 -230978839656 213060488949
5 733117218130 158734572013
4 -319731434014 135726790321
2 -746457787884 950957325327
1 279126694026 501358650684
2 671164972424 -936473982562
2 598859547 -764765873034
4 992001231001 285254364493
5 940744317956 -662192981015
2 47416832685 -178181410572
4 -609732685012 882085970933
3 -847555342314 -138999182685
5 -645231866722 -237235929240
3 -171138111027 303955708311
5 -761621362533 -461608803890
5 901262819925 -738016786418
5 417075668890 -78788717172
3 -236833031523 491799334851
2 164320673542 -480681847994
5 622242535950 355654960355
3 -556600495157 -141180586971
2 -599027033489 -482817164519
3 622339658896 -792130851997
4 457615052424 -352579945644
5 -293252617893 492377060575
4 570489864116 195542866268
4 284381102675 -113949250713
5 -421895844405 541704977797
4 252008409414 -511951151492
3 -170330413822 166666760328
3 31748504674 834784814058
4 699587400130 -783782475422
3 -511048420130 178709841824
5 491776546508 625288012829
4 444609956095 -48737325965
1 -741961601863 811963273962
4 -640088092145 -551014561443
3 -865960654864 -481304246781
1 490136919783 -895770205434
1 -243386767158 938824889433
3 -571686814347 999705407258
4 459944816006 908769570702
5 391631012037 -925738084991
1 729750416785 -15814595491
2 836951423549 -436518361523
2 -429401694679 426295267575
2 -483312499309 -127118611503
1 919734220516 964859993664
3 717042023192 833108884286
3 -326759975156 205924540700
5 386085041315 -733928725121
1 -52051388737 -359591044004
1 336498154918 726409340861
5 163518640915 -630795141919
4 -222469086435 -368580723371
2 -722380513935 -120652754853
1 559905802455 17591583645
2 764426035524 322356081484
4 384489842018 -471903068247
1 -90874615954 -958216514361
5 892459682000 719522230241
4 -347482049627 -852393122529
1 -590424155335 638372116485
4 464900276412 655484451512
2 869097042618 -775970085239
5 -611939255435 745994903180
3 -979359623225 -37728633727
1 -965959286604 -123484406423
5 528858062239 516335628067
5 -807331174336 -721093003481
2 -81012790787 -509355680431
2 -602129935245 148653044310
1 92541067138 -500126357714
2 -888273169214 708735758794
2 671083284083 -931429649891
1 -263465967792 -831030975027
1 -628177735306 371411889906
5 -378481701238 194132473284
2 -899517521065 815011310876
1 985850550169 393828854930
5 562074934527 72778185241
1 -340114387521 -388263730537
5 -672683327698 -955175881770
1 -417245860611 -16952704909
1 -935337363583 -823625498209
1 638639731856 393329210961
5 -488102433091 852467264846
2 107063538075 448931032415
1 227188936991 747680589471
1 -602187172380 638844880650
4 -462008982094 -89644670115
1 -974581176866 209027642438
4 -707631417963 -291039258582
1 366196353121 730007472074
3 -344392796482 -386920105916
1 -927802674907 165255024972
2 -943474066445 849288703742
3 22896229442 -571660802761
2 604796787421 -37112952194
3 582458883731 670428318937
5 -509206046501 616077431018
4 855837718491 -937085145337
2 632530316440 -386144104697
2 15300924835 -115055850657
2 -584065609935 -873857130491
2 982403839631 -276849125801
3 672875678086 -987307732892
5 -991660611933 -827368229924
5 -258381930533 -520235409596
5 322273096853 -865892513189
3 -860708791850 541476853761
1 312661634650 670771295160
4 202722494528 750449547211
4 819522852947 646318569658
5 -923562973387 8781477692
5 -847345771740 -380235280701
4 -927212405584 528443085254
2 992871589604 -933313634508
2 -267468325841 -510895192471
3 234411122497 994701346763
5 215805641263 -268288899037
1 -846950215755 -611082462566
4 -874886976872 -680876989806
3 -392058450859 -999641818978
1 -670794548175 796600396880
2 -270177712976 -265461029714
5 -713004183146 -225241016553
3 -502140290000 -788768446362
3 642452939309 -787723319168
3 -894116646677 -720568645193
5 102969207314 -285360271920
4 801073256385 -921748431488
3 619525907470 537650043232
4 703964363538 -503228459383
4 509665001040 806363754829
4 -617074882950 796544680117
5 -134022366031 -643041799822
1 819948209811 68092014846
2 472393630983 -259761836254
5 808165812441 -164767561229
5 697311912111 -598975723286
2 361882206679 347893126627
1 -465300205807 -549076316730
3 -972667876997 453541998595
3 -842419151575 -40234246603
2 885737564755 -336652165283
2 777629217956 37613688155
4 679542530251 -714713590255
5 130069056105 574095188524
3 732913032977 16679662974
4 -59886309355 -692401085569
4 -552744380427 -274862299780
4 -631847906736 -929956687614
3 -381247525236 302288336548
3 921557799619 -47331689386
3 -244026407675 886688258802
2 -41520893427 355446017169
1 -787691168693 200947802466
5 924442980561 605285177033
2 794676316013 106233565720
5 140437947241 670395236171
4 -615275275369 589104888207
3 -164040422682 -831838029199
1 -917607148821 -840859777567
2 902431041627 996783387717
1 210213028102 269887738377
3 -129605625950 -779450909548
1 994411861449 559903857212
1 -617002406356 -728385016574
1 33415029275 125681498271
3 108775495243 -164481319267
3 -570519861018 571686561204
1 -220272831383 442571876992
1 -56286241136 641757318064
1 682629355806 -817505554182
2 -978170840041 -631017997674
3 373758721010 -86253694125
4 -78538067277 470883529355
3 49999041704 -639801550648
3 -276789917466 456227452954
3 -342665733588 -907771946448
1 707885210835 525856288252
3 -130814770623 -868752334339
5 -722915903837 -893954092025
3 681991680091 -469043335310
4 -643661583482 649404941680
5 -808619213565 98334772477
3 798324343340 -971361123323
2 -733674802519 943588834583
1 335788685358 706142902823
5 889477907796 -458453111181
1 226916520259 623145090603
5 -313303606682 183140320552
3 855775862806 -235552778642
3 236242493688 -493363885536
5 249156204335 -808380557748
2 820517824491 -692181911269
2 -721696377045 196929267681
4 -240290423232 -722623368885
3 -714402661355 -934848941587
5 -584676996351 591885243845
5 345499833923 -141251818094
2 -703680511513 -690650775785
3 636344591127 -828577556099
3 -935646790297 143387415649
1 -986023373796 -934271160334
3 280614767961 -937101037105
1 -151058036236 -284394219998
1 -764461874473 -195173372755
5 815714803108 552615659055
3 -797979190083 -718980442516
1 -312183520152 807287936758
3 -875898535593 -114339023088
3 -30504761574 116469887158
4 -915321931820 27867875009
1 -24044236190 573596420598
4 997815478254 -612417171916
3 -521887865611 293091260187
4 -342986835599 -129120724367
3 533061949735 199608580442
2 -138890864101 328685544385
3 623907962568 744793983681
4 -533884278561 105466860175
3 712295100703 -574006647627
3 -541614994400 885157929253
5 525500297300 -748821460453
2 -295782577231 -552915551544
2 81881787916 375510160002
3 263856837457 -743337941839
4 523380733635 231675030977
5 869649018101 138267404509
5 -418923361218 735894908033
1 497126728353 64895994794
5 619277259181 -623453654105
4 -222324715249 770292513514
5 87375261162 -629957356100
4 -267803443972 106720511466
4 318052546085 756046123806
3 -491109522218 -646249915688
1 -566743494081 -364729437164
4 -341173774777 742098480341
2 669683293090 409949014781
5 354994795658 -325723901517
3 980166313263 524920047960
1 -345566566516 501623932944
5 -386892770264 -785265172264
1 -352945559716 -671700932981
2 -161640776066 289518251736
3 -2610161335 106643950630
4 -346062072334 -611239657536
3 -569046025065 -744037513399
5 934052352285 217851873560
4 974847251645 -317676686949
1 176529298171 -70820121064
1 195648334297 344157030268
2 -822756278702 625473321642
1 -670625675832 507495768785
4 -144091620243 55670149411
2 -674457999482 301898573540
3 155800992408 736981605296
5 -422875869355 77403987934
4 826100934959 -406878198989
5 8335144748 -587346265914
4 -682376923215 -205801744564
3 369268345795 581848700747
4 728467055483 203074643899
4 858687807318 -910833543324
5 898403117913 -608068864152
2 -186305699597 -657479811513
4 -415549588833 -84377298285
4 -477704630793 -534449732867
5 81118277911 -962133321184
1 -853841588281 -181337018043
4 -482729117057 -425867711154
5 -22838086006 -223706155942
1 -765207649125 -161188348533
2 275694350505 299915409757
2 -226676040791 564925169727
3 -314226950014 -514367640260
2 -109222723256 4930663357
1 -122670305709 -914986761974
5 -409242931637 -508324565075
3 183830357969 -208935736142
3 -688894769032 -291638910575
5 -356799062209 633661329781
4 -773538989591 451174810386
3 510196779296 885337642919
3 -25991692428 -871361583004
5 -517036645202 704690222984
3 373414488444 -544599566466
2 563705992303 112156355762
5 -467913198939 228140935908
4 -605670123130 122936975821
3 -419955645283 652514077023
1 854060456359 -460125925476
5 67873166090 336899172379
1 -556806851164 -643925795722
3 272719976717 -152007776029
3 -61848023234 525748870280
4 45859920108 -305817024372
1 936128419797 -931547551929
4 816712433409 -492492807366
4 -308728265511 -692109742533
2 -798900823697 590324208085
3 875952928495 -947736280923
1 -170582818291 -202451033388
2 -267067580954 -189242496963
4 640205198782 -767995324813
3 -522624917715 -129097944418
4 -468929441489 -128748181459
5 102867682354 307127762711
2 -462492020300 699789363010
5 327073579429 -706084625743
5 -818536013499 -529423799716
2 -22478190482 874612918662
5 199861591140 -440187662858
1 903661128700 -623691686165
4 906098692803 196413771821
4 844153539853 -482794890317
3 -893397984759 -585376229214
2 -152546625075 -211098527305
3 -988586988113 -101032942973
5 75932453671 916465099011
5 -519156416423 251601492536
2 -317226427488 -124970514550
2 270669521193 -623372707443
1 382276873522 -580365016033
5 678062974541 -164525911077
2 979197458863 -636774424066
4 322860246461 -674798835601
3 -1881324135 448217659059
5 -82543407054 -420480900819
4 -120104319592 244268564221
4 216024589373 65570985109
3 178767214008 -391211076302
4 -821457755897 -230064045528
4 684715891787 -614058786027
3 917467599142 -603404351314
4 -773881061389 -382556137492
5 -21176609610 889186155569
4 -330345727432 -568064704655
5 -161131453459 -628655217645
1 93285456352 -144509538100
1 -913448798465 -732335393483
2 84218781175 61829470865
5 -42934490326 407625958463
1 343242492949 -831623094225
4 336786618121 928120924226
2 -917299759359 -240283499052
1 930982466087 -662598146568
2 -897747916376 -828946940769
5 -378769468749 774688708983
3 685799595857 71473518732
5 -4831157883 318878780603
5 -545415514610 841545212522
4 -843941827957 819985584962
1 -377689480569 -355888527585
3 669597164317 -20090485736
5 -186575221108 836639245889
4 -687714336173 -734513446688
1 556210749205 -684804460884
2 330600356620 -699671350708
5 156712489080 457148723392
4 599821411027 783323124278
2 -560134861436 122559170601
2 -406834518021 -404717961792
4 31126298973 -853346217914
1 316227269814 -52363005175
3 -790576323396 -443446132833
5 665595875717 335815146778
1 791742441376 391397228055
4 -41579714544 -992135090509
4 491274269260 199008607533
2 -707498499180 407136810154
3 -29687326189 675590879622
3 -620847917701 572521831703
1 39324449480 824042741894
2 -875895714812 -416968577199
1 298014046387 -916842758916
4 681984862994 250283062149
2 -206571769194 -698213743293
3 92209823220 -638003333454
2 133627711819 556758388711
2 -97447325881 -14922811581
2 323279469399 250944767590
4 -169635226055 -828719340186
3 50754058036 -720709084766
5 415352974320 274235772790
4 501004098578 504742745265
4 553278055858 -747983080712
1 765693637922 223975440948
4 613290836842 360481850146
2 269947640339 970990803415
3 -281304786649 -181572241978
3 -905770455413 33962623003
1 -422518697824 85653878567
1 -38924519913 -142274845117
4 261954285511 228618358302
1 -40184342445 996822772529
2 603562274492 182474230919
3 -955513447116 172525447296
1 -129348484087 376345895713
3 49817212855 -691730131630
4 -523452159346 -648670050106
3 -524583976522 571565361400
1 -791113017949 967378606971
2 540100571053 519177802691
1 388485644850 -164694248418
3 848669478446 -123609047140
4 -871729217234 -589748049895
2 -715160557140 -10759292111
4 -697589371006 -439185258028
1 -748092961768 521933613409
1 185961399062 -403789963695
4 -47885966337 -46536171294
1 -750741213661 751883662966
2 -489839756939 -923232673856
4 -442604089789 -33545853653
2 536615184488 -969518334165
3 -523830974190 303404658945
5 -220454656714 147996986174
4 -209880985263 -459981183824
2 496750082187 846072518419
3 -181145749619 -131736148962
1 69762423697 -539616893456
2 943254830251 690642765506
5 -401732410036 -320604458686
1 131952793520 -984165526675
4 77559397704 -755624737104
1 511112762947 241275414921
5 147006529974 -111451666602
5 480685954025 366603635913
5 520826668343 658773174642
5 -82840411609 417103927369
4 -916259396206 -928441028935
3 784010286417 -575590867699
3 -806103238108 -308200389039
4 -512279867823 237949906237
3 -45550873380 728491304187
4 767812262840 616118389073
1 -113542278174 -132236782379
3 -231080258543 -658278289451
3 -677210718464 933371348826
2 -480979177677 -503898765470
3 551525815828 822571825362
1 407345954127 392073714011
2 -710798617974 162242414824
5 -129667216305 211645331283
4 -929530299632 -296139880232
2 -410876291956 -62666166282
5 -107309000578 -512959894817
4 -404193889816 -336131558823
2 -91992353425 -311702520390
2 -76267278157 775934571224
2 -111474692083 671737589634
2 -266870896175 845032493439
5 103299442575 375270717932
5 935595547030 791690593303
5 -4293043522 705953909113
2 686694730956 368387396015
3 526564644978 47773278410
4 -529644747787 710972314062
5 -624770869861 515061415972
3 914443110276 -758236938236
1 -882599863037 -772702584853
4 -754199208408 555744781791
1 579233995398 745260899354
2 -319215192671 40900627310
3 -47792613936 -362848403966
