272 223186298418 878311245701
4 951006422584 431985945843
2 -206127061645 -38148366489
2 -85698088637 -695203127035
3 -481920738648 -607515580496
5 893085174540 -566433422776
5 875811901202 -592792293378
5 841301059424 -498856143647
5 -925577087437 -122179673554
5 287600544238 -442918422376
2 574638029652 -480026784032
4 888528085995 878263533202
1 910857174319 234697485
1 -396276174116 630077271860
4 34079478511 847393409711
5 416863422400 -128430937790
5 789631642252 -638583324302
4 607268806149 -89471984425
2 515477543312 392069040923
1 70477801759 -650304132855
4 784954212293 -95052428056
1 911820301229 -731123340563
3 -260628899493 328856680810
5 -214607543286 -83440225673
1 -198222228611 842050624282
4 -20688758379 -966051578770
1 -357070612553 -153890971697
1 -743940794659 839328761646
1 645892466813 -405090196522
1 740530719168 -158747589819
5 -58222314589 81161551012
1 -77843138434 -945111593217
3 699258675090 490157098508
4 -602377275369 -791596787481
2 411517180205 -462157371435
4 327350200054 594925831228
1 -777495750935 420106880649
2 -266719604859 -142277333287
3 287876663990 546729385970
3 369421025494 559170799126
1 -811765081027 501372777075
5 487078734414 -542277700852
2 940195239912 -827218691927
4 940914611938 303544541317
4 -820767659654 355244567500
2 -750149075060 396552729784
2 -172934091560 825207015149
5 -419890924643 -790510485573
3 337639717417 -653924807671
1 -70768040436 -753646820971
3 812134341982 -978074954204
2 -789315543081 -121478690213
3 -500697578764 810782022155
3 -9451528302 -23602905548
5 722009784088 -253329213148
5 -80141918582 -237963111577
5 356288700595 -48055853912
2 712465105969 -484002285114
4 46172919931 -960740233452
4 324088653938 -619339661003
1 76460393732 -407815773131
5 -375269238347 -96856432297
5 183566948559 426122719741
4 57405452264 -391359941786
4 -536526882382 766549105347
5 298816894878 381086734281
3 765044613109 22998052175
2 -5160231707 250461687546
1 -701577145429 -724685170471
4 563868789045 924766800573
2 -906948359400 -379780331484
5 404557317655 301332401841
2 828506260899 -108711359699
4 -642243869377 -592306471671
2 -232566386110 132957092945
3 950230378043 -835752200081
4 924159392410 578817425548
4 -692505442138 -86269200889
3 -411065071175 810803847738
2 614206647603 886242510446
2 905718081666 192692107963
2 -270044573911 -7831155956
2 -597859373845 744325625515
3 64624202965 233598375542
2 -511955399636 -476057598473
5 -858667833803 81370309348
4 367951311709 -322615968892
2 -999333249448 -88215048587
1 -335977539536 705693368689
5 735550486232 -399579809312
2 -642335036088 615169646080
2 -1659667800 602785259978
3 191168909904 -46392062587
1 -375916002152 -601433071536
1 -750912595289 -372606056661
2 -339739573942 -817747964992
3 -910070736290 424334797579
4 924450843400 -593504837674
4 460506199343 175660455623
1 -927460269519 821787673112
3 645340964108 784439019056
5 48741231359 846073877699
4 743098497951 -212043484577
2 857421086728 -114469082925
4 -450440789103 73720976837
2 205938903749 770604093641
1 -854990431428 -280609227293
5 -984062664845 123431454689
3 262530187187 691151750094
5 -863109211292 -611681881042
5 -717180539785 891287821491
2 -538001494160 90323993960
2 630893118170 24007111259
2 -814124697255 769155568101
1 -397624414914 114260471919
1 553817932789 453293773053
1 839316702349 331756058319
3 -551657881010 624847674201
2 477485440538 -285481753836
5 854722578162 564874851311
1 364011111595 -745438508495
5 -559316984436 -167153259885
5 620705801938 828138796217
1 533287741612 552434565569
4 -8125312021 544382073894
1 -805234722346 791870741033
5 839700915278 -363498125547
1 -192070681409 -183499712592
1 999939561359 200077665326
1 454315993252 -622876790305
1 -259702298547 -459339932702
2 264949929477 -148381770093
5 -634126139162 399023709106
3 -182183542612 757408325352
4 34703194757 -617427359423
2 -861634408512 912366039987
5 -319624364148 478558109598
5 -292548955653 -824679592708
1 -72686746191 -337927926366
2 878484706329 548145067794
3 733132146675 269677971
5 -176476904763 -666540748369
2 552253112244 244152994887
5 7462049978 -222276824751
2 -461332735835 -524100916814
2 -140359288917 -196658046805
1 -771839590185 -870569922589
5 -323384260793 880254277090
1 -87494484624 -317358065090
3 -318510196177 -877975700801
2 809437491363 -358159335291
2 353007325155 651031525618
4 533719420002 -288354746954
4 575701385289 175434844910
3 874036766170 -314627393165
1 809284091734 -910793248602
2 416979086058 127012400373
3 -156307480160 -225401799327
1 342356680043 646084108701
5 -412414978570 856080327419
2 501218271344 516853649136
3 -371831900843 -444464874800
1 122530169073 394118441529
2 561099921713 -722247490973
4 -291540765010 -262835741360
5 723075043746 395171736303
4 -932376211653 416908648899
4 34605269502 798888320498
1 426704039505 -69446599390
5 798613619947 -301365060495
3 -778585696486 -915396897746
4 439160997654 -930064978779
4 887996268664 -546136689802
2 -673044673430 -759353875159
2 -396915991171 300773489138
4 -848390566170 674640648761
5 334906185240 758780278024
2 -954014971146 761203087759
3 997870553907 684144550397
1 555955344202 -558242965284
1 -197058258217 -760966247716
5 168497990943 927537691718
4 538016845882 -937173827492
4 908131013344 513856391864
1 -612481819395 -83163583673
5 571227324770 922223628466
4 367177599390 810332419477
5 73493557731 -441593533067
3 -748479004659 697007944907
1 452998817674 -438662482153
4 -861690033856 -150254616109
5 467045077710 576265972676
3 -793800306434 -335235990101
3 -100210073939 949435105493
1 132976971421 914658523488
2 -231876804962 616791288465
3 -166384769524 -444141866361
2 302701279045 -660015782054
5 208829557038 -56328559335
5 648142041042 713651495814
3 -728531192235 -147827999446
5 120618902302 -688122842804
5 644208474258 75584467120
4 -896508954407 -894784747256
2 802465338437 -881922698160
4 414554991675 -786016767680
2 952569207027 782054851609
2 288714763570 38641153532
4 422327824169 -711120640710
4 235943471140 96072241485
1 -648553741956 -775455072756
2 553927270071 -76833714875
2 -525166593681 153786411708
1 -400737708571 -307775698251
3 750016497926 534147421253
2 905978068330 -470482924566
3 188679054916 -65551906646
2 -462229547534 576844665577
5 30062405694 -997045166476
3 866769706772 -7437779003
2 -580333305064 120122868208
3 913887107691 -117927454125
3 -27451929879 852974239681
1 -509199444205 315032435803
2 497492840348 -553178647025
4 -818701038235 825128203284
2 -135139166402 -810074004847
2 165668161769 342022938428
5 610155069317 -775474706755
4 851964053630 657670020305
4 138136307840 464719488568
1 401617012250 864782943238
2 43419783643 225558125369
4 861676829450 140675023020
1 -92068742288 641965634603
1 -105166048297 -674205267409
3 -156894903963 681953062379
5 -266766807746 705619314709
2 45649709551 -987282672906
2 114084580003 -319860285055
2 851772862806 639987359155
2 528736986441 841691905060
4 903837606016 140784290617
1 457441719798 -712159357759
4 153846761533 267107139174
4 753913754251 818396105630
1 -8360522585 -587154630260
3 -882425025818 736842077579
1 -417261050171 -462152025557
2 -449945030597 470368908539
4 708949577201 363660358479
5 720048927614 -889280679999
1 -286055424578 261427174500
5 721036055294 -647364551553
2 -896874240714 639627144656
4 -535143630666 10423025826
2 44767524001 -788840429153
2 885757332355 363292847262
5 590758171356 92095756474
3 945199482578 840842116330
5 -554346778854 -355768564822
5 784495901718 197771189220
2 921993720432 -582450667186
2 165684837732 557569136175
5 91243289760 956569634944
1 267401797387 -254602746600
2 831336001512 394374239553
3 -865371154876 -841324366295
3 -994495741529 -958435400128
5 -84563899274 287921011297
2 -845161763357 14369951076
5 364119328153 744126970859
5 146755286485 358089264206
