105 554357035451 627995477537
4 287807497344 53072376895
1 -59971919218 313493571933
5 782336376982 -889285977368
1 -24040100110 -938695074043
4 -351791699645 815421516800
1 186967840969 -973887249542
2 -481765545492 -372279322388
5 563032028163 -827543137558
2 140564128979 385729833619
2 -894239424150 -525249891748
4 627651538094 657288871118
2 580941442794 796617983670
1 688869164354 -3401524257
2 -963486738296 -997158894509
5 -207659183058 432332767572
2 -543722791342 -646765018751
2 207224370551 -443943868805
1 -156004449491 318632016958
3 -236644553745 -90629731065
4 -542005163253 -618666046200
4 224836081199 -872938427152
4 687821449248 -647554659378
3 -921418130800 -376285764963
4 190339093817 531028928511
1 903450491321 7914619717
4 837393686677 129376283340
2 -523574588944 969131761670
2 215883075845 -801039636957
2 932635755023 -283941792252
5 -556779634864 -249158566431
1 -605396163667 66519992282
2 -306021400965 -518141475606
3 -196542464529 37227391553
3 341757696683 440104415839
2 901545522816 550258648380
4 318611490388 -56497328770
5 158447644138 517001959112
2 -389592569513 641736252090
3 -985113765647 -360254493990
2 449648087095 841236462429
5 69645308374 -164699711245
1 -229378360235 853565848283
4 -426627175000 479794737280
4 -874668750396 -265016165692
4 -614842881029 -721847008844
4 535919587470 868150275130
3 -817988501186 407871334752
5 -395147376961 622690081968
3 929185589540 448277516724
1 793055677342 622003176883
1 -477917020000 -861261003532
3 -921503405106 739846893465
5 37049471977 973250767806
5 -155173907063 -331845583750
4 -903931342834 -435901234095
3 -811642593739 -706396330558
4 554766969879 -672954290481
5 -146589965826 425501961119
1 250370187508 -99869871150
4 -241978428832 963446469655
1 674432988714 816827110993
4 -824754096820 -354789969110
4 -853571199713 791136987839
3 -357357730865 337190378790
3 455425761800 -296375503841
5 -743764717517 400961628347
5 -869973157127 838747873317
1 66159556711 592339161225
1 -829999965595 -112355057159
4 662877517215 380852450047
5 813813666062 863160295728
3 -867364014447 -552224207246
2 325856160692 -9418393574
5 -714889931314 -383178482147
3 -365878679102 88347481579
4 142613202964 855381816497
4 763007387545 -447147899133
4 284656781910 456631927846
4 -981867084083 715624844455
1 -472491998570 616028222905
5 332614131347 -225128432586
5 770784494438 264137493825
4 76512856231 764723046837
1 648982848135 -275389166636
3 95594376041 588660850300
2 495530997835 -269951724496
1 -468735982567 729102366570
2 704247787796 -130538270704
5 -796306764269 -955631498845
5 -311545021135 83792860438
3 -65367836485 271129948122
1 678426907828 401848466324
3 -193034682721 -984183359489
1 597095378106 76554962016
3 -747372578835 206415365267
2 -650916255481 -308301375412
1 -237712440924 663032800418
5 29050448522 361470821440
5 -294144799780 -23525740208
5 255410661434 -974733402343
1 170924974128 647410900908
2 270123988215 279809356499
3 -758722479636 730003929016
4 -73269694801 69916594777
4 196617351697 -413580909900
