500 850979427947 850979427947
5 96700304 -254158618
3 1043167326 1793540789
1 1211740074 17111943
4 640040044 -49759217
5 -1958827727 -667070423
5 -1283927438 -1953976520
5 -1160969084 1022625012
3 1140521329 -424203182
1 -2123427739 -1229481713
4 1724586791 1874410716
1 -341887492 1647763471
4 706672105 2119177515
5 1603801316 -1121687296
2 1730525436 415153535
4 -1123931539 -1733258468
3 -1893023377 -543717864
4 -1457504863 1387121923
2 -1408791737 1302645021
5 -2009937833 1608124367
4 1625894360 -662589510
2 -1672448556 725855075
5 -305428517 -382467259
2 2004913721 -279648196
2 -592009111 -314799419
3 -515559020 667987001
5 -1465414547 985575525
2 72656855 -86204743
2 369190756 -1842233227
1 -496291537 2141325271
5 1665743709 128876831
2 -1119132930 -518992476
5 529684045 -2128939399
4 -1806572919 -1857224370
3 -895104235 -339435414
3 1341730541 769668522
2 1950519578 -26306060
3 -887698204 -1403062622
5 -937026135 836554256
2 1686694294 744837595
4 -216444013 2136539396
1 382235103 -412196650
2 -531412027 -1273831140
1 1474748051 555570587
2 1086545186 1441768029
3 -581065280 893274912
3 -1482316832 -1728259592
2 224781498 -1990914390
1 1408939013 -2083872783
3 2140670444 -986939570
1 215165342 543862182
4 1800044317 -888321803
1 -924437492 -1122688790
3 1213746653 -1537925191
5 986664470 2106119675
1 146639781 1196676931
2 -127411221 -789587988
2 436068393 -728975907
3 1750889272 1331389717
4 108394437 -214858197
3 -1640757466 1282246221
3 1623916558 889688109
1 400010577 -762945798
3 -1778290219 853164309
2 -1455424019 29209046
5 -1365738257 -1771347750
5 2040947321 1146079596
1 393570632 833372075
5 1516947010 1183631352
2 -2137382592 -1828813230
3 -1446051765 1800007772
1 68439081 -1960015357
2 -1621605689 1582421851
1 -1092725986 -1656336231
2 -1898579669 1231345187
4 1797336990 -1385128363
5 1847492679 130975080
3 -473477990 517929897
1 1265065544 -1324117529
5 1746067584 -80500171
4 -1835356371 -1531712261
3 -553162958 1743849231
5 621615819 -1527443228
2 -1149685198 -521393148
2 -1973744358 1779812711
1 -1471756896 1893547960
4 110531864 2027025618
3 461083342 1513153206
1 1062701105 -1041633287
1 -493157287 1443505298
5 -622147873 1236047754
5 -698585841 487274107
5 1341195497 -624808779
4 1101723777 112056741
4 59269939 8813302
1 1093511489 1554253387
4 -700248024 1269531380
2 -763842559 1679615279
1 -311642540 -1615299036
3 -1244656510 1802281905
1 -1682417275 -1375991558
5 2059612326 1269490077
3 -1855712738 -494493651
4 1649508549 1649508549
3 1120532515 -655515529
5 984995979 354542527
1 863039623 -688920853
1 -1434603241 -985844126
2 169941152 1693416353
1 192146360 1282445727
3 -1920813302 872668665
3 919612107 270154420
2 -1788988316 -11186317
3 -1735160393 323250860
3 172158510 -1370157261
1 806069321 1196675287
2 -2118891919 821810913
1 -1857942440 860607791
2 276496731 1313152841
3 698880259 255576037
4 1583655681 -449254905
1 -1428225677 -1148865276
4 -619822025 -950451260
1 -1149405538 846065747
4 2041221283 -794296448
2 -1998623911 355009898
3 1328269070 -768507576
2 -1854863275 1667797156
4 -1903431585 -1764223967
1 -354052030 -425636359
3 172674546 910870966
4 31806070 -1085679084
2 704529735 1412947843
4 1286382674 -612968547
2 1936902929 1170359769
1 733017093 -965991046
1 -309812016 398794095
4 1646501781 -1844450233
4 -1011543381 78170915
1 327086657 -1612394984
5 -766515596 360990598
1 1416873771 -1546412109
3 865931798 541817274
2 873858157 -1832686439
4 2084109406 515446557
5 81230373 -1253755060
5 2069751631 -372373861
5 -1847009053 1416334911
2 1609988972 -1187600801
5 170351544 -692050394
1 -1834372695 -1386871695
5 -91405446 1982002290
1 -2143108418 153476678
5 1102334031 1006815623
2 1296912637 -1256349970
5 1705761214 -569701478
1 327259702 2004416193
5 326377161 -69693651
3 -1091108081 -1723109313
1 -85279470 -807770449
3 -871787868 -2142339478
1 -576758317 -996753015
4 2129983125 1500639059
5 -839309699 36259100
3 -1168855650 -1311497809
4 420862828 358441403
3 -283507560 -600687137
5 -203521362 -1405137329
2 -1784803446 173699961
3 85680695 -339337335
3 -826733530 1346916095
3 1577489471 -142703142
3 -787677789 -1198442151
4 -1771407836 -1360956342
3 1596340780 -490135119
4 -1032949056 1363158831
3 -65996653 100284756
5 1464222242 -1312463796
1 -1254816073 -1819619919
4 1868615586 1391838273
3 -1892658074 1637766057
3 106934265 2018209176
4 -1547550512 1063690291
4 229208860 -114474415
5 1460051275 -2021496652
5 -1185391874 178085422
2 -68881473 1149180078
3 -2017743159 -1165344996
4 -1314549746 1025314535
4 -1463613474 -972781297
1 -2019808508 -1239124917
1 896616917 2033545119
4 1258835502 339235437
1 -1102053373 267579629
1 -50763791 549209175
1 2106303285 436270546
5 -1886427549 -599780693
1 -1013544409 -1147108797
5 -1789010187 2070790433
3 2019409989 -787473249
5 1217660101 1616152150
1 100226894 1923101183
4 -1047940108 1296568765
3 633910480 -558189219
1 -176914924 933293338
3 181927800 514660977
1 374874129 1694550624
4 -769624621 -442960592
2 640331940 -1640987928
4 670803937 -164755984
4 -592713624 803192421
4 -265122874 167913387
4 1839949614 -1253785672
4 1447011592 273152475
1 1905444738 -272252290
3 -774616972 -1004818801
2 -1620111739 1618023976
4 -926597630 1125786439
1 -911579036 -1658440579
1 -1700929977 -145458811
1 -372048241 -1395437477
3 464149490 -1722026556
2 230182752 -1182296580
5 -1567777062 1705020673
4 -1443894167 1702734705
2 -1581011684 1209266115
5 2089710106 959381696
2 -945407628 534263451
1 1533596031 -469443882
5 -827259794 1828362788
3 578204864 -1027789215
5 -276582121 1215979965
1 -429699484 2096504730
3 288487941 1225466606
4 463339761 457540119
3 -1118688264 1554284806
3 1599391941 -1045788476
3 -1281209965 -263851236
1 -1190960911 1366920919
5 1495730720 928702665
3 -2099793629 1459895757
3 -1535122391 378180302
1 1176828233 -89626464
4 -1732491180 -1005125592
4 -943847741 555356276
4 -138607948 -890162594
3 24090495 1514651596
4 793306272 1345797240
4 -1369916642 1818762193
5 390546140 1529600223
1 1443708863 2038468617
4 1510866692 -1370076557
5 -1227013604 -1173005143
2 479584547 -2126415113
3 734273876 1906912129
2 1517909980 -1982156486
4 -550965242 -1681760927
2 546127031 1773253924
1 617355372 1000621091
4 2054675797 -377373982
4 1844667041 -330131193
4 -557389627 234934397
3 1883261580 -1873766094
2 -967794000 -1804212836
2 -1341962951 2062451307
2 786182668 309337470
5 -856167386 -1795658972
5 -1860881506 754757048
4 -1237836853 -1787054310
5 -1487368393 -1684361281
3 2001918615 -524559936
1 -526774469 -1377386323
4 1319457560 18137498
5 1877594759 -721505373
1 229232505 -2033313508
2 -1107323293 1020852057
4 -740110267 -480314746
3 1933487576 -882579071
4 1502248433 1540996279
5 -1519708409 -2033780427
5 -1624948621 -1549003276
5 -2113161051 -865788350
4 1913808259 196531390
5 -1448012786 -2113103194
5 -629378038 1955950677
1 -123082790 1580278430
1 297469184 -258359777
3 -1630855532 1083984511
5 -72523293 -1112611847
2 -1707646525 -720481529
2 -1700886680 1347263745
1 1965483662 -1426299273
1 -211691736 -776706938
2 1286316937 -104044799
5 -233512787 -1914448840
2 1959358053 -477336407
2 1994581128 1130090701
2 -300945537 277659569
4 2059058468 -484745532
1 101981996 -753123446
3 -1191605281 912351669
1 -401934528 679469624
1 -660233928 -31891084
2 -194595376 -913019499
5 -393975112 -205091369
1 1451925853 -2145212324
5 -1450710776 -962296513
3 1526677455 326235025
3 -1593550830 -310804477
2 -1313907958 643452122
2 1425425339 -1078316024
4 -1965692346 69189365
1 1863306359 1863306359
4 342122412 -1121570755
5 -1188206447 1714870676
3 -39237476 -1044773497
3 1779386449 -310275441
2 -1840119532 -960789614
1 11171829 -591226883
4 1255189179 1485632644
5 -886678434 -1564339933
1 -1854560329 895509382
2 881824616 1501786184
1 -769175906 570732854
4 2038565415 -691890667
1 1111511781 1150714328
4 -1694318850 -181114359
4 -712393141 1519475134
5 1122670133 2108147363
3 -869269135 -1504614106
2 1245040717 33407511
2 1597928175 1386048158
1 -1801419032 1513412900
3 498307382 1361041167
1 -414144448 -2141683790
5 -1522774218 1168006018
3 -361375145 1615109156
3 -1270086717 -1611513946
1 1149052496 964876747
2 -2076432259 -756296077
4 487984897 1354188721
1 1933166174 734379172
3 -1224636834 346930906
1 -2136536568 -635489724
4 97483643 2132489584
3 -788247097 486488066
2 582985827 -403375437
2 -344794981 -1494597017
5 -950260746 562356589
2 -1197767091 -1403209417
4 -872065911 -1707697877
3 769659207 -693047946
2 -1543176585 1101550946
2 -650988125 -1901275127
1 119189433 1499620141
3 2122492436 2022962305
1 991219736 1393791474
5 1872221568 1590613085
3 -559106242 719265981
1 -1783459043 -1309052382
3 1637224175 2119835692
3 -490290365 -1289020753
4 -207447060 -663293886
5 -1943579919 -1828241936
2 -1173919352 1900388928
4 -2099114636 1117135661
2 85950646 417775833
5 -781552149 -1829609070
1 842074764 1395404879
3 1103484358 1440778622
4 -1383702684 -438656746
5 -2116453729 484293245
5 772686745 -871135468
5 -1857539205 -1927673768
4 1318156210 -968721987
4 -373928498 1833457813
1 1208942170 248952556
3 499919888 468648826
5 -1573219455 2022491283
2 -1518707842 -756761114
2 -1428511125 -117643127
5 -789280833 1402919011
5 -1600537399 1054978921
3 1285900063 335215749
3 409889187 1993091627
2 -767683282 -306904997
1 -694141077 506649242
4 1657512298 -429044346
5 -165496027 -1020070186
1 -1491301446 -1453333538
4 2062203469 2133742474
5 591658633 -308958314
5 -154234709 -817134947
1 1041533258 2127096191
2 1670937411 -696164759
4 1575810588 543164214
4 1285013898 1637120814
2 33205995 -1759009990
4 768003364 -1634926094
4 -1320816976 836277533
3 -1413089317 1310409749
5 -681934826 -1198746213
2 1292984693 719686852
2 1182287766 1654901535
4 -2014574881 -733926458
5 1023475806 -1013096828
5 -2064845723 1763399189
4 1759985636 738016621
3 -1261856082 -811924408
5 -837173930 1904926468
3 1481210427 768401475
3 1760491695 -2087326797
3 1853346158 1853346158
3 1066865573 949994154
1 1867738857 696288504
4 1137254351 -1642082936
5 -2040135053 -702803237
2 -2040997065 385139469
3 637443571 -596426757
1 286475128 1581631095
1 1190719895 -1957028619
4 1866517117 1904466365
1 -621872208 -338421356
2 1379432630 -1231520217
1 1420251331 289620669
2 -664232993 -814365796
5 1857691445 1533245276
5 -1654986489 170709219
5 -1801269088 -1646102256
2 -3085559 -480105461
5 -1883116318 -1072459228
1 -709842514 -1517377569
2 -1045417317 -1045417317
2 -86049733 61946407
1 1162254062 1533258618
2 1131944101 -71380169
5 820875743 -1884542238
4 -1269169151 1086988859
2 2032364268 -1644355289
4 468006630 1180171863
3 212583503 1935444995
2 -1980519892 -172995720
4 -1421015165 76098295
2 -1917814365 -1551518607
3 647399219 2041780006
3 -2134747236 1695762609
4 907875057 1069392198
2 -1308014725 -1999309799
2 -102618475 -1215411491
1 1060295880 -2085186512
4 1598055538 1455352068
4 564020706 -1157780373
3 1974778827 -1002411231
2 1625074790 -1624861815
3 1888565984 1613273371
3 1142889450 -1690901083
5 -943403802 -112252756
1 -2118147042 862441525
4 203974600 -736667355
3 1229127484 -988721599
4 -661325241 1436985958
2 181751031 988470188
2 -1699935048 -780455775
2 314030348 117820746
5 932188903 1412295076
4 976340703 -1633677002
4 -661742305 1117813138
5 -888778737 -1792169799
4 1432596097 1092919022
5 -1365682352 -947847555
1 515618468 -883877954
4 -220233059 248050728
3 1825739728 -1642729911
2 -1056000263 -1012940086
3 1789749516 749211372
1 1363801599 -673223248
2 2126019983 -466864933
5 -22059889 -1400016763
3 -410713028 566067768
3 -1590779028 -368375503
4 1191439087 379953421
1 -353607481 -615155349
2 391940295 202904442
5 -781278553 1517173988
2 -1843464106 1896580944
5 112742142 1892303110
5 -523924269 -1283742549
5 -2136776065 -2069764754
2 -1590388117 855970749
3 -1240849810 336961076
1 1980598643 2017707510
5 -502515070 1527552803
5 -391888724 1012914909
2 -1140994109 1940581126
2 -61143100 2103743121
4 879998137 1785285120
1 -639831540 1637959311
5 597512598 -1319470110
2 404842837 -1607668323
2 -1316641602 1371201701
5 550126886 550126886
