500 260158260522 260158260522
4 432889024 1034636091
2 -2035664654 -902264164
5 -1832200561 1414987699
4 -774692115 213352973
5 726525452 152118324
5 1192787206 1863118842
3 1472091275 1558959777
4 214890916 144520765
2 1333467059 -809595628
3 1165134650 -860811570
1 -1290465140 -1290465140
3 -1076339112 122190520
2 -799610279 -2116382137
3 1095536574 1922365839
1 2056944533 -107300639
1 2115500584 1697484497
3 1414696206 1690533297
1 1611149125 224328033
5 -552349695 1610186074
3 -1175541576 -2123631989
4 576077456 253776716
2 -196771480 977445658
4 2009798579 1372644798
2 618260973 1633102726
2 1115932652 -1394904523
1 -1598128319 703704308
1 177127812 2003681286
4 359886988 43753639
2 1646811586 1299531589
5 -277538546 -425383000
2 1078233887 -607194204
5 1037533665 -1455876841
3 485701760 1787497104
3 -1530595021 -2034181376
2 1312585539 1332946967
3 -427211432 1018725935
4 421656961 1467090635
1 2083669277 1985140910
1 -2060857670 948885812
2 -1335089303 491846886
3 -472850844 -1636410025
2 844805584 433615211
2 442072973 1856090964
2 150062233 369698955
2 756906307 920599282
1 2071558343 1596306595
2 2123775352 1801759805
3 100041495 -1214101544
3 -575651917 -1360511502
4 1061540711 1238891390
2 -647524967 -1343914601
2 320839954 1056291048
5 -1422765342 -641322463
5 -787179676 -1662105402
3 1247341516 154392785
1 -1203656758 -1353438491
4 1953559163 994688776
2 -651432526 324386671
2 -192856385 -744155249
2 -695712098 -205227503
5 329072589 -1506286347
1 -1258828610 -52900823
5 1851431657 1693557371
1 -1799290080 637429660
1 -1022422292 -24239198
2 -1287602873 1753726522
4 -1585487087 -349860044
5 -2023665702 119534620
1 1714141696 664786523
4 -416823560 -1866720205
3 1028590154 -1111139324
3 -2015658099 1113492844
1 -647549721 1051091947
2 2091678164 1800236859
2 117404670 1015418739
4 -1164395685 -1280500824
3 1575230500 -309587406
4 -1129004897 -2142039481
2 -1677663956 -787210469
3 1239168479 1155599660
3 1212433692 -1353802255
5 1474174299 -2096341575
4 1984738331 380961442
2 594885090 -1275666704
4 1409114085 1779794545
5 -1718895559 -439605634
3 -522401569 1743201699
5 1833843913 -1489218046
4 -1678140444 599061241
2 -1792958102 1652784880
2 -1524613828 -1547846636
5 2015964666 127686796
4 -135001927 -1062017406
4 1909719088 -1848162633
2 -1999782557 -1998040921
4 -942524903 -1153541775
5 703411195 649481501
4 630176557 -829223558
4 -1575820050 234944980
1 758631750 1148849297
3 -1021966483 800573091
1 -1661560898 496579462
5 1474630840 -924381425
3 1759381496 -418499103
2 390111580 1104425367
3 -1724661750 -1421672739
3 12596230 -1221683012
4 -621441974 1087726979
3 1718372415 -1508802147
2 1473991175 -1705926129
2 505710321 -466366892
3 239509785 -755994315
3 567711908 -543930616
3 -412932470 -1628896509
5 -977739966 -99738036
2 1388414775 -2095028580
1 69240081 -937566224
4 -1983107957 -1410702417
4 926988064 45407458
4 967925969 64329380
4 -2064790340 -338412722
1 1060481270 -707058912
1 -231166747 53966503
1 -217524445 -1196845472
5 -552733640 -910874961
5 -1495426291 -255426167
2 -1889132367 1823740190
1 -1399564883 -844898660
5 -525865408 814821320
5 -856250212 -371947207
4 1942314307 -988117710
1 967667279 1112246390
4 730365857 780486463
3 -920546100 -1059031263
1 1143535759 1779466351
1 -1806023740 -461199674
2 828934523 123865653
2 1784900452 -491067577
3 -2035895860 1986746168
4 108180709 -635448664
2 -70872710 -538665430
5 590401648 1603977055
5 328867374 106017002
4 -136460417 234162326
1 673109539 -156229280
5 -1828269219 220051352
1 -1797689140 1012432593
5 1261419125 1059184095
4 -1624014871 961192298
1 -1065491608 408573989
5 -313651830 572237334
5 837597229 326391464
1 464179968 -67231124
3 -718754120 2053892843
1 247110590 803966914
5 -1938264257 -826805359
1 -2042426021 2009151258
4 1554910201 1053045920
5 2031040541 -10939628
4 -881446649 1478248240
4 -841503206 -841503206
2 -1216873147 664189222
1 229744933 -1077319157
2 -177947305 -877263874
1 -1093782765 -154743120
2 -243493919 -814565389
4 1421306345 851650023
3 -313704005 703924945
4 1741234336 -1993907568
3 338116026 -1882113771
1 -304598762 -270023943
5 1587962667 -1647136384
4 965067646 -2122284548
1 -1044844498 1979454517
3 1518114045 1333881589
3 1679754290 703573805
4 1931327133 11866864
1 -1297538170 1073194678
3 -837491988 -837491988
1 -911863534 1776020157
3 -1440573171 596788168
2 -1330442323 1551798303
4 -1239225173 -1708216710
4 1465406485 617848386
1 -1638315093 1646723476
4 -1471619936 -1518566814
1 -1973278131 1029590889
5 1613812735 -483441485
1 625436244 -763063355
4 1174613753 -840499484
3 -1809129672 517855111
5 -1366696164 -2126435944
1 -232217012 361683770
5 -1497563320 1110345498
3 46553224 -2137691544
1 -37016052 -612590625
4 -523307564 -1508943912
5 596565130 1420068462
1 -199594667 -1985893256
2 -303421938 -1684882009
4 700147818 275016518
2 -1692069543 -2046301363
1 -182783040 813397153
4 400533121 -1615922948
1 685305442 640459914
5 274128324 -221581713
5 -871758435 -1051780691
4 -234028626 829061331
4 -108390745 -24707359
5 -1877760497 -805027933
4 -737503053 792636272
3 -907332288 1227077367
4 782826606 490331216
5 1608821814 537015763
2 -113485820 -901288568
5 81548931 -1659042227
5 -28370338 645152708
3 -1039816075 1135760232
5 1928358676 -1679232900
5 1812286481 1201423418
1 -593147331 1665140561
4 -884860036 1698079216
2 605210875 1147068859
3 1470989506 1188511107
1 284504654 13443956
3 -1120644232 -698702105
5 391515141 -9378516
3 -235382847 303342540
1 -1658937442 326795452
1 923022534 -250785400
3 1077825348 2026637626
2 -1044132432 -1839684965
2 -566039677 876809804
4 897370112 -2020530995
1 288492300 1058809428
5 2038289818 -1087334267
4 -616008510 100222561
2 542701907 2104918509
3 -25124541 -285148640
1 -1072421341 745754619
3 1962850980 -522509035
1 -1055311124 -291572122
4 -1869959535 -863542642
2 -487690025 104544066
5 1042728882 -573994246
3 -878386370 1362029933
3 -631736306 -1252750815
1 -1337776323 -152680649
4 -1155917860 506822287
5 -1114846083 1127739043
4 1943291063 -1766726650
1 -695658020 1169706808
5 -1775936848 -1128253662
4 -591104337 1612254036
1 1648458410 477043055
2 -2145500615 -877239644
2 1565614438 635313044
3 1094540143 -1301483076
4 863228876 -1719490524
4 320534078 2090985216
5 -1316368172 -647111109
5 -1618708200 -1013862810
2 -635996637 806257218
3 -659228530 -2120447210
5 -1475001316 -957486590
2 -562287638 -358540394
4 -480956062 -960105984
3 507380148 2090242011
4 -389363954 1063542830
5 1922295013 855956052
4 -2105002217 1864843004
3 1105730711 1740997985
3 1148711911 1485057221
4 -1747893518 1413857048
3 -124024777 -1639346955
3 1575197926 -430422175
1 1210985155 -368919204
5 907909113 207759599
4 -536410875 -1474887183
3 -1922184928 806070230
4 380098875 871436430
2 324305748 -6613862
2 551309937 1096209135
4 1178350046 -582937994
4 -1076283399 388798500
1 -1016379979 -572265443
3 -1840336351 -1817046587
5 -1473146470 1670430663
1 2113776553 -82748189
4 -1097578031 478993411
5 -732689497 551892693
1 1645569618 -427867069
2 53902110 1518253001
1 1907914006 -48569241
1 822182850 -1111830975
3 218952529 -1274894196
5 -1800569693 480493053
2 1168561993 693578609
1 1017121678 1532648157
1 683529179 2024210480
3 -1727691179 662275421
3 -568219361 1851126294
3 1316325705 1938068990
3 -1605628453 128374989
2 -1809808139 1265045656
5 36018229 -1224564016
4 -575384481 -509660565
5 1266687365 1394398669
2 1316687158 -2127190874
3 2030224299 -1550830380
1 -759955182 -1240917253
4 1831482047 -1426231067
5 -1362809468 1946136728
4 1320727181 754428815
2 310783752 462981445
5 -470704941 91840471
4 -1370502821 388081372
4 1805046269 -1587444570
3 139189704 992204869
5 1713520351 -716729171
3 1281885029 -1862935601
5 -695775327 -2088051669
5 715269732 189287708
5 -1008961869 455196535
3 721583868 -1859566309
5 824339561 -1143025944
5 -146547160 891670859
5 1606684989 -2073896132
4 1503986640 2099037752
3 -58030996 -1029619858
4 96465991 66788502
1 -142007055 1711032984
3 -500177929 1732505246
2 -1050157 965959195
5 1519550660 463889002
3 -497649146 -1195898216
1 -955328000 -1165955961
1 -1715839718 615334834
2 819961458 1632584434
5 1724625791 1335854976
4 1946731935 1668152739
1 -553020280 -31554200
1 -1143824679 1617091726
1 1241526870 -964685127
4 -3251500 -637064882
2 -708321833 -872503031
2 -95092623 546126430
4 811711504 2026760718
2 -110894077 1006806499
3 -80002486 656076329
2 418146999 -1204916406
4 -743810714 771304642
4 -1486689978 -1549704212
2 1280890976 -886559516
5 41110538 -1189579222
3 -2140915392 -127101951
4 -1962333890 2059894214
5 1813419116 -966299829
3 847993637 -1534045745
1 1424443878 314652147
4 962755322 1237640469
5 883965385 -847344636
5 11584986 1363145296
5 989339214 2008487018
1 1940769874 -1790374413
5 1402613733 -919283314
3 137954302 -639666292
1 -514288388 1717887286
4 -1787101262 -1460626764
3 -156433017 2036252411
5 480386078 -367889629
2 -1387202003 2146083037
2 -1884472668 -1884472668
1 -1951254954 435723054
3 -380332256 1646189960
1 1452902082 -1501988771
4 -2138541649 1854012573
1 -1808256041 -69408356
4 130823016 -1860293315
1 -63918104 618487374
1 -829056759 -1817963672
5 374971327 1556895553
5 -1763532438 -1306684831
4 555924277 -1976830543
2 -445772430 -1590726711
5 -1542762963 -2090070218
3 -1475089073 1071478560
2 2014166742 1856723539
5 1103866056 126375291
4 545938738 -1180385369
5 -1064815555 1882735870
3 -808777797 -302660789
1 -305445320 1813733359
3 -1475592774 -52113153
1 -1125076632 122234637
5 1308164577 1455469466
3 -2110489640 384356291
1 129170431 -477377969
2 432259223 1945231176
1 1770569432 1752434190
5 -1275778828 -1275778828
2 1889764664 -750466331
1 -1666051988 -248295082
2 -1667586380 -1685271811
3 -1205583865 1531249201
4 -297300676 -1837085099
2 -718842184 -1473159490
5 -433302794 1387164098
2 -2085538039 -1568673068
5 -989329328 -801530593
5 1324429904 -1469297552
3 2136333007 -2132843865
1 1342702937 -134332491
4 216816149 -441081592
4 964710242 1274725545
3 2022678146 679516438
5 -2057479211 -1487690509
3 -292599895 -2278734
3 -730242678 278316895
2 -570192932 492263936
4 906658747 1666434386
2 -629971076 217050344
2 -2096554398 -1833260551
5 -1327666203 -1759514187
5 -1432135030 350552672
3 -662655056 1035236720
5 1963838747 -832970968
5 22458774 -1210689545
3 1337608427 -2034218815
2 889512666 2004859556
2 -2065091156 524686240
5 -1135052289 1098410564
4 -803705311 1835273695
2 361300560 920588752
5 -1121721336 -121705108
1 588267726 -2142119734
5 783153111 785597746
4 243891400 37945060
2 -1762863498 474716843
4 -1739538933 620370418
2 -1891131684 1524625813
3 -1130022758 -466092235
2 1034173571 619808033
5 -88794081 1323872488
1 -1859016826 920794682
1 -1992429428 272950202
2 -1254619465 -1086099120
1 -536640309 549978347
2 -491468431 -1503244382
2 422667376 1476093724
4 -1666022359 779931940
5 -288260540 149826668
1 28492224 -1662915692
3 -387548060 234844155
3 589549563 1213089225
1 -368055151 360207642
2 -1099712856 577474032
2 318074809 -1653289257
2 2076934117 316471014
3 985183459 1080061129
4 1941588115 -2144979958
3 -967192091 222344365
2 993104054 -712119482
1 2028966309 148916261
1 1579638589 1281209337
3 1958759094 -1240976264
5 1418741616 607572012
2 1790769565 -781852491
2 -648695259 326360088
5 -1564542719 1376883235
1 300479493 -1129325329
1 -1842136537 461177985
1 852992368 2022935454
3 -2086394616 -1884449324
4 1029007809 -1303570143
1 1627756539 -1037521431
3 1823724177 -973736285
5 -1325233033 483180530
3 137695677 1522852265
2 674699710 -1132508987
5 346104652 -310950992
3 927048417 -945102887
2 1316651376 1024318829
3 2092991421 -1378594675
1 -1784823228 -200537336
2 -2089288808 -172436618
2 1126110612 -1180721396
2 -1188089648 934290366
4 1474036827 1655076218
4 -1219404196 823596803
3 -337199777 -1346894153
1 438634949 565937751
1 894920413 -1977625784
4 -1025728765 1429836147
3 153300388 1293773050
1 -1356343872 -1795207481
3 -1402720614 -2014088010
2 174346122 1929885404
2 -1482387925 135995944
4 -994321034 2034011933
