500 17307546356 17307546356
4 -95024418 1317970150
4 -712550626 -1090120292
1 -836563379 142474040
5 957720538 1486192010
4 710913538 -1824618210
4 1955540885 1702034094
2 1293821343 -430761112
4 -92197158 -676907503
3 -33714212 -1430789964
5 -1325440994 1005039375
5 -855787056 769513617
2 -826251433 1110897454
3 741281894 -834316686
1 678087825 -592597456
3 -680972888 950100586
5 2011706989 -1453944230
5 162045652 -1482109604
4 -2031635580 -1296451305
2 -549020878 1624347945
4 1308241171 887051198
4 531299812 -1464057618
3 2045705981 1872035990
1 848232268 -1543110979
1 918061532 2107807563
4 1260853956 -1475128263
4 -1041696329 595810256
1 -580568312 1268479422
3 608803471 759910506
3 870250302 -776871526
3 285332421 47839318
3 1579625806 676132568
2 -140137448 346897805
4 -1816198168 495228588
4 1140333780 1609669418
3 -1842862166 471992723
2 -594409825 -1357806733
5 1826396073 -1139964612
1 1032395874 -56048177
2 -505170755 -1417368302
2 -978055753 -1121078889
1 1842787840 348457887
4 1291947645 952276122
5 -1441169703 -1816745498
2 1385123980 -1569760546
4 -179345261 682587260
1 -1780736840 2031606086
1 867387324 1641759552
2 -359638913 1235137537
2 -110812389 -1804475593
4 -1463255298 1047001631
5 -861477675 1808500094
1 -2035899084 -446290768
1 -1576893426 -966630102
3 910035254 148238412
1 -620447841 1687210394
3 498567596 1503810074
1 -1033341271 -1382874610
2 -1975673113 -630789657
5 -68176606 1218097316
1 278730020 952043141
1 -712484693 1765472727
5 836175865 1111022713
5 324478062 -1688694439
5 180895612 296478925
5 1889068596 -578585874
2 535723623 1510315455
4 1201131069 23076896
3 298516962 -1760179002
4 1065958820 -672737132
2 1515228603 -821870143
3 1241916121 -603930515
5 -463087567 191699066
5 -230203987 2123103453
3 967034177 401298704
5 -464682600 937943127
2 -114611697 -2110169739
1 993509291 -1625546765
2 -1038843992 -2086611273
5 -525786499 1120321409
4 -998592305 -1253576726
4 -1539392324 -336381719
1 -1965876075 2135737101
1 1723074506 929928770
1 -221411644 -837144949
2 1195368511 -28484113
3 -952951777 625396576
1 -716584266 705224253
5 -1265292214 -1126733123
3 -1804869503 -102749160
5 893247237 1099672070
3 -187523338 686986580
1 235526278 -1923851635
4 1282950945 -1549269947
4 391828086 2040522659
1 2144961546 -847701256
3 -1623918328 -2057908914
3 -1562309014 1361264738
5 2041471321 -1484295457
5 1751998998 511628323
3 -1346465275 1483708421
1 1189201481 1061024301
5 -1988624520 -1484710197
5 50427603 1375848390
5 1915320083 -1645134540
4 -1158510541 -1484562826
2 1461473168 312031273
1 796260404 -116917918
4 -1735702157 -256256222
2 1593762834 -189404409
3 -1696234685 -1092838475
2 -2022401946 2022776693
1 -529960128 1172657953
3 -1110699546 -1207077763
3 1676585562 619172764
5 -1637179593 -222888203
1 -1212134146 -1255925552
2 -664519952 -1725889622
4 996205602 -219709431
2 358014751 1873389675
3 95850142 122054583
3 1901385245 -865829625
5 1348684275 -1451967352
3 -1165594975 -637568770
2 660432662 -398044871
5 -1021740176 1263982705
2 1178499628 -1933697727
3 -2097980329 807282588
2 -1053250685 721273572
4 1149093177 -971227108
5 213997528 1806456625
4 636621125 -1500648354
1 -885215250 1885682228
2 859746789 1836692758
5 1256266250 1904567765
1 -1756919273 1752691811
5 -575743519 -1334273285
5 2103810144 1307554127
5 -457044666 -743562461
5 -1127661237 1610419335
1 -1188203034 773267540
1 888049939 1903585284
2 -476450436 594659470
4 182759380 1145367487
2 -266785432 -1351567378
4 -1195358377 -771040924
3 662974580 -576206953
2 -1649124723 101667876
5 -595724427 583291810
1 531836921 -61430682
4 -169778561 295877297
5 -1637217187 -1737625550
5 -1468970103 -1053694789
5 1633018797 -1110404360
3 -901093716 1927783358
1 -1129448801 1912406853
5 -1039861767 21535658
1 350663144 954779599
3 -468606131 -694908021
4 1699607944 -1122891829
3 597644650 -734422803
5 -898666007 1438336250
3 975358988 -1115217654
5 -1464300471 215907009
4 -1510693183 -76446962
3 914851407 -339658007
1 -1604978131 1148622881
4 -1984474164 1654664580
4 867472135 929036737
3 -1175694888 -1730840004
2 1119240700 -1615539877
4 -1381219192 -1726390125
3 282852551 1669166308
2 1484434416 408551652
3 1161347619 -294989241
3 362791198 362791198
3 1393875558 -1719904330
3 -1658446895 -671160494
5 938981855 950719384
2 -1801457487 2064627652
1 -2093326239 -1758938401
5 -1570679199 540005106
5 -1306111323 -1175377365
4 -1910058324 889103350
4 1634301761 -1728942739
4 39173193 -831257463
4 2007472932 -729197865
5 -917895435 1180771516
4 -474453063 -1344934936
1 -2082174403 1978647212
3 -2385702 -1066966208
4 1125181651 -1370300966
1 1004877509 -444414469
4 -224350504 -1643794714
3 837035347 668324057
5 1796941290 -399790353
3 718326506 -87628720
1 -882933911 470590440
1 -801617449 -1774571156
1 -2009520088 -2009520088
5 -935108873 90701465
5 -1000533554 -549721733
4 -1974833974 1626802582
5 256289003 -1455477774
1 564035697 -2130564637
2 -1044017597 9804987
5 736371280 1624627836
4 1655149333 1402990156
5 274923232 496307970
1 -395231350 -1772862076
2 -1779095185 185330814
1 -132821024 1197484045
2 1714671058 398865230
1 -116626378 -1306856794
3 -106859112 1497782728
4 2118555056 -667196901
3 1322884508 2130737776
5 619467280 1521794497
3 1783477606 541808116
3 651188457 -1645574074
4 2074168541 1637516345
3 239451005 1145327493
1 -333821780 -1128816444
5 -1060798611 1770548966
1 1682244323 -1917864788
2 1565388903 344219056
3 86938139 -1032232732
2 621528094 1475121540
4 1508912346 1708618949
4 -1326452960 113468269
5 -65512342 -1558513993
3 902010181 -1189087598
3 326010844 2106005522
1 1023139154 877249410
4 -1058233147 1044097294
5 168105244 168105244
2 1465650986 1007006193
4 -299722693 -953912962
1 1388718715 1524427838
2 -785169629 1365155048
1 -724652013 -2097294191
2 -93893464 -621042792
3 783313027 -501719971
5 215733646 -1145387185
5 -1490679766 1635265350
2 1548183832 136844086
2 -1912412185 -437259861
2 -1983158962 2060139946
2 -1834275887 1281237521
4 626657188 -887429052
4 544313824 334730870
3 -143118710 -1727271387
5 1998639314 -297259009
2 -229575347 -554928964
4 -1628358196 -964276088
5 -568220318 758438074
3 121322279 1520305486
2 731340792 -1240783064
3 1241886035 745947949
2 1913436077 -647342123
2 -1285975127 1018815919
1 1009082201 -873647599
3 1054681343 -581255792
1 2043881630 -2019624608
3 1456396244 1393957537
1 -1576337453 -872559845
2 1564401742 2045659944
2 -1343700488 -303155258
3 -675650031 -711777860
3 -508442796 103916799
5 -228179784 216345020
4 1838177573 699600154
2 1372265360 1141307160
5 2004453827 -10654163
2 -1263209694 -1315749145
4 -761592212 -430480212
3 1265393456 1208749862
5 439629370 1827818740
1 -46452031 -1366802134
3 -5416295 1148953997
2 -433153679 375879668
1 220242609 141717959
2 -463199717 -917999930
4 -1279213710 603063894
1 -1441005291 -121567514
5 -766037002 1265939427
4 -118937172 -1092712197
2 -601945201 1113227399
5 1124924218 1757770454
1 407889476 2043947517
1 -1812728549 -1636220728
2 892074556 118562256
3 -544573335 909090303
1 -929502579 196525063
2 716610848 -970262480
4 307872327 673226538
3 -1084567485 -405690490
1 -1568797029 -1100945349
1 -723845173 -1133137367
4 -1155350523 511781383
4 6756988 -1757159672
2 -1929348338 -54923073
5 132339716 898969124
2 617123935 214530006
4 1682167738 -1541008178
2 -1932424895 -130835764
3 718090033 -1424644265
1 -909793112 -882023117
4 264976774 1815745017
2 -1545991638 561208494
2 405867518 695877907
3 1789804706 374641181
2 1845641220 180582106
3 -913676604 1133494536
3 -1834543690 -1965807430
1 -447271764 -763775400
3 1757400977 124947406
4 1108492735 935120312
4 1018054985 336178252
4 1323868164 -1631610981
4 53564958 -132801360
5 -622681506 1519764643
4 459850638 -1236613294
4 1262681909 -1012971682
1 1168028670 -1102787606
1 -1796010419 573281877
1 -830085781 -1291677772
1 -1307730381 2099910752
4 632448851 -1289844485
2 1190822325 -1479953170
2 1148522774 1142073907
1 387930235 1057678644
4 -198639159 -1713832354
5 -737158392 320554916
1 2002566995 1285445611
5 1759465212 937021700
2 -1393011518 363288901
1 1680180707 -1826499316
1 1523690550 1690163129
3 591989954 -2045612966
1 -2125952966 1078651510
1 1044999608 -822857932
4 -1202975771 2104089792
3 758297222 -1915674453
4 -1650608980 1391093168
4 1999565896 -353329081
3 -86998935 -50789625
5 -617695761 -1690472280
2 1596166145 1596166145
5 -1648506791 347644563
1 420787239 473888240
3 1460491120 -1424032499
4 1335154636 1816243802
4 -253029710 646737107
1 -1301949570 -944296740
5 1997082230 -1132194350
2 1670045863 1838486838
1 739654186 -246932390
5 375001202 533279611
2 -1303054976 -1281539643
1 691330306 -704147790
4 981476649 1743660317
3 -1573190921 1119735078
5 1884986413 746544309
4 -58825738 1930505139
3 -2078981514 -15031783
4 330607615 6448260
1 -1524753491 -1231727792
3 300943650 -991890432
2 82589525 -1783819749
3 1992105227 -883536997
1 853071706 919997404
4 1019036734 1524015542
5 929835557 -1216964805
1 86555488 -1472340013
5 -1548558028 852831421
2 -749613673 1696464917
3 -1446927732 -883811550
5 843260315 -761648686
3 673460563 2046357741
2 -727258611 -1473000105
3 374075727 547917626
2 1500135843 909341103
2 -53683503 -158366944
3 1926692429 -899818435
3 951433713 -593176960
5 -1039054728 -709082797
4 -248085819 -1517300443
2 -1171841827 462769484
1 1959017918 -573549042
5 -1480489008 -490255394
2 -33796353 -1756202779
3 969341530 843168549
2 474283260 -1995240593
3 247370576 -160850900
1 1665695764 1123905977
5 552406079 -1670830297
4 -1401974417 580592218
5 1187045071 -2144267968
2 -822657729 1987801150
2 -1199225912 -228568931
3 2060245643 168079229
3 -807565924 -840118393
5 1594564200 880635652
5 508920245 1025885807
3 1844860716 1054630480
4 1553564266 -1025232189
2 -586073957 -1071874722
1 -361987656 1731445188
2 1983480534 -625255157
5 -859077030 -1215770910
4 10134673 10134673
1 -1424212991 -998421807
3 -122566140 -398350777
4 790991529 -448867868
5 124885882 215493825
5 -1513332427 1853634364
4 -1558201655 -1379462559
2 -996948921 1180837684
2 -1959289641 -1265648625
4 1359759500 -1605851074
2 -930089530 5871881
2 1545721022 -1780455631
5 155265716 1846460209
4 492983076 1798626658
5 -1664414463 -1814721588
2 -1282142437 -345528010
1 648174162 1983047067
1 -1874948703 -965400150
3 670340682 254039508
2 2041947554 -1151098985
4 844681539 181047346
2 364367089 -1070205424
5 -1692621536 1234749902
2 741009493 1354157537
5 2104535421 -519411724
5 547451020 401176735
1 731029716 -845648353
1 -1742325923 -651985275
4 -2041606132 618479204
5 -419429466 1971570787
3 174074982 -1295383486
1 1182102486 -351840228
4 -1617063488 -522049419
1 -1561133104 -1290926360
2 -287736827 731635571
4 -990066191 -1635782930
3 -182467728 -223247419
2 -374785420 -341320033
2 -558374904 234166380
2 -1590717321 1759898836
4 1986628542 794614009
3 116825142 751395008
3 -1941784552 -714027311
5 -1733373000 -1321571236
4 -2015027482 -997049252
1 488020986 -1624875276
2 695890020 1019323580
5 478354542 -602671691
4 -2129560932 -1467767370
1 180691176 -654101442
1 -2115842341 -1561900297
2 1972388516 -1834806107
1 -1463059233 2146717346
4 -1787003984 -1188838906
5 -816051257 495205981
1 -177404934 600519382
3 704111435 -2092061527
1 -88770258 -1760101701
4 -614400335 -517560248
1 -1190611991 1916270434
4 -1824362938 1712422730
3 -171743470 1572729320
1 -469793834 2060707848
4 579976436 -1993156219
4 -1194289850 508455863
5 -1729561295 500952550
5 1101171055 2143045016
5 2115982516 -962490257
3 1898717484 475876676
2 -1629592384 367200698
5 -1473727454 1691730808
1 470543249 1179209229
5 26010371 -1093589277
5 -172692221 1078070268
5 -1103287889 292258405
3 -1238915235 1594654917
2 -2053548498 -1134040305
3 -1283379552 -371546793
2 -1576869130 1654029494
3 721228168 -598444412
4 -806787024 1744499704
3 -1470375926 -1254404528
2 -570360069 -706558789
2 287701136 -603592972
3 647528327 -1963137819
1 857645425 -1154823028
4 1638982756 1421337187
3 1570712626 451243423
1 415610775 -1477296558
2 1034588266 -1462282564
