500 10000000000 100000000000
1 12893533634 980419754
1 1709926767 19581110681
1 19740039525 1296313092
1 145667253 17182322681
1 18278871141 1860939019
1 1497797378 12254001801
1 19048945815 1685301394
1 1158241258 18576408474
1 15799266816 1023354344
1 530553779 17428066160
1 14734806389 1277330062
1 381700140 14476944259
1 16795509271 466382647
1 1790884555 18984077436
1 12530262322 1404307718
1 1890059275 13515478982
1 11670960347 1362690563
1 569908228 13709106452
1 14637190514 570678495
1 405786699 13442965515
1 14190429937 472204266
1 210956044 17070096211
1 17631055356 74015569
1 1241483111 15245023684
1 19871590417 1330854556
1 1196836616 11040677314
1 11941021025 230295911
1 1043283210 10080798050
1 15418166463 1221009249
1 108445197 19601386157
1 14232462068 1855446914
1 1611022742 19934450911
1 11873048280 1668252305
1 513251495 14373591136
1 12046116013 1875142870
1 1407639967 14013540448
1 11497073016 751950619
1 1940569428 13254362455
1 18395924807 31088361
1 986110318 11437688199
1 16263728118 927820289
1 1648655367 12927855509
1 18810496283 1975125273
1 1651835009 14906795729
1 17373638580 706466265
1 1311375783 17207306983
1 15331970249 266108949
1 31451400 11617235112
1 19081649445 922722892
1 1094516624 13968392113
1 13206984935 980457115437
1 963536346197 10796480487
1 13740003633 222622249833
1 788500320066 15379312144
1 14592760443 186715292075
1 984786363152 12332060940
1 17552693196 179938253173
1 987987923625 16333896307
1 16767652772 973789681082
1 416395663275 15843671370
1 11207122362 554895255396
1 111009561833 15649250513
1 17392519680 163462666191
1 858255177962 12668752266
1 14746966443 728919133003
1 281092907113 17002678772
1 15845404502 378763731869
1 412325163219 11861252679
1 19563662253 527603587710
1 236205402828 17957863752
1 19438366192 868326886427
1 846785084586 17651871583
1 18137738372 607320156563
1 919541796088 13198410103
1 14833228637 739441984380
1 715432494325 10728414031
1 17495138416 832958526559
1 150387409683 17523020995
1 19927931644 691508638519
1 876260466040 14024716954
1 12639125459 241673797110
1 421227056256 10487933297
1 13750635231 160581479425
1 239920569657 10708640243
1 10012979743 188627912879
1 129506255845 14270273125
1 19376062912 327919422925
1 120991295100 18089275470
1 13319360424 552801361437
1 642349958951 14431300927
1 18599734279 502330482642
1 716868867782 17502488810
1 19727333319 865402584853
1 205173612395 18184905362
1 11647349964 346022592644
1 449207627485 14995585436
1 19725746088 402475744173
1 454454380822 17494901763
1 12607070493 247861937560
1 432347861701 16064544309
2 1886034892 1886034892
2 1467232707 1467232707
2 664055412 664055412
2 1441179229 1441179229
2 1617995570 1617995570
2 1418060376 1418060376
2 489927531 489927531
2 77853368 77853368
2 1254378436 1254378436
2 611536835 611536835
2 242874401 242874401
2 1591196925 1591196925
2 437927849 437927849
2 507397420 507397420
2 799002816 799002816
2 876884564 876884564
2 1071771914 1071771914
2 1658003898 1658003898
2 1251723630 1251723630
2 1098677220 1098677220
2 729811471 729811471
2 1024832662 1024832662
2 1386719828 1386719828
2 1663741654 1663741654
2 294042848 294042848
2 730251496 730251496
2 573374362 573374362
2 1318977618 1318977618
2 884204453 884204453
2 544071128 544071128
2 672517479 672517479
2 854083968 854083968
2 1353007237 1353007237
2 518836878 518836878
2 423011301 423011301
2 818684808 818684808
2 742570410 742570410
2 177013298 177013298
2 239037242 239037242
2 1842562961 1842562961
2 1295896890 1295896890
2 367553515 367553515
2 1849590671 1849590671
2 1853968068 1853968068
2 223458654 223458654
2 315510498 315510498
2 526153996 526153996
2 1691924041 1691924041
2 1699728445 1699728445
2 1875234367 1875234367
2 416589639 416589639
2 974269249 974269249
2 1313525372 1313525372
2 1802841089 1802841089
2 1653127664 1653127664
2 143313385 143313385
2 560297248 560297248
2 1740767977 1740767977
2 1177916888 1177916888
2 1980350165 1980350165
2 1526972076 1526972076
2 646471169 646471169
2 254364853 254364853
2 1338489115 1338489115
2 818504846 818504846
2 162604617 162604617
2 1531468430 1531468430
2 1326508931 1326508931
2 521562696 521562696
2 48029235 48029235
2 1503735104 1503735104
2 121588746 121588746
2 1414724847 1414724847
2 516571430 516571430
2 1139474425 1139474425
2 1070778210 1070778210
2 1566780077 1566780077
2 368314109 368314109
2 1910566590 1910566590
2 1588259950 1588259950
2 1032495681 1032495681
2 1353199495 1353199495
2 1154388455 1154388455
2 404969417 404969417
2 818589308 818589308
2 176497158 176497158
2 1928337824 1928337824
2 1094135614 1094135614
2 782845380 782845380
2 1035222195 1035222195
2 1336294760 1336294760
2 968999246 968999246
2 1089606035 1089606035
2 996269111 996269111
2 121199507 121199507
2 386248879 386248879
2 1253132791 1253132791
2 360823601 360823601
2 187002058 187002058
2 1778833353 1778833353
3 815353922 815353922
3 687408040 687408040
3 1352075322 1352075322
3 771248046 771248046
3 1459333548 1459333548
3 1829205586 1829205586
3 755725486 755725486
3 1733035335 1733035335
3 1447494805 1447494805
3 322685316 322685316
3 1374629878 1374629878
3 1070944062 1070944062
3 734547109 734547109
3 628317672 628317672
3 1018608568 1018608568
3 1381955641 1381955641
3 928157059 928157059
3 1023513636 1023513636
3 616142237 616142237
3 1534538464 1534538464
3 290030297 290030297
3 1373380834 1373380834
3 1990613836 1990613836
3 154378717 154378717
3 261839949 261839949
3 1645225160 1645225160
3 740168303 740168303
3 1494386646 1494386646
3 143593864 143593864
3 1148990590 1148990590
3 573128876 573128876
3 266594165 266594165
3 1552651825 1552651825
3 1293373614 1293373614
3 375242668 375242668
3 1469350752 1469350752
3 1980335602 1980335602
3 205568511 205568511
3 592664855 592664855
3 1846179392 1846179392
3 368423025 368423025
3 1733513496 1733513496
3 772519573 772519573
3 160680636 160680636
3 603365719 603365719
3 1821249186 1821249186
3 839189965 839189965
3 665298814 665298814
3 1671539788 1671539788
3 300535621 300535621
3 1621362258 1621362258
3 1536732559 1536732559
3 112120902 112120902
3 826230008 826230008
3 1669858231 1669858231
3 1803689149 1803689149
3 1478807892 1478807892
3 364521583 364521583
3 269660550 269660550
3 645049231 645049231
3 1456652076 1456652076
3 1369483880 1369483880
3 558632341 558632341
3 1177937964 1177937964
3 1559554494 1559554494
3 1997999699 1997999699
3 1755543245 1755543245
3 443058480 443058480
3 857266638 857266638
3 378572244 378572244
3 1982013613 1982013613
3 915924264 915924264
3 1318629492 1318629492
3 464121926 464121926
3 780763846 780763846
3 32790040 32790040
3 1094817435 1094817435
3 609218100 609218100
3 624281661 624281661
3 480175350 480175350
3 1031098500 1031098500
3 1105858783 1105858783
3 75257678 75257678
3 1757205806 1757205806
3 1154356546 1154356546
3 192446910 192446910
3 1930956997 1930956997
3 1501411359 1501411359
3 1618903613 1618903613
3 124626423 124626423
3 763346822 763346822
3 266950811 266950811
3 1898753713 1898753713
3 1691997673 1691997673
3 197604356 197604356
3 1031814761 1031814761
3 44093231 44093231
3 450391204 450391204
3 712459211 712459211
3 1202819523 1202819523
4 1190870696 1190870696
4 970951314 970951314
4 1536210650 1536210650
4 240201994 240201994
4 483210592 483210592
4 1785978192 1785978192
4 538095103 538095103
4 1035173577 1035173577
4 1581244347 1581244347
4 792165401 792165401
4 1618848986 1618848986
4 144496423 144496423
4 1476159200 1476159200
4 350256406 350256406
4 332117650 332117650
4 923411021 923411021
4 273213430 273213430
4 1414199919 1414199919
4 1866381904 1866381904
4 895375459 895375459
4 1517215782 1517215782
4 391349836 391349836
4 15846204 15846204
4 180919697 180919697
4 1954799768 1954799768
4 1651714773 1651714773
4 1905683582 1905683582
4 1802733054 1802733054
4 1382173300 1382173300
4 1487425073 1487425073
4 787692862 787692862
4 551816659 551816659
4 537673441 537673441
4 851678858 851678858
4 897330339 897330339
4 1203199289 1203199289
4 1617010441 1617010441
4 261088774 261088774
4 636957142 636957142
4 1351195734 1351195734
4 43312146 43312146
4 1740842701 1740842701
4 749045759 749045759
4 1797579602 1797579602
4 1612204837 1612204837
4 1354761993 1354761993
4 981027398 981027398
4 1262825047 1262825047
4 404188521 404188521
4 908953825 908953825
4 187995493 187995493
4 1881274026 1881274026
4 1406978297 1406978297
4 1221791752 1221791752
4 398490032 398490032
4 1979873800 1979873800
4 72286602 72286602
4 10583319 10583319
4 720426219 720426219
4 1859901151 1859901151
4 238678422 238678422
4 278254942 278254942
4 1177264365 1177264365
4 503740231 503740231
4 1558098284 1558098284
4 1840257438 1840257438
4 61521763 61521763
4 1456788111 1456788111
4 1558857971 1558857971
4 602268047 602268047
4 784125260 784125260
4 305524918 305524918
4 49408806 49408806
4 1623152475 1623152475
4 805679741 805679741
4 46340593 46340593
4 585172369 585172369
4 467010338 467010338
4 1554945309 1554945309
4 1289247274 1289247274
4 1903542231 1903542231
4 643128950 643128950
4 1474662696 1474662696
4 558030973 558030973
4 560941 560941
4 607350750 607350750
4 1964021742 1964021742
4 1853720251 1853720251
4 1613174238 1613174238
4 1316846165 1316846165
4 994313107 994313107
4 486520041 486520041
4 1185272519 1185272519
4 1211879626 1211879626
4 1389426319 1389426319
4 1279422655 1279422655
4 141653210 141653210
4 1175625120 1175625120
4 876714797 876714797
4 1686009132 1686009132
5 1081623707 1081623707
5 152504440 152504440
5 1357158863 1357158863
5 1431721633 1431721633
5 716711011 716711011
5 1166502526 1166502526
5 214383821 214383821
5 849560097 849560097
5 1047559872 1047559872
5 1859481314 1859481314
5 800550195 800550195
5 1277128020 1277128020
5 1227060826 1227060826
5 1424469325 1424469325
5 1778485163 1778485163
5 1206458850 1206458850
5 1355897305 1355897305
5 1587854696 1587854696
5 373757147 373757147
5 508879219 508879219
5 1423676389 1423676389
5 671919833 671919833
5 186683756 186683756
5 1060582830 1060582830
5 540944165 540944165
5 1292182857 1292182857
5 1377802757 1377802757
5 1331117117 1331117117
5 705838658 705838658
5 735353951 735353951
5 1294858064 1294858064
5 1811884742 1811884742
5 1677239268 1677239268
5 1092334533 1092334533
5 114397684 114397684
5 1847749361 1847749361
5 1645269683 1645269683
5 532492065 532492065
5 813420184 813420184
5 1048333928 1048333928
5 886286679 886286679
5 1378785820 1378785820
5 1686202853 1686202853
5 1756241618 1756241618
5 998582903 998582903
5 1981886558 1981886558
5 817883267 817883267
5 808420822 808420822
5 242192572 242192572
5 737428879 737428879
5 1368016636 1368016636
5 1516918313 1516918313
5 33467732 33467732
5 1275023054 1275023054
5 742534256 742534256
5 648285849 648285849
5 666266104 666266104
5 1217843791 1217843791
5 940496359 940496359
5 1693073532 1693073532
5 764116418 764116418
5 112842449 112842449
5 1758126875 1758126875
5 1806205117 1806205117
5 483934534 483934534
5 611186506 611186506
5 1604124250 1604124250
5 1557971514 1557971514
5 1124847466 1124847466
5 1448614497 1448614497
5 1380598789 1380598789
5 809507142 809507142
5 656825580 656825580
5 172521974 172521974
5 300350995 300350995
5 88175400 88175400
5 1753614299 1753614299
5 645746327 645746327
5 548491150 548491150
5 1959444891 1959444891
5 1817943835 1817943835
5 1001326346 1001326346
5 404741138 404741138
5 1223818830 1223818830
5 1692461539 1692461539
5 1501693896 1501693896
5 610881363 610881363
5 677252708 677252708
5 994386752 994386752
5 1479025278 1479025278
5 1592951958 1592951958
5 803925492 803925492
5 648523154 648523154
5 276360588 276360588
5 1811178037 1811178037
5 1376649096 1376649096
5 192141835 192141835
5 449350535 449350535
5 1084115230 1084115230
5 1668205472 1668205472
