500 10000000000 100000000000
1 19875962396 602436425
1 623690080 19167157091
1 13708682541 262703496
1 628894324 12452513629
1 18023531499 450968416
1 1161735901 18903343411
1 11398908213 707723856
1 1802329210 10732998265
1 10618872217 1317063339
1 125660015 13299550917
1 18350328495 1462224592
1 191890309 10828244153
1 13047673360 404011430
1 160449217 18935268490
1 14095906073 164163675
1 1501899079 14098465541
1 19778590351 910748510
1 1470338673 13891367791
1 11981450261 180999834
1 1677959979 17193116874
1 17485863270 1208032500
1 1506147730 14100626846
1 16356126620 1298309895
1 215208398 12464520208
1 17280995026 554374431
1 47628332 15271027009
1 16676952614 1810900083
1 1087027327 12320228132
1 15458897002 1666538408
1 509928120 11856340888
1 15050331378 265804419
1 807497924 15012663075
1 14768775720 1613363437
1 1846216103 18479666675
1 16776404610 1279509805
1 1792345558 15731855132
1 14516759892 444723553
1 1026697434 17939768526
1 10756420758 751627326
1 1736386594 14237638943
1 11231868189 1417787657
1 1849129 14216163931
1 12823268064 938207957
1 206347465 13188839555
1 17749172825 1787179774
1 927999454 17981402045
1 10947646770 1174616806
1 1198091551 16523164813
1 14236215867 702179568
1 1080656953 13772688125
1 12079294522 259110880114
1 785233703686 11799896944
1 15280360437 605209550382
1 441214278326 10395087406
1 10781981232 289936333553
1 179989214957 12111675501
1 11889477470 133989248231
1 588954621185 13256659099
1 19538855492 578909664305
1 253887357564 14156817754
1 15142518178 224988670052
1 991922390943 11986689434
1 13009345774 109901347593
1 782528977370 15326978987
1 19897323585 582817020443
1 271081469525 11294115401
1 17339149426 887101430412
1 540801006699 12490173175
1 19900228016 909099958976
1 611458482217 10817057076
1 19223781882 526770179343
1 367091883220 14039940261
1 17694135131 851087104584
1 607008454496 19064321447
1 16660437640 976269122601
1 585483571449 12006459200
1 19320140583 256667480040
1 697926138238 13993041427
1 18996775660 173897273517
1 683774034433 14668870689
1 17349048652 920359911957
1 944094576456 14008590863
1 11205130493 151741452977
1 614171601999 19253887043
1 13639231038 105723473541
1 585636973764 12154404431
1 16225283009 444663851401
1 989537058698 15261118780
1 10253749863 725013801515
1 290997981495 13934827679
1 18189565963 366735514571
1 934953758357 17965215123
1 18065014013 455812053310
1 410581335844 10092166147
1 15268598696 386016497484
1 315646193559 14145064706
1 14432865692 981173401394
1 112087041107 10203820157
1 13091265217 736137832737
1 416440404979 17604969800
2 754905541 754905541
2 621852750 621852750
2 678710211 678710211
2 1871640719 1871640719
2 587344337 587344337
2 1842635739 1842635739
2 1111963315 1111963315
2 1051853973 1051853973
2 1129816175 1129816175
2 1469899875 1469899875
2 1732593736 1732593736
2 791115818 791115818
2 1698886342 1698886342
2 984611855 984611855
2 222572460 222572460
2 1635265399 1635265399
2 1633009151 1633009151
2 707998983 707998983
2 1913072645 1913072645
2 1244157604 1244157604
2 947090242 947090242
2 986313074 986313074
2 283891836 283891836
2 22451672 22451672
2 380160951 380160951
2 419646330 419646330
2 1208193080 1208193080
2 677847357 677847357
2 1111818373 1111818373
2 877489477 877489477
2 1735582307 1735582307
2 289171705 289171705
2 396941014 396941014
2 1281450236 1281450236
2 265553443 265553443
2 1338683701 1338683701
2 419053520 419053520
2 973756615 973756615
2 1119183521 1119183521
2 476275225 476275225
2 974869660 974869660
2 1660381902 1660381902
2 1109205765 1109205765
2 1719713740 1719713740
2 1601655394 1601655394
2 628417849 628417849
2 257048183 257048183
2 437108344 437108344
2 1707220554 1707220554
2 447691311 447691311
2 1771024919 1771024919
2 722244856 722244856
2 38233806 38233806
2 1503356283 1503356283
2 142420897 142420897
2 598270938 598270938
2 998816002 998816002
2 1183856470 1183856470
2 324531082 324531082
2 360751148 360751148
2 1974517487 1974517487
2 956802735 956802735
2 677762121 677762121
2 538011559 538011559
2 1955071879 1955071879
2 1831486953 1831486953
2 1375346732 1375346732
2 439139639 439139639
2 52813134 52813134
2 599291482 599291482
2 1246061777 1246061777
2 1339264126 1339264126
2 161359327 161359327
2 687984590 687984590
2 1521285804 1521285804
2 1258668369 1258668369
2 763348328 763348328
2 1571910660 1571910660
2 1022964869 1022964869
2 872179512 872179512
2 97416747 97416747
2 1413234221 1413234221
2 543082233 543082233
2 1904382192 1904382192
2 1001387005 1001387005
2 1068242546 1068242546
2 200548342 200548342
2 710482922 710482922
2 1986106313 1986106313
2 780512621 780512621
2 546078274 546078274
2 1430291403 1430291403
2 1711374092 1711374092
2 1564728236 1564728236
2 1585134835 1585134835
2 431045100 431045100
2 1621463896 1621463896
2 884238644 884238644
2 734400245 734400245
2 87425242 87425242
3 366783580 366783580
3 1468286476 1468286476
3 168626133 168626133
3 1647468696 1647468696
3 1858990762 1858990762
3 1924525651 1924525651
3 833617999 833617999
3 370156625 370156625
3 1472155516 1472155516
3 683053800 683053800
3 1051693603 1051693603
3 410751405 410751405
3 543487354 543487354
3 1617483636 1617483636
3 1183199735 1183199735
3 1447285331 1447285331
3 1220238158 1220238158
3 926551967 926551967
3 694961268 694961268
3 1144262637 1144262637
3 1582432158 1582432158
3 275205905 275205905
3 1505207874 1505207874
3 312039457 312039457
3 1377054996 1377054996
3 1245402482 1245402482
3 278609929 278609929
3 1318677656 1318677656
3 1659288150 1659288150
3 1603709545 1603709545
3 751608432 751608432
3 1548177146 1548177146
3 292855309 292855309
3 1745446304 1745446304
3 616751648 616751648
3 1748431087 1748431087
3 911816416 911816416
3 886335165 886335165
3 1325240257 1325240257
3 608441375 608441375
3 691146617 691146617
3 43222377 43222377
3 1670256635 1670256635
3 1375000113 1375000113
3 463664766 463664766
3 1173262668 1173262668
3 1644609398 1644609398
3 986067150 986067150
3 1286008472 1286008472
3 304368141 304368141
3 1330942459 1330942459
3 1514398708 1514398708
3 112154973 112154973
3 582042223 582042223
3 1586393024 1586393024
3 971728494 971728494
3 412205566 412205566
3 1226888777 1226888777
3 1868619015 1868619015
3 1396743649 1396743649
3 1876888852 1876888852
3 1043738619 1043738619
3 1829389354 1829389354
3 1721977049 1721977049
3 1985526738 1985526738
3 664015387 664015387
3 1761757719 1761757719
3 144887765 144887765
3 94257600 94257600
3 420528881 420528881
3 1637617103 1637617103
3 141418695 141418695
3 1970538554 1970538554
3 1608915962 1608915962
3 1070804969 1070804969
3 190645910 190645910
3 1439260144 1439260144
3 1102685544 1102685544
3 1806308878 1806308878
3 648474781 648474781
3 385019494 385019494
3 38573470 38573470
3 204213885 204213885
3 1138672171 1138672171
3 383439220 383439220
3 1195325622 1195325622
3 233949063 233949063
3 1978362370 1978362370
3 1626943174 1626943174
3 1738464253 1738464253
3 1596510994 1596510994
3 1944593882 1944593882
3 1381562714 1381562714
3 1039480179 1039480179
3 1556344344 1556344344
3 1623728606 1623728606
3 900896519 900896519
3 1121786702 1121786702
3 1703476262 1703476262
3 1995847724 1995847724
4 1329266180 1329266180
4 155589628 155589628
4 1902503000 1902503000
4 1297446670 1297446670
4 1724872777 1724872777
4 1216478951 1216478951
4 1948011260 1948011260
4 171108429 171108429
4 1981964502 1981964502
4 1454062405 1454062405
4 140740988 140740988
4 1601051411 1601051411
4 1396372435 1396372435
4 1555455548 1555455548
4 381260288 381260288
4 352552582 352552582
4 1465810280 1465810280
4 1449910517 1449910517
4 108639919 108639919
4 1311160782 1311160782
4 1530532284 1530532284
4 894669975 894669975
4 177893811 177893811
4 559078421 559078421
4 732809465 732809465
4 399087180 399087180
4 1763664178 1763664178
4 384881793 384881793
4 1222034245 1222034245
4 1227577146 1227577146
4 693035861 693035861
4 747492924 747492924
4 1639479497 1639479497
4 1209376907 1209376907
4 1547904580 1547904580
4 1298069612 1298069612
4 452177324 452177324
4 1968799589 1968799589
4 441114663 441114663
4 304489018 304489018
4 1211232792 1211232792
4 1545587952 1545587952
4 1509430053 1509430053
4 1164762829 1164762829
4 365177395 365177395
4 453569110 453569110
4 1222486376 1222486376
4 274400591 274400591
4 26996263 26996263
4 1641283773 1641283773
4 138583556 138583556
4 968262333 968262333
4 932280209 932280209
4 457988634 457988634
4 239127429 239127429
4 205607178 205607178
4 336104386 336104386
4 1386887355 1386887355
4 1087518568 1087518568
4 605847471 605847471
4 565677648 565677648
4 840803669 840803669
4 1540672456 1540672456
4 1828095722 1828095722
4 1891925137 1891925137
4 749254030 749254030
4 913678359 913678359
4 1638207914 1638207914
4 1834338544 1834338544
4 770924418 770924418
4 334260376 334260376
4 1703619862 1703619862
4 1940938347 1940938347
4 511519038 511519038
4 1005223395 1005223395
4 699204613 699204613
4 1246708754 1246708754
4 18125893 18125893
4 1753776227 1753776227
4 833512069 833512069
4 823623821 823623821
4 1306181904 1306181904
4 895309784 895309784
4 1420882262 1420882262
4 605691285 605691285
4 1777113736 1777113736
4 27133655 27133655
4 1020031343 1020031343
4 169764727 169764727
4 1128767884 1128767884
4 971372103 971372103
4 1173378934 1173378934
4 1323792534 1323792534
4 610824304 610824304
4 499347685 499347685
4 109705034 109705034
4 1151802599 1151802599
4 528726650 528726650
4 952556223 952556223
4 1267281786 1267281786
5 1484067265 1484067265
5 1308635081 1308635081
5 710524109 710524109
5 311597688 311597688
5 555217771 555217771
5 485542330 485542330
5 313213295 313213295
5 1053189894 1053189894
5 218875375 218875375
5 772650768 772650768
5 320880448 320880448
5 1701134797 1701134797
5 594626295 594626295
5 11717235 11717235
5 1288918504 1288918504
5 1272364917 1272364917
5 1012675626 1012675626
5 1888649866 1888649866
5 1441308943 1441308943
5 905108646 905108646
5 985218863 985218863
5 1037237758 1037237758
5 1877060701 1877060701
5 1556605448 1556605448
5 1720116655 1720116655
5 193024887 193024887
5 86981497 86981497
5 92359746 92359746
5 1625833810 1625833810
5 109005213 109005213
5 1653014029 1653014029
5 1564119037 1564119037
5 1092953023 1092953023
5 1292772120 1292772120
5 677895103 677895103
5 1250292193 1250292193
5 1837573792 1837573792
5 123156111 123156111
5 1968351288 1968351288
5 1168008854 1168008854
5 1314922395 1314922395
5 1989274283 1989274283
5 561146655 561146655
5 754052804 754052804
5 310388825 310388825
5 1785854484 1785854484
5 1664904222 1664904222
5 1519118098 1519118098
5 207278722 207278722
5 1722657650 1722657650
5 340252077 340252077
5 1292691929 1292691929
5 1050590116 1050590116
5 1629049790 1629049790
5 1659369463 1659369463
5 5725532 5725532
5 94308459 94308459
5 924486322 924486322
5 1431051888 1431051888
5 416380955 416380955
5 1428899543 1428899543
5 92921906 92921906
5 1273814230 1273814230
5 930248422 930248422
5 994067518 994067518
5 1525176793 1525176793
5 1154348795 1154348795
5 1391231486 1391231486
5 1747319245 1747319245
5 1416808050 1416808050
5 76702789 76702789
5 836573338 836573338
5 1275295747 1275295747
5 1386209663 1386209663
5 1223476014 1223476014
5 1790300263 1790300263
5 1815749173 1815749173
5 1909545652 1909545652
5 839954628 839954628
5 552754433 552754433
5 1369437706 1369437706
5 1199627643 1199627643
5 1454413865 1454413865
5 471830397 471830397
5 1818801918 1818801918
5 1031925871 1031925871
5 1111650834 1111650834
5 227647969 227647969
5 764515809 764515809
5 1474521315 1474521315
5 514705482 514705482
5 1419134632 1419134632
5 1579218006 1579218006
5 455120475 455120475
5 1201725742 1201725742
5 755058753 755058753
5 1024694359 1024694359
5 1553312272 1553312272
5 1449212720 1449212720
5 1032420494 1032420494
