500 10000000000 100000000000
1 10959368701 1772672942
1 623233646 17445003800
1 13806726394 1981818966
1 804409448 19317786025
1 19474843683 513990524
1 25659031 16350173411
1 13229680299 416270779
1 413488919 18648963385
1 15153935319 1156700084
1 229846495 15625730782
1 16665370015 1054722827
1 335791581 16526165506
1 16138659872 1799975582
1 1599018832 11329417070
1 16575756339 137709064
1 483290986 19882010004
1 11278614795 908704855
1 542079270 13026592467
1 10628790446 936844809
1 1708959591 17031153279
1 17055460390 346576461
1 1613202514 11524704476
1 11739955051 1621939064
1 292167149 12344321665
1 16070754691 858015429
1 916648953 17797926052
1 16526525612 1142632274
1 1405719309 15441958735
1 11534292016 1989452887
1 397154548 16686183174
1 17718153211 1891028649
1 1214248520 16610398688
1 10225467506 837725551
1 953673039 10338485072
1 18409235890 419108387
1 1416526358 19890846874
1 17990654653 63382476
1 480564173 13328912571
1 15339120756 1928413562
1 1911276386 10140301425
1 17815721201 1593854978
1 714924896 15734885160
1 12942552549 700666620
1 1000715530 13473778779
1 15027158518 763382010
1 38677171 18622140810
1 12541907446 1353107210
1 1548830561 13485184493
1 16519504135 1455607663
1 662905762 19403664886
1 16324391564 929921994042
1 800540908013 14720138646
1 18964168887 700963680175
1 838612293976 13219103718
1 19538417670 460469148124
1 244956560063 19105187121
1 16218069077 726469547464
1 135540438516 14046239769
1 11875585463 989554262957
1 587653591099 16923304903
1 13950228436 916593073275
1 607755589325 12891696131
1 12313881881 829421702226
1 253271052631 10878799306
1 18980561939 819080856843
1 338034224248 13601393250
1 19593709384 344815921328
1 866266874950 19353948509
1 14592963277 106492599296
1 828083054282 14170952004
1 12500330803 190139623660
1 707743313535 14289096095
1 18686191085 493793794333
1 301577643223 19436692215
1 10072146295 892850847851
1 240040088758 18707927096
1 11252827076 250856755047
1 508776027381 11925900371
1 17654994962 656733449682
1 312417325792 13945111422
1 18336017863 440083696932
1 206900921529 19827449023
1 12881555338 433323854598
1 150483645491 18937922106
1 19950947436 779063098328
1 926757708023 10002698517
1 15022948918 103188796716
1 959383876386 13461563303
1 19104912884 421169940553
1 807339210181 19769985610
1 13803293738 553374309545
1 171633441124 13721890597
1 19775737568 907637209723
1 333191732856 18316463341
1 15396092439 981840569633
1 549039015917 11558576492
1 12994067167 909505187251
1 551381087652 15106533403
1 17304416771 938098304379
1 861035720434 14584306010
2 1766189343 1766189343
2 1363423720 1363423720
2 1712670205 1712670205
2 747442052 747442052
2 825794709 825794709
2 482732476 482732476
2 1419298938 1419298938
2 1732082116 1732082116
2 1003582594 1003582594
2 987548689 987548689
2 478245570 478245570
2 744886361 744886361
2 1128590 1128590
2 1403652495 1403652495
2 1327654524 1327654524
2 1644574186 1644574186
2 1572428897 1572428897
2 1001902814 1001902814
2 457143634 457143634
2 1108631840 1108631840
2 592434083 592434083
2 1254246566 1254246566
2 280117482 280117482
2 680160419 680160419
2 1943890427 1943890427
2 1219367822 1219367822
2 1557421805 1557421805
2 1168873243 1168873243
2 199275283 199275283
2 338838592 338838592
2 1466080514 1466080514
2 1983858480 1983858480
2 1894475409 1894475409
2 1287932770 1287932770
2 1197666515 1197666515
2 113333130 113333130
2 588521502 588521502
2 1022427549 1022427549
2 283714566 283714566
2 329623248 329623248
2 1706985314 1706985314
2 674591640 674591640
2 107598917 107598917
2 934187947 934187947
2 702621700 702621700
2 1205856765 1205856765
2 1127770934 1127770934
2 1990585539 1990585539
2 477522350 477522350
2 1032811890 1032811890
2 1744311408 1744311408
2 1023464768 1023464768
2 702603481 702603481
2 296977414 296977414
2 104546513 104546513
2 344407978 344407978
2 1113301601 1113301601
2 1748489801 1748489801
2 1229007916 1229007916
2 1774415820 1774415820
2 111033898 111033898
2 1049983177 1049983177
2 285445541 285445541
2 406683293 406683293
2 222163061 222163061
2 674038983 674038983
2 601045880 601045880
2 902154119 902154119
2 808961109 808961109
2 1454995383 1454995383
2 1188264562 1188264562
2 482854890 482854890
2 1792518962 1792518962
2 1204503235 1204503235
2 1589489012 1589489012
2 1401517719 1401517719
2 518965321 518965321
2 1675081287 1675081287
2 1191235828 1191235828
2 1422240599 1422240599
2 769343528 769343528
2 38033747 38033747
2 209821310 209821310
2 517289572 517289572
2 1260277812 1260277812
2 60233006 60233006
2 1421815853 1421815853
2 774239213 774239213
2 1655063077 1655063077
2 1269597392 1269597392
2 8131637 8131637
2 32979861 32979861
2 1370187655 1370187655
2 987787365 987787365
2 179688538 179688538
2 780178418 780178418
2 1934663993 1934663993
2 1071691983 1071691983
2 1638803832 1638803832
2 633680400 633680400
3 1952230446 1952230446
3 1996625803 1996625803
3 1552660717 1552660717
3 794849102 794849102
3 1928116829 1928116829
3 54403324 54403324
3 250671043 250671043
3 1246494588 1246494588
3 467883941 467883941
3 174657777 174657777
3 1356422087 1356422087
3 66628289 66628289
3 1080381743 1080381743
3 87776658 87776658
3 1230929953 1230929953
3 1823823175 1823823175
3 595628066 595628066
3 1931623686 1931623686
3 657530872 657530872
3 1248433972 1248433972
3 1618678184 1618678184
3 1666010486 1666010486
3 1381351030 1381351030
3 1403123889 1403123889
3 1633297127 1633297127
3 1589966090 1589966090
3 729732801 729732801
3 1517503974 1517503974
3 722296072 722296072
3 1596040682 1596040682
3 1714644994 1714644994
3 1513111291 1513111291
3 778890547 778890547
3 1432510014 1432510014
3 401943905 401943905
3 817079320 817079320
3 1387443344 1387443344
3 1919521837 1919521837
3 366728710 366728710
3 1926399332 1926399332
3 1937032263 1937032263
3 1806492129 1806492129
3 1300449560 1300449560
3 1806238472 1806238472
3 533944703 533944703
3 229111168 229111168
3 501027265 501027265
3 472396076 472396076
3 791777633 791777633
3 357751091 357751091
3 1860364754 1860364754
3 1217075460 1217075460
3 910511932 910511932
3 1390338325 1390338325
3 1251916830 1251916830
3 1096828029 1096828029
3 940248112 940248112
3 150303636 150303636
3 1452598384 1452598384
3 753166283 753166283
3 1415843869 1415843869
3 1697508556 1697508556
3 455060722 455060722
3 1063039701 1063039701
3 436757157 436757157
3 1903851090 1903851090
3 79540639 79540639
3 143033530 143033530
3 262951165 262951165
3 1381395116 1381395116
3 1808315336 1808315336
3 617635658 617635658
3 1863478640 1863478640
3 520462550 520462550
3 368283023 368283023
3 1263915658 1263915658
3 1833650907 1833650907
3 1280460733 1280460733
3 1346174316 1346174316
3 1897749555 1897749555
3 35226673 35226673
3 972077508 972077508
3 856943021 856943021
3 144489266 144489266
3 1305865206 1305865206
3 618929220 618929220
3 623219695 623219695
3 1149088551 1149088551
3 1636075461 1636075461
3 412069638 412069638
3 1823910057 1823910057
3 1035182055 1035182055
3 172621772 172621772
3 933371849 933371849
3 1243100832 1243100832
3 84613372 84613372
3 1267615309 1267615309
3 88938945 88938945
3 1643093618 1643093618
3 1989060898 1989060898
4 564761646 564761646
4 734084071 734084071
4 547875274 547875274
4 407925320 407925320
4 1415640901 1415640901
4 765428377 765428377
4 1673148562 1673148562
4 701128305 701128305
4 1147165928 1147165928
4 1504524962 1504524962
4 912608955 912608955
4 163765060 163765060
4 1454868417 1454868417
4 1447026602 1447026602
4 829671661 829671661
4 1990455914 1990455914
4 962449014 962449014
4 1333803353 1333803353
4 919061456 919061456
4 1334452619 1334452619
4 413994928 413994928
4 73327446 73327446
4 149881867 149881867
4 1513158223 1513158223
4 405354007 405354007
4 846623051 846623051
4 31271495 31271495
4 1160609374 1160609374
4 33985618 33985618
4 1487903454 1487903454
4 585993004 585993004
4 1305213791 1305213791
4 1118713099 1118713099
4 856740792 856740792
4 1115969378 1115969378
4 1615608572 1615608572
4 1380129512 1380129512
4 1212044160 1212044160
4 1276780433 1276780433
4 571773659 571773659
4 1853142162 1853142162
4 13242848 13242848
4 397854816 397854816
4 887112869 887112869
4 209575089 209575089
4 1924854398 1924854398
4 512649849 512649849
4 173970945 173970945
4 1402669549 1402669549
4 307003651 307003651
4 44201414 44201414
4 1833523652 1833523652
4 1810229792 1810229792
4 1225274093 1225274093
4 137941939 137941939
4 730109698 730109698
4 75045955 75045955
4 1514632723 1514632723
4 1434816707 1434816707
4 4016087 4016087
4 1461077652 1461077652
4 714416902 714416902
4 772888576 772888576
4 1332791804 1332791804
4 1623587830 1623587830
4 147630220 147630220
4 454352135 454352135
4 1050806049 1050806049
4 206327712 206327712
4 68983580 68983580
4 1010839434 1010839434
4 1144504425 1144504425
4 255616159 255616159
4 205662307 205662307
4 1563672271 1563672271
4 485023211 485023211
4 1369886035 1369886035
4 751483587 751483587
4 405743920 405743920
4 57343537 57343537
4 629147375 629147375
4 286692561 286692561
4 1518971802 1518971802
4 649504186 649504186
4 1113689339 1113689339
4 818959573 818959573
4 450281745 450281745
4 1266511482 1266511482
4 70901971 70901971
4 315198540 315198540
4 708588073 708588073
4 1561090903 1561090903
4 118767911 118767911
4 1505000296 1505000296
4 1411705996 1411705996
4 184146860 184146860
4 125304187 125304187
4 802816140 802816140
4 210676345 210676345
4 1438901960 1438901960
5 774941770 774941770
5 1611910886 1611910886
5 1328857965 1328857965
5 290743912 290743912
5 1401795216 1401795216
5 1390002004 1390002004
5 1105444694 1105444694
5 280809198 280809198
5 768310950 768310950
5 1206508988 1206508988
5 1153700003 1153700003
5 496978818 496978818
5 829339827 829339827
5 937226053 937226053
5 1814502779 1814502779
5 143628107 143628107
5 583535840 583535840
5 1336268057 1336268057
5 1112095751 1112095751
5 1655427443 1655427443
5 259777365 259777365
5 1891549278 1891549278
5 1234528879 1234528879
5 1463071008 1463071008
5 674169914 674169914
5 983883325 983883325
5 1053016795 1053016795
5 1290078587 1290078587
5 976395191 976395191
5 1159559134 1159559134
5 520542067 520542067
5 964451756 964451756
5 1789306355 1789306355
5 456491625 456491625
5 1500474974 1500474974
5 1552295130 1552295130
5 1955396376 1955396376
5 631727877 631727877
5 321064389 321064389
5 1186161199 1186161199
5 941353804 941353804
5 711269084 711269084
5 1555975120 1555975120
5 304851153 304851153
5 21829304 21829304
5 68571924 68571924
5 978419367 978419367
5 134191081 134191081
5 969152900 969152900
5 754837718 754837718
5 663566990 663566990
5 368586375 368586375
5 1690929196 1690929196
5 41668567 41668567
5 1140482410 1140482410
5 1537024306 1537024306
5 1817079983 1817079983
5 1649841179 1649841179
5 1771951809 1771951809
5 528142217 528142217
5 1401258048 1401258048
5 1027046787 1027046787
5 335738463 335738463
5 1665412602 1665412602
5 1837902564 1837902564
5 1609948903 1609948903
5 995767139 995767139
5 1668961701 1668961701
5 230055863 230055863
5 299896209 299896209
5 1849203650 1849203650
5 560850912 560850912
5 1912559717 1912559717
5 689120449 689120449
5 165810114 165810114
5 1412885939 1412885939
5 1070251186 1070251186
5 1622878505 1622878505
5 264626561 264626561
5 1098599260 1098599260
5 524511729 524511729
5 323301488 323301488
5 1405746286 1405746286
5 1490826186 1490826186
5 1956124302 1956124302
5 1049396401 1049396401
5 702258381 702258381
5 120962084 120962084
5 198266247 198266247
5 1140823035 1140823035
5 1358763829 1358763829
5 238082881 238082881
5 805813740 805813740
5 367933393 367933393
5 1877805075 1877805075
5 4263215 4263215
5 213772901 213772901
5 276104361 276104361
5 142438183 142438183
5 1872193199 1872193199
