18 221065972249 313529403484
2 -614510821080 155790816661
4 8549581286 793022630393
2 -95556770421 51974258469
1 -856489400215 -945928778696
1 501382052964 -690798467257
2 941928376301 544114479166
2 968174049169 760026527973
3 -938515779543 908056474444
1 -96238418652 -407231991516
4 -552772287015 -483226026596
3 -784100966764 -308029674210
4 665343645467 688910191655
1 223125836521 -524383625829
4 447558992530 61484769593
3 -809766030992 687357379475
3 -834413046275 -477970952347
1 -890934810602 975408246669
1 -953676348735 175702806753
