500 1 1000000000
1 2 306762170763
1 2 329002378030
1 2 193745948760
1 2 930122797259
1 2 578887733177
1 2 225731817785
1 2 786532285291
1 2 733264973584
1 2 100630115967
1 2 822581351522
1 2 599188962939
1 2 450282648130
1 2 768315961110
1 2 256072028998
1 2 326077509527
1 2 571758482021
1 2 612502652603
1 2 717570515028
1 2 523049343706
1 2 580467364510
1 2 639102843195
1 2 495261902681
1 2 923922002930
1 2 723085437361
1 2 851970550189
1 2 736633062076
1 2 186328677384
1 2 210188705161
1 2 134670016355
1 2 239709567151
1 2 325891466767
1 2 301681847866
1 2 832412790285
1 2 720577328893
1 2 407418829319
1 2 708946228540
1 2 574131874619
1 2 19477275028
1 2 346794401481
1 2 957111647205
1 2 40364245156
1 2 408986456141
1 2 65411797378
1 2 884941364897
1 2 181033727072
1 2 758493510737
1 2 601414590684
1 2 251874265060
1 2 623365615595
1 2 563339933895
1 2 210625251940
1 2 497789678269
1 2 826023576040
1 2 984629534733
1 2 913889113413
1 2 73052154822
1 2 877135527457
1 2 908810080604
1 2 465621293116
1 2 372353064742
1 2 700172096951
1 2 678699466395
1 2 171624588385
1 2 267795034211
1 2 826654838671
1 2 611667656618
1 2 582745572326
1 2 397562297168
1 2 832405999978
1 2 621192058729
1 2 618653583460
1 2 889386347427
1 2 986502587395
1 2 265979596015
1 2 293964197253
1 2 939851521104
1 2 667269332584
1 2 331293080819
1 2 859083812221
1 2 726388369540
1 2 610534012837
1 2 617032960648
1 2 828525872554
1 2 463575566285
1 2 126977821303
1 2 939506572627
1 2 52042519647
1 2 17112020123
1 2 991739818657
1 2 491668464826
1 2 734726390179
1 2 382531090337
1 2 856480848913
1 2 603933999886
1 2 65268031225
1 2 516407218785
1 2 641877058569
1 2 651457101317
1 2 869803018347
1 2 444452902930
2 2 598996024151
2 2 300019387497
2 2 596251172893
2 2 327520288829
2 2 399211238183
2 2 554403686162
2 2 704736029648
2 2 168106286080
2 2 873231274802
2 2 101319526231
2 2 501578841086
2 2 142514174499
2 2 798459558722
2 2 235610711496
2 2 308484761022
2 2 124346725674
2 2 421259265210
2 2 284607517274
2 2 842881872020
2 2 821497702805
2 2 260775023285
2 2 786086212174
2 2 647935498087
2 2 99267728694
2 2 92758689386
2 2 863368250568
2 2 412539780006
2 2 462659975521
2 2 913361457582
2 2 155629206742
2 2 84588569288
2 2 418308222974
2 2 126087843581
2 2 396494729194
2 2 726044506265
2 2 363855936000
2 2 127059069348
2 2 236476261997
2 2 183762009120
2 2 971940400049
2 2 7404754259
2 2 163743381586
2 2 754675785356
2 2 555239233862
2 2 55990605556
2 2 475142957775
2 2 235839049544
2 2 725309163040
2 2 349799272577
2 2 69257326069
2 2 882890233450
2 2 797188558681
2 2 780107739209
2 2 462643525733
2 2 98836850897
2 2 743944285676
2 2 490151225411
2 2 856216019713
2 2 859576549663
2 2 210523409300
2 2 843227618364
2 2 237022520496
2 2 252323857846
2 2 31416303090
2 2 736180368884
2 2 492419831703
2 2 738079210187
2 2 943755388119
2 2 257899573607
2 2 268882117211
2 2 190463020677
2 2 697557322255
2 2 463902212112
2 2 808368308169
2 2 63643172851
2 2 552871307134
2 2 299191567096
2 2 353338395078
2 2 527708274756
2 2 264617854672
2 2 498455077547
2 2 759140512477
2 2 806681502983
2 2 975893993877
2 2 653236297446
2 2 877590506047
2 2 454431689734
2 2 117480643199
2 2 479012860115
2 2 883136289697
2 2 809018683899
2 2 296216868378
2 2 730127027276
2 2 193035961782
2 2 411508435667
2 2 412802652712
2 2 140248680334
2 2 823486712687
2 2 724011827891
2 2 671458722577
3 2 212502683009
3 2 52616138951
3 2 122637178599
3 2 962706352863
3 2 705563915881
3 2 998692744701
3 2 728201933364
3 2 120334215072
3 2 154912107736
3 2 354824975575
3 2 354923000691
3 2 885391335891
3 2 839047844164
3 2 777800130244
3 2 494897873004
3 2 45786877351
3 2 204797649404
3 2 649565010522
3 2 45000420231
3 2 54787375572
3 2 833882402505
3 2 750169779860
3 2 185845206317
3 2 682380092255
3 2 752687466348
3 2 136784058835
3 2 657723569332
3 2 636120007432
3 2 992657038079
3 2 945651727539
3 2 466882136850
3 2 861692461362
3 2 87936561313
3 2 126576087121
3 2 923201186620
3 2 251009848067
3 2 384808548776
3 2 97721368258
3 2 802235340095
3 2 757213728883
3 2 862106633026
3 2 192180080366
3 2 312703549656
3 2 533476368725
3 2 418150745516
3 2 292886805950
3 2 526857379437
3 2 525987001673
3 2 451824228140
3 2 476060412224
3 2 892718788466
3 2 142967825035
3 2 928208606643
3 2 620425550714
3 2 452958622209
3 2 1993872009
3 2 2707245211
3 2 881002190100
3 2 443185831710
3 2 491287886774
3 2 714822030241
3 2 649259536828
3 2 19635708284
3 2 850027951938
3 2 252699534094
3 2 115905332787
3 2 944681463738
3 2 742040275023
3 2 719233862346
3 2 842526677998
3 2 229248999329
3 2 850553418545
3 2 434903516062
3 2 812710903920
3 2 845088751754
3 2 848962628016
3 2 292627031698
3 2 257157745539
3 2 885951232392
3 2 205794339275
3 2 825750679377
3 2 207643317836
3 2 705024194746
3 2 680270419100
3 2 233825788930
3 2 117517358833
3 2 881520066496
3 2 47051086465
3 2 763099630222
3 2 75701888721
3 2 123050935187
3 2 508882230140
3 2 549625635227
3 2 123917166789
3 2 533396321533
3 2 545989722006
3 2 192601829047
3 2 926085689586
3 2 55455377858
3 2 406147449298
4 2 121967154254
4 2 580560374312
4 2 234580724803
4 2 288400668496
4 2 63424476356
4 2 660984678546
4 2 919114593916
4 2 322447331857
4 2 720918175969
4 2 700225804140
4 2 913791388709
4 2 816672570194
4 2 141170774846
4 2 167921348828
4 2 102731817436
4 2 889790634405
4 2 70179404445
4 2 675750283379
4 2 66034142725
4 2 516977548650
4 2 48587188116
4 2 583576135730
4 2 753467375103
4 2 236275155590
4 2 879578287895
4 2 373117999101
4 2 340488411958
4 2 238913927320
4 2 603397543277
4 2 193780114942
4 2 998742468304
4 2 334035641898
4 2 71765943205
4 2 737715069018
4 2 969360639122
4 2 328102503578
4 2 774353962505
4 2 183108917387
4 2 944742976827
4 2 688049830961
4 2 602081860875
4 2 269058440497
4 2 513107919801
4 2 969982435072
4 2 811344284649
4 2 725261045455
4 2 107900815038
4 2 379923291738
4 2 608301656823
4 2 148057326653
4 2 686183914616
4 2 10802915461
4 2 377145999214
4 2 124154567845
4 2 143380136506
4 2 759524499008
4 2 790732008955
4 2 881615868625
4 2 278209611797
4 2 653556713918
4 2 738166271980
4 2 974425533961
4 2 12345627499
4 2 328090705032
4 2 243868469051
4 2 552135671935
4 2 403221040685
4 2 717351433610
4 2 341258359965
4 2 586761705852
4 2 949540416061
4 2 579176350734
4 2 161580191339
4 2 14226794174
4 2 601396561861
4 2 333465106632
4 2 326453734392
4 2 116255402349
4 2 880450606415
4 2 854564616614
4 2 122537037408
4 2 650685735406
4 2 532415886588
4 2 266081645675
4 2 811200127614
4 2 148708822758
4 2 145084419386
4 2 482013491028
4 2 883343448726
4 2 529548986183
4 2 271353086424
4 2 258452673409
4 2 999445157598
4 2 699575592821
4 2 675142345680
4 2 737457246187
4 2 883594375195
4 2 48780989486
4 2 459756333822
4 2 61981495178
5 2 434655470376
5 2 852972056332
5 2 2106732053
5 2 423034573218
5 2 889817658448
5 2 432904721884
5 2 817316106066
5 2 61475654252
5 2 963611284945
5 2 510941884095
5 2 704527080295
5 2 81064392959
5 2 486017927606
5 2 673633668399
5 2 764274883623
5 2 657563783152
5 2 236565931237
5 2 978907754313
5 2 208529338010
5 2 143840452480
5 2 338286979348
5 2 754314028798
5 2 160480127345
5 2 816023182814
5 2 786110570593
5 2 363993415669
5 2 31325900067
5 2 546865805964
5 2 434695231009
5 2 266735222863
5 2 414733066971
5 2 439514044033
5 2 35833756586
5 2 991650013513
5 2 880253788390
5 2 591898341906
5 2 735429285633
5 2 759617718435
5 2 473835881797
5 2 477966378295
5 2 765615511898
5 2 341770042750
5 2 219618704249
5 2 93928135264
5 2 927890219962
5 2 427836748474
5 2 432489202946
5 2 937615907411
5 2 891146316041
5 2 192222785348
5 2 176371713193
5 2 98958344771
5 2 227217805524
5 2 970190174177
5 2 779942495857
5 2 195434807800
5 2 586010076739
5 2 975494469583
5 2 938396547488
5 2 710209965156
5 2 410455132329
5 2 739269425262
5 2 534049914939
5 2 274453625762
5 2 89421680583
5 2 551867120720
5 2 3934219088
5 2 803122236293
5 2 537318733808
5 2 504742094433
5 2 760133258440
5 2 8220237474
5 2 753458352338
5 2 868319347341
5 2 907422830962
5 2 663269309269
5 2 32288883333
5 2 449104484430
5 2 241805292973
5 2 230392073095
5 2 155375172712
5 2 248083055763
5 2 331779645031
5 2 839064562138
5 2 79485049290
5 2 231713049546
5 2 290654993760
5 2 420207754143
5 2 322344155104
5 2 254539180179
5 2 688902795401
5 2 740873485382
5 2 524541290893
5 2 220653201005
5 2 966447516062
5 2 450333998907
5 2 413707104786
5 2 378886517802
5 2 594920055153
5 2 767906269224
