500 1000000000000 1000000000000
1 -539841739479 50877914574
1 116602436425 -259975020556
1 -882138351229 162623690080
1 -345566066554 -383523809372
1 26262703496 -876788952799
1 -415028592226 -337371105676
1 -971268036019 -226177195217
1 -449549031584 49430302155
1 58982631931 29161735901
1 -258119104273 -395076921464
1 -517292276144 -268810669262
1 -198089713083 -60197670790
1 11404539678 -903696761495
1 -262682936661 -96507313433
1 -567226638133 -383874339985
1 -951349712061 -889160703738
1 -224537775408 -48507398552
1 -647615163010 -865808109691
1 -656423176646 -718217822933
1 20404011430 -500181991421
1 -816045708244 -533839550783
1 4155374933 164840594327
1 -769835836325 -65202170646
1 -923861003780 -108498100921
1 -89646804079 545531544
1 -351089251490 154350034066
1 -933086424534 -380529661327
1 -707175715310 -330466793497
1 -765819000166 198031262033
1 -293861655036 191677959979
1 -691868618780 -596153954106
1 -18791967500 -345653051849
1 28973708324 -378493852270
1 -183106770699 -186183751848
1 -604701690105 -66962880979
1 -963544202512 62215208398
1 -391809129394 -22810233535
1 24554374431 -73862168499
1 -64305946033 -789952371668
1 -792530812526 -894590766209
1 -400189099917 -627111012991
1 -539200020307 -860912972673
1 115575207353 2421624711
1 39666538408 -688128783521
1 41597902642 -665490071880
1 -474272248050 -857985276509
1 -541734195581 -984430671804
1 -136765171394 -775192502076
1 -134639527834 -920462439284
1 193613363437 -551110910801
1 187741106985 -444153783897
1 -272674023518 53076823619
1 -454720490195 86242790880
1 -469990323143 -308207654442
1 -394677943448 -811367511499
1 -831555276447 158070422961
1 -970972827676 -208973302566
1 -198959690722 -244007879537
1 -553248372674 -945500517452
1 -837722570169 -86263613406
1 -98528291801 -370059221281
1 -554582212343 74306890638
1 -507751210009 130001849129
1 -976796773534 -124327701012
1 -389061792043 53331602580
1 58313746599 -379793652535
1 -522135338528 -964850188072
1 -626212820226 -441683587420
1 -990196810231 -953072000546
1 -728883616283 -542558495373
1 -736825383194 -983326580666
1 -40625718103 -536801908449
1 24286986529 -96400284190
1 -459297820432 24441414147
1 -42472996617 -132919343047
1 102893508912 -840889119887
1 -897480783686 -914766296315
1 -34629310667 -494790449619
1 50846701391 -58785721675
1 -848425328993 89936333552
1 -797110729039 -20010785044
1 -7878485151 -966010751770
1 -986064577940 -811045378816
1 -439780628413 -521090335696
1 -345605997021 -546112642437
1 -284682558111 -275011329949
1 -677585931254 -708077609058
1 -546932818261 -990098652408
1 -584397712532 -617471022631
1 -89616387485 82817020442
1 -548246603994 -228918530476
1 -671916996702 -212898569589
1 73092357162 -259198993302
1 -249681136430 -790900041025
1 -818741612546 111458482216
1 -720030206411 -273229820658
1 -145286885574 -432908116781
1 -891926858659 -248912895417
1 -280807115762 107008454495
1 -652672034126 -723730877400
2 -827798268743 -814516428552
2 -260567556624 -843332519961
2 -995356462573 -402073861763
2 -650331827546 -926102726484
2 -165189028348 -116225965568
2 157675811767 120359911956
2 -165217672694 -155905423545
2 41661126877 -948258547024
2 -950557954633 -185828398002
2 -966320145119 -694276526460
2 -257076628175 -514363026237
2 -3604056732 -355336148600
2 175955122097 -410462941303
2 -809139923238 -974986198486
2 -65149614588 -209002018506
2 -601380303478 -133264485430
2 -171954519795 134953758356
2 -91083554097 -944187946691
2 -379553478591 -389418664157
2 -653991652390 -713983502517
2 -765059909591 -484353806442
2 -505279350739 -418826598607
2 110588958948 -387912958894
2 -916423231455 -363862167264
2 -731978802014 -383559595022
2 -728278977695 -549250005316
2 -927750410710 -583245094459
2 -933532813459 -159631200867
2 -689187188907 -235378147250
2 -55871207912 -781354989103
2 -379612764272 -551321289789
2 -863159170037 33318238296
2 -800842358178 171871640719
2 -378971584704 -677658117721
2 -481110295084 -795412655663
2 -338724872825 -204558201818
2 147534407964 -262157364261
2 -474183646460 -479054170446
2 168467510002 177111963315
2 -101542481745 -648930933988
2 -524614162390 197051853973
2 -297565345070 -975854597977
2 -162392530392 -354870183825
2 -897887299697 -374649108850
2 -320106715802 -688530100125
2 -921108331176 -665260831108
2 -565695746062 -234267406264
2 -306477055627 -775897661678
2 -557884123155 -117208884182
2 -16809918847 -287042834844
2 -222860019187 -846301113658
2 -927963428115 153452291196
2 -20355196901 -189015388145
2 -774818908292 -565976046122
2 -688359184522 -455777427540
2 -614343356987 130531569122
2 -810987270257 -92364734601
2 177327847093 -371407570554
2 -882503640981 115633009151
2 -813808226038 -743132020327
2 -955443902172 158707998983
2 -398923180071 -18179414679
2 -520864893336 -612086927355
2 -289687930616 162047739190
2 -289308368648 21244157604
2 -834701902891 -957031625548
2 -245183986645 -91052909758
2 -830257072307 -624063468147
2 -421673847704 -653013686926
2 -63152400170 -434409109027
2 -908658291281 148283891836
2 170672470694 -952102990156
2 -895261412847 -415977548328
2 -492033504695 -770977612136
2 -938225174477 -889619839049
2 -360564588770 -846781084672
2 -943985497648 -763580353670
2 -330679574309 -975245351974
2 -327116336588 -892791806920
2 -309131821563 -846593234938
2 -647532430143 -301322152643
2 -438783929735 -269613852200
2 -415494773906 -836888181627
2 -850593735194 -612766894950
2 -420347155133 -747122510523
2 -446673270192 -232095688697
2 61746167006 -14264417693
2 -532819697009 -525254835502
2 -820459950351 -659710828295
2 25301768398 -783465022179
2 -902982506303 -793603058986
2 -718291493620 -910026132734
2 124873242281 -282718549764
2 -991680502882 -386603163890
2 -14521460075 -39734446557
2 -224475440213 155994309825
2 -431264200057 1338683701
2 -378901228113 -777033123057
2 -405023834346 -795580946480
2 -456139605512 -92486433055
3 -246250638870 -763026243385
3 150003142444 -640660298347
3 -595435205567 -352880816479
3 -774097465151 5644322682
3 -377653197459 -7523724775
3 -46421019260 -582167897515
3 90273526100 156974869660
3 -91384191469 -35070123040
3 108851363567 -882339618098
3 -962019949725 -868252685243
3 -931318610229 -384890794235
3 -857626796742 -221646546777
3 -998374594165 -628280286260
3 -355109807947 -159118010983
3 -325494923676 -464398344606
3 72016266948 -254883434076
3 -755858574945 90628417849
3 -355842913623 -264262367290
3 -568812530918 -727742951817
3 -599964430211 -216129447442
3 -613688544056 -713562891656
3 -221192219733 -960504087679
3 -450425292500 -406292779446
3 -303211801229 -680268338216
3 10792456674 132447691311
3 -455454301336 -294495567680
3 151771024919 -522399246305
3 -28607017485 -97277755144
3 -587919492852 -57342149053
3 -459961766194 -973166555466
3 -803037378410 -24496643717
3 -734047436919 -177447648733
3 184142420897 43242483673
3 -544382599160 24598270938
3 -946726680408 -210571736284
3 -125001183998 -644126443667
3 -938956727233 99183856470
3 -215083719036 -734562318880
3 -317675468918 63649059102
3 -91800287635 -675639248852
3 -555294974269 20463175775
3 -170025482513 -603889757763
3 -744828196937 -205043197265
3 -569703573228 -812926321931
3 -325322237879 -769820978727
3 -852068103369 -821461988441
3 -496259062546 137369094747
3 93955071879 -265143523940
3 -702591484112 -566168513047
3 -723098594681 186418102033
3 -100624653268 -123562373656
3 -870987148911 -911560860361
3 -475717911789 -454360566284
3 -245947186866 -924627091790
3 -208281082964 -867400708518
3 -769112017857 -523618511333
3 -198753938223 -819594299745
3 -743776595656 -122660735874
3 -181681763603 -124871901193
3 -917838640673 -644098014243
3 -612215085435 -319312015410
3 -922733223630 194168476075
3 -718478714196 -23552495037
3 -167501790722 -714741331631
3 174595943308 -201784009560
3 -543236651672 -84770881876
3 -54373196572 -864428089340
3 -518897284760 -174903678835
3 -120977035131 -388356330607
3 -844471445687 -869127820488
3 -947371789100 -661980037314
3 -901902583253 58585936613
3 -352258170036 -790586765779
3 -8770058879 -209452024253
3 148543082233 -677156351690
3 -464156497004 -778095617808
3 -340006780163 -198085596829
3 -22998612995 -525368179198
3 -251470786290 151068242546
3 -970986470865 -748427314559
3 -631799451658 -345106086570
3 54575037419 -641289517078
3 -84780914158 -643910546762
3 143986106313 -772024822098
3 177999698900 -599219487379
3 -730810811466 -356631654224
3 -789453921726 -912876626680
3 177318712176 -834569708597
3 -980938073740 -670693167029
3 -378288625908 82988188746
3 -637098718439 -920435271764
3 -266446108303 -597255235730
3 73585134835 -740536979497
3 -770701580581 -429568954900
3 151943974742 -501111364568
3 -266378536104 -836431288724
3 -518799991891 -523115761356
3 152518449486 -932086386677
3 -893265599755 -983979346112
3 -91622334477 -901912574758
4 -675145335743 23360117960
4 -15806381612 -427633216420
4 -645923499212 -178223685382
4 -648843355313 13468286476
4 -312045386102 -53428715976
4 -882773690088 -973831373867
4 -65816308081 -420416766822
4 -877220548936 7647468696
4 -599347805274 89159251050
4 -56769602295 -312141009238
4 -121497117501 -953189277530
4 -801624708933 -144075474349
4 -754386526735 -791673921151
4 -327788379949 -849166382001
4 -201181413682 173822365410
4 -264739875545 -833629843375
4 -185097776886 -380516222237
4 -759360078621 -640527844484
4 -812440916244 -727957560237
4 -28543939322 -909316946200
4 -964653991475 -100826040011
4 -713935307034 -186948306397
4 -811803719526 -706108667585
4 -78168209752 -605589248595
4 -36486117802 -207995713444
4 -483418261047 -803456512646
4 5045411990 184353546538
4 -240367483496 111617483636
4 -637695924733 -700153071747
4 -857469028935 -974816800265
4 -679782689573 -267576345894
4 -512079263069 -532552714669
4 109108156785 -932506687235
4 -535701127133 -134779761842
4 112179125417 -249228050349
4 -892357000233 -701073448033
4 -772155260291 -490623860096
4 -709876393036 -807305038732
4 -918566299526 -585076021541
4 -400021603199 -334855737363
4 -983491095485 -684444050195
4 -536985816999 -262417567842
4 89063326221 -445030285578
4 -683276030675 -303724794095
4 158963696418 -398254361496
4 106398374720 -822494792126
4 -265259156386 -983079140246
4 -160018314327 -57687960543
4 -326221351755 -412085118890
4 72805736148 -66622945004
4 -188555312213 -794797289925
4 -399703098623 -528754597518
4 24862773210 -771389392037
4 -905092787516 -639721390071
4 -577292321424 -193335214418
4 -646064923773 31318677656
4 -90190934866 132603896670
4 -727551757316 -926340711850
4 -176080934806 -348207508663
4 -382279812420 -990396290455
4 -921244810098 -698177431165
4 -871492922200 -689248391568
4 74999262358 -871387188015
4 -731185052808 45548177146
4 -646360251882 -670987077074
4 -352372118473 -617707144691
4 -423504770254 -236769130678
4 -699998171707 -506254553696
4 -924171882203 -662321060602
4 -924566706347 -183383248352
4 -484613574981 -599147169287
4 147747368687 -928251568913
4 -390167892266 -139694789394
4 -925816555537 -185088183584
4 -238423639316 -415396833436
4 -11259844220 6886335165
4 60846414215 -794463664116
4 144679118130 -958674759743
4 -682643317564 -541869943473
4 -847024767664 -611391558625
4 -718159093547 -907824332858
4 26471709579 -621308853383
4 -470320399745 -742178437952
4 147242260321 120043222377
4 -710102911588 162464293055
4 -287422128985 -810329743365
4 -715261402213 -162922012165
4 -487126457852 -484624999887
4 -286650951173 -240565523747
4 -442103173260 -507536335234
4 -231281409837 -716731882363
4 -365802335035 -364826737332
4 -337141591731 -266241351355
4 -852958015459 -902355390602
4 -850006940633 -395443450076
4 -673181178766 104986067150
4 -834459979727 -27942495651
4 -868773830640 -296713991528
4 -442445358895 -690940125219
4 -343854755049 -121695631859
5 -78817923966 -864667332664
5 -676669057541 -216298651942
5 74935604048 -8485601292
5 -876153643006 -485924205154
5 -445887845027 -467055497620
5 -532964446775 -543417957777
5 154674323808 -696085335058
5 -58413606976 -516229218474
5 -817830151391 -111028271506
5 -135474767703 85700264654
5 -851587794434 -56506504303
5 -356043914211 -288773111223
5 -434299130006 -490670630093
5 -374131380985 -399431887701
5 -955872457368 -380603256351
5 -432293577689 -932038554419
5 -146123111148 -770033183904
5 -810157771120 -172956261381
5 -998042233574 -494036026076
5 -934170610646 -201917434761
5 -248711124931 -62278022951
5 -306508175823 -532643961868
5 -634014473262 -826515259682
5 -996245115468 -81335984613
5 -653640800702 -432671344443
5 -290238242281 127869370121
5 -403361729140 -661855112235
5 -94799444079 -678713258545
5 -393905742400 -121967381624
5 -734496139857 -309579471119
5 -251775271035 -195981011955
5 49637617103 2186508008
5 -816843583852 -593858581305
5 -251093507674 -665478552416
5 -66029461446 -342639713588
5 -41814595142 -422391084038
5 -770992141862 79232543590
5 -888929195031 -328587401141
5 -417847382167 -787809354090
5 -370938973727 -938762105125
5 -788560739856 -908955166324
5 -836153757787 -76897314456
5 -346419958258 -88877469392
5 -564193691122 -623941812064
5 -510949746061 186648474781
5 -816565195448 -962974128470
5 -987614980506 -842548953184
5 -543583993007 -937961426530
5 -796477491136 -247927497411
5 126204213885 -955137788408
5 -634673812497 -578861327829
5 31522581492 -532349841047
5 -911616560780 -373328541869
5 127249003059 -488804674378
5 -240090789019 -534262395820
5 -451766050937 -548655956265
5 47104384364 -894021637630
5 -426470112107 -663446755543
5 -544373056826 -882223158045
5 119132612309 167738464253
5 -640085408572 -18093723727
5 -156403489006 -15168702185
5 -763512669875 -250055406118
5 -538341615637 -474502493649
5 -866618437286 -195156580861
5 -418583370666 173039480179
5 -106975637639 -967816672127
5 -498443655656 -110009851389
5 -502277611956 95623728606
5 188344216653 -483493392780
5 -155099103481 -658089434790
5 -46827335194 -574878213298
5 -724439013388 43706952551
5 -602296523738 -99640705650
5 -310337981710 -514004152276
5 -320749291227 -736359370459
5 23354694642 125329266180
5 -758067636659 -749474438282
5 -556100980871 -265844410372
5 88484873952 198195400156
5 -362629183198 -820097497000
5 165361853039 -663886651358
5 44369101337 -752702553330
5 -707912195228 -435458639095
5 -304312406112 -546275127223
5 -825222632070 -579911083323
5 -550580244082 -194783521049
5 -138587921345 -372749069952
5 -688116166454 -332051988740
5 -637111422567 -167562219050
5 -967520432683 -537828891571
5 -164991132610 -364243556008
5 -297553322178 -370018035498
5 -571377988038 -302374417655
5 -586425475029 -376545937595
5 112207743853 -536974669340
5 -295062556970 6140740988
5 -737764444150 -540772121773
5 -245670634738 -816398948589
5 -371600822502 -391868810823
