500 10 100000000
1 10 586558260522
1 112877914575 10
1 10 89202436426
1 448224979445 10
1 10 512161648772
1 469423690081 10
1 10 377933933447
1 155476190629 10
1 10 420062703497
1 332711047202 10
1 10 524471407775
1 909028894325 10
1 10 332131963982
1 695322804784 10
1 10 311750968417
1 460930302156 10
1 10 891682631932
1 876561735902 10
1 10 177680895728
1 57823078537 10
1 10 476807723857
1 109389330739 10
1 10 184610286918
1 79502329211 10
1 10 357504539679
1 545203238506 10
1 10 461117063340
1 658492686568 10
1 10 857373361868
1 429325660016 10
1 10 438150287940
1 146339296263 10
1 10 262862224593
1 375292601449 10
1 10 620384836991
1 418391890310 10
1 10 146576823355
1 542882177068 10
1 10 310704011431
1 728218008580 10
1 10 931054291757
1 381660449218 10
1 10 79055374934
1 354640594328 10
1 10 464864163676
1 568597829355 10
1 10 870638996221
1 537001899080 10
1 10 373453195922
1 438745531545 10
1 10 607010748511
1 466550034067 10
1 10 254813575467
1 856570338674 10
1 10 211624284691
1 599133206504 10
1 10 16480999835
1 827031262034 10
1 10 715538344965
1 881577959980 10
1 10 90731381221
1 959546045895 10
1 10 927908032501
1 400346948152 10
1 10 999673708325
1 883206147731 10
1 10 973293229302
1 980716248153 10
1 10 476398309896
1 789137119022 10
1 10 548655797489
1 156315208399 10
1 10 774790870607
1 446889766466 10
1 10 133954374432
1 817337831502 10
1 10 537394053968
1 387147628333 10
1 10 921569187475
1 894809233792 10
1 10 414810900084
1 588688987010 10
1 10 359199979694
1 459587027328 10
1 10 837575207354
1 775121624712 10
1 10 569966538409
1 788971216480 10
1 10 843997902643
1 994609928121 10
1 10 214127751951
1 29914723492 10
1 10 368965804420
1 936369328197 10
1 10 605334828607
1 927507497925 10
1 10 221060472167
1 880937560717 10
1 10 5413363438
1 712389089200 10
2 0 0
2 0 0
2 0 0
2 0 0
2 0 0
2 0 0
2 0 0
2 0 0
2 0 0
2 0 0
2 0 0
2 0 0
2 0 0
2 0 0
2 0 0
2 0 0
2 0 0
2 0 0
2 0 0
2 0 0
2 0 0
2 0 0
2 0 0
2 0 0
2 0 0
2 0 0
2 0 0
2 0 0
2 0 0
2 0 0
2 0 0
2 0 0
2 0 0
2 0 0
2 0 0
2 0 0
2 0 0
2 0 0
2 0 0
2 0 0
2 0 0
2 0 0
2 0 0
2 0 0
2 0 0
2 0 0
2 0 0
2 0 0
2 0 0
2 0 0
2 0 0
2 0 0
2 0 0
2 0 0
2 0 0
2 0 0
2 0 0
2 0 0
2 0 0
2 0 0
2 0 0
2 0 0
2 0 0
2 0 0
2 0 0
2 0 0
2 0 0
2 0 0
2 0 0
2 0 0
2 0 0
2 0 0
2 0 0
2 0 0
2 0 0
2 0 0
2 0 0
2 0 0
2 0 0
2 0 0
2 0 0
2 0 0
2 0 0
2 0 0
2 0 0
2 0 0
2 0 0
2 0 0
2 0 0
2 0 0
2 0 0
2 0 0
2 0 0
2 0 0
2 0 0
2 0 0
2 0 0
2 0 0
2 0 0
2 0 0
3 0 0
3 0 0
3 0 0
3 0 0
3 0 0
3 0 0
3 0 0
3 0 0
3 0 0
3 0 0
3 0 0
3 0 0
3 0 0
3 0 0
3 0 0
3 0 0
3 0 0
3 0 0
3 0 0
3 0 0
3 0 0
3 0 0
3 0 0
3 0 0
3 0 0
3 0 0
3 0 0
3 0 0
3 0 0
3 0 0
3 0 0
3 0 0
3 0 0
3 0 0
3 0 0
3 0 0
3 0 0
3 0 0
3 0 0
3 0 0
3 0 0
3 0 0
3 0 0
3 0 0
3 0 0
3 0 0
3 0 0
3 0 0
3 0 0
3 0 0
3 0 0
3 0 0
3 0 0
3 0 0
3 0 0
3 0 0
3 0 0
3 0 0
3 0 0
3 0 0
3 0 0
3 0 0
3 0 0
3 0 0
3 0 0
3 0 0
3 0 0
3 0 0
3 0 0
3 0 0
3 0 0
3 0 0
3 0 0
3 0 0
3 0 0
3 0 0
3 0 0
3 0 0
3 0 0
3 0 0
3 0 0
3 0 0
3 0 0
3 0 0
3 0 0
3 0 0
3 0 0
3 0 0
3 0 0
3 0 0
3 0 0
3 0 0
3 0 0
3 0 0
3 0 0
3 0 0
3 0 0
3 0 0
3 0 0
3 0 0
4 0 0
4 0 0
4 0 0
4 0 0
4 0 0
4 0 0
4 0 0
4 0 0
4 0 0
4 0 0
4 0 0
4 0 0
4 0 0
4 0 0
4 0 0
4 0 0
4 0 0
4 0 0
4 0 0
4 0 0
4 0 0
4 0 0
4 0 0
4 0 0
4 0 0
4 0 0
4 0 0
4 0 0
4 0 0
4 0 0
4 0 0
4 0 0
4 0 0
4 0 0
4 0 0
4 0 0
4 0 0
4 0 0
4 0 0
4 0 0
4 0 0
4 0 0
4 0 0
4 0 0
4 0 0
4 0 0
4 0 0
4 0 0
4 0 0
4 0 0
4 0 0
4 0 0
4 0 0
4 0 0
4 0 0
4 0 0
4 0 0
4 0 0
4 0 0
4 0 0
4 0 0
4 0 0
4 0 0
4 0 0
4 0 0
4 0 0
4 0 0
4 0 0
4 0 0
4 0 0
4 0 0
4 0 0
4 0 0
4 0 0
4 0 0
4 0 0
4 0 0
4 0 0
4 0 0
4 0 0
4 0 0
4 0 0
4 0 0
4 0 0
4 0 0
4 0 0
4 0 0
4 0 0
4 0 0
4 0 0
4 0 0
4 0 0
4 0 0
4 0 0
4 0 0
4 0 0
4 0 0
4 0 0
4 0 0
4 0 0
5 0 0
5 0 0
5 0 0
5 0 0
5 0 0
5 0 0
5 0 0
5 0 0
5 0 0
5 0 0
5 0 0
5 0 0
5 0 0
5 0 0
5 0 0
5 0 0
5 0 0
5 0 0
5 0 0
5 0 0
5 0 0
5 0 0
5 0 0
5 0 0
5 0 0
5 0 0
5 0 0
5 0 0
5 0 0
5 0 0
5 0 0
5 0 0
5 0 0
5 0 0
5 0 0
5 0 0
5 0 0
5 0 0
5 0 0
5 0 0
5 0 0
5 0 0
5 0 0
5 0 0
5 0 0
5 0 0
5 0 0
5 0 0
5 0 0
5 0 0
5 0 0
5 0 0
5 0 0
5 0 0
5 0 0
5 0 0
5 0 0
5 0 0
5 0 0
5 0 0
5 0 0
5 0 0
5 0 0
5 0 0
5 0 0
5 0 0
5 0 0
5 0 0
5 0 0
5 0 0
5 0 0
5 0 0
5 0 0
5 0 0
5 0 0
5 0 0
5 0 0
5 0 0
5 0 0
5 0 0
5 0 0
5 0 0
5 0 0
5 0 0
5 0 0
5 0 0
5 0 0
5 0 0
5 0 0
5 0 0
5 0 0
5 0 0
5 0 0
5 0 0
5 0 0
5 0 0
5 0 0
5 0 0
5 0 0
5 0 0
