2214 3759
0 1 979445 66313
0 2 933447 934859
0 3 47202 745640
0 4 963982 985938
1 5 302156 18705
3 6 895728 423601
2 7 330739 805973
2 8 539679 734005
7 9 686568 163215
5 10 287940 561497
10 11 601449 236906
9 12 823355 865879
1 13 8580 71236
11 14 374934 590560
5 15 829355 63466
7 16 195922 522856
6 17 34067 725662
15 18 284691 802199
18 19 262034 928487
19 20 381221 98973
2 21 948152 702288
4 22 229302 95635
4 23 119022 263578
14 24 870607 435725
6 25 831502 869669
20 26 187475 825600
19 27 987010 359105
27 28 207354 87141
28 29 216480 8144
10 30 751951 503999
1 31 328197 158732
4 32 472167 286586
8 33 89200 840300
15 34 976483 185172
15 35 790881 644158
34 36 56553 826079
7 37 422962 705919
12 38 309279 703282
2 39 482549 640309
34 40 708200 397162
11 41 890639 944914
33 42 226467 485636
42 43 602581 260025
13 44 661473 28221
34 45 412581 743819
28 46 383718 611486
0 47 419335 680907
31 48 986530 589781
37 49 414148 466179
3 50 508913 71889
20 51 703686 627251
9 52 701392 832975
24 53 333553 444019
24 54 514850 895063
50 55 621185 216522
32 56 2980 176923
10 57 670052 220121
50 58 181740 832896
53 59 977370 165016
42 60 396007 898048
35 61 430412 505904
0 62 863571 225294
26 63 482217 173729
14 64 114427 489118
51 65 104584 250672
33 66 965875 36405
51 67 571449 626971
59 68 537428 751605
32 69 273517 757850
12 70 811768 556824
2 71 576456 845176
24 72 45368 175765
71 73 473541 118568
53 74 943269 97643
72 75 58698 149165
18 76 385413 712084
9 77 514571 454810
24 78 445904 305737
21 79 335844 599084
43 80 90410 843001
15 81 401394 899744
60 82 768546 243591
39 83 404979 183463
12 84 589291 407692
1 85 799134 516043
66 86 792089 318882
65 87 710212 865179
16 88 641823 129722
78 89 882280 17189
47 90 127176 846324
55 91 635740 420854
30 92 510003 151204
79 93 66013 576814
27 94 654931 449307
78 95 816176 127676
78 96 284199 478098
90 97 168893 684873
0 98 944374 745890
94 99 115819 600728
56 100 980814 483490
67 101 291197 799795
65 102 91709 887648
71 103 572461 84790
26 104 729744 898882
98 105 429447 880229
73 106 773963 86617
54 107 998984 966080
37 108 106665 120347
75 109 739191 882354
44 110 97110 6267
36 111 90243 898433
77 112 152297 447426
97 113 890974 966924
86 114 470695 308170
88 115 451673 574311
80 116 825524 408292
104 117 915329 719142
2 118 425692 826422
103 119 193081 46933
102 120 569858 735924
9 121 147801 883896
23 122 264807 131600
122 123 489478 933972
19 124 167007 918690
116 125 164499 274892
5 126 768399 241903
81 127 941015 731020
2 128 242282 696691
54 129 836111 500767
53 130 559788 930788
58 131 683702 174872
91 132 165655 490244
61 133 566946 811147
93 134 142445 238788
113 135 183522 245663
50 136 802542 190836
133 137 102486 313801
74 138 808532 173818
63 139 381903 528330
57 140 389772 545700
16 141 453224 52818
66 142 192054 787894
72 143 655395 214762
4 144 425056 673492
72 145 632711 18583
15 146 569790 972326
32 147 108345 819878
137 148 707501 167658
124 149 661785 664243
61 150 698665 631226
55 151 753696 2783
80 152 507149 705403
120 153 444535 4961
149 154 563082 653402
22 155 483674 972314
94 156 319593 325135
36 157 556334 758868
58 158 280965 130147
110 159 59103 827424
108 160 25732 236530
25 161 242238 72512
77 162 426773 161371
35 163 21274 699828
159 164 937455 985348
139 165 476061 828838
163 166 405320 796151
126 167 626345 961589
111 168 88212 522856
167 169 908211 201545
162 170 982144 112054
151 171 700256 573881
6 172 236398 960549
88 173 985758 58951
82 174 776371 721127
154 175 504964 947337
65 176 943309 352841
134 177 118125 636968
66 178 715241 686564
84 179 669394 280982
52 180 210901 388318
102 181 936614 358659
155 182 941122 730310
182 183 648311 232190
48 184 219838 242773
140 185 820803 262717
180 186 529136 31549
161 187 913431 15119
114 188 85843 128689
172 189 177903 270653
81 190 188535 354042
119 191 373321 784749
11 192 926261 620537
81 193 188747 12087
134 194 891698 544626
50 195 20504 182476
60 196 974743 912958
151 197 711277 603425
64 198 449487 857937
148 199 653889 20707
42 200 664258 323205
125 201 783581 298679
142 202 644688 301302
95 203 284025 846121
41 204 691920 31991
69 205 468697 660786
162 206 397706 674399
73 207 722471 945123
67 208 473266 356901
176 209 618000 853080
190 210 124456 117078
30 211 777764 236809
136 212 83757 972571
53 213 53801 337975
211 214 692967 114547
49 215 332416 154300
205 216 882199 600777
152 217 487355 26561
72 218 516505 266205
180 219 928254 984532
215 220 310428 624267
176 221 285332 985954
59 222 872868 589231
218 223 949652 877049
127 224 739710 911109
189 225 961269 499670
71 226 396802 336201
124 227 949806 824004
118 228 326222 405945
164 229 205906 470573
114 230 374721 221762
6 231 859755 579959
81 232 648246 492856
125 233 54997 820300
127 234 901378 585110
40 235 607964 311381
125 236 678577 396386
88 237 677657 171147
8 238 242685 142922
32 239 491338 28170
105 240 189903 589912
46 241 608433 470848
181 242 947193 8428
139 243 922927 454239
17 244 229747 514058
243 245 446305 203469
66 246 293654 928275
187 247 830714 759826
207 248 107735 332809
159 249 816417 674784
64 250 155781 934036
84 251 335885 120487
17 252 682437 575486
206 253 441376 417026
126 254 709580 736757
35 255 562049 990209
105 256 88413 63856
115 257 256636 631754
87 258 542149 946246
163 259 476254 551510
6 260 590164 749164
36 261 262669 843207
31 262 984542 859809
191 263 549925 736747
246 264 20274 350326
80 265 8473 37504
179 266 244952 218561
178 267 667337 740876
46 268 604049 102723
110 269 794847 742582
60 270 553226 701308
167 271 664943 246141
118 272 848610 528302
160 273 264655 856110
35 274 85790 557611
69 275 369908 489882
7 276 542633 110248
169 277 445582 215975
162 278 228881 471904
23 279 973925 514296
199 280 875070 933504
30 281 38133 71429
200 282 884533 523374
250 283 655558 749668
5 284 270861 768314
151 285 741456 286414
10 286 860144 181054
226 287 988046 389860
264 288 416149 464189
259 289 447585 768142
72 290 404859 535430
266 291 543591 14401
27 292 617834 8609
267 293 894876 505919
192 294 242214 139275
232 295 530609 503409
72 296 253940 348276
236 297 871531 412652
276 298 6994 940980
176 299 502590 731405
92 300 187504 160743
33 301 158954 714837
127 302 3060 256714
276 303 604181 162449
199 304 384365 152917
173 305 244458 613122
1 306 612310 451281
40 307 276274 613803
163 308 330126 688716
231 309 506352 921861
219 310 629335 602875
92 311 327874 919323
163 312 388045 666280
291 313 607221 402092
244 314 664807 947105
87 315 952552 627155
286 316 18291 331666
158 317 629542 461229
214 318 363342 710749
318 319 589629 41787
156 320 816803 708766
129 321 348643 422886
106 322 804773 375186
238 323 872778 579347
301 324 755919 421027
105 325 930049 383415
82 326 577434 997867
48 327 108430 951178
320 328 677823 595430
34 329 582346 803397
215 330 743854 703220
206 331 740989 299116
299 332 365263 45119
199 333 189178 253448
281 334 743672 852441
84 335 455549 313718
206 336 199215 988052
331 337 366019 947878
16 338 983969 400328
72 339 810281 719468
199 340 588835 429590
100 341 796616 584333
101 342 358504 501030
151 343 160783 689407
221 344 102082 852950
82 345 630307 447111
303 346 323933 635792
262 347 893812 51567
304 348 414714 900336
251 349 509536 106941
215 350 896936 534611
148 351 87181 917182
293 352 883144 711629
157 353 996994 103402
347 354 976322 529542
323 355 34246 977750
133 356 230019 815644
303 357 759291 710046
167 358 218617 405601
209 359 492925 240310
292 360 474064 107086
139 361 932407 654986
37 362 536302 205089
233 363 904581 958962
228 364 81388 34773
90 365 198544 568926
344 366 324952 384422
164 367 799590 69631
250 368 590056 908800
266 369 338520 66281
198 370 234112 605498
243 371 232793 674505
105 372 566822 70762
312 373 863700 420070
165 374 442884 381491
113 375 762830 444244
276 376 652447 15244
149 377 720766 771087
58 378 302743 363855
132 379 486377 304523
152 380 245343 585982
341 381 825537 161743
199 382 964862 850008
96 383 283774 884650
292 384 583557 136047
174 385 262334 929224
134 386 280210 203546
122 387 988635 612623
317 388 127430 396201
373 389 607179 75232
90 390 104387 298261
363 391 887356 600127
62 392 518569 830120
345 393 847472 147942
16 394 677649 196982
105 395 803670 413178
26 396 672457 738810
216 397 95723 571274
21 398 925138 276526
10 399 254031 553675
123 400 678360 343332
70 401 207915 743179
349 402 338545 865622
232 403 924419 732356
329 404 260377 539835
213 405 619863 380821
192 406 938348 760373
304 407 519039 979911
105 408 223396 664767
84 409 204614 270313
238 410 708755 846464
25 411 125894 633702
184 412 776228 343043
158 413 512070 319223
18 414 623822 64579
381 415 181905 256131
87 416 309785 631000
283 417 882263 859781
106 418 691286 774024
122 419 113737 668725
83 420 133656 253296
318 421 31344 13863
33 422 764728 315494
349 423 767885 80794
109 424 372104 428784
322 425 378935 742711
78 426 792535 142170
154 427 824305 161238
201 428 347686 861492
167 429 705035 925929
287 430 802600 624072
301 431 726651 226696
113 432 556224 838217
132 433 281787 31767
182 434 746166 653891
180 435 885861 266909
137 436 394235 308824
399 437 524110 556016
67 438 456095 927681
141 439 763104 198405
331 440 488655 166848
136 441 542331 48314
123 442 739731 322993
189 443 151054 302289
46 444 33224 290020
101 445 875376 818419
89 446 28250 900665
270 447 677445 329303
128 448 83461 58673
293 449 134798 551075
331 450 535436 525968
213 451 528528 180815
103 452 190138 424089
295 453 918505 741170
428 454 754136 422340
355 455 495663 510922
434 456 258800 698368
52 457 649867 792736
33 458 985664 357252
313 459 198037 64832
66 460 113089 892785
218 461 218864 279882
58 462 256666 845325
418 463 670887 48998
13 464 535647 504779
436 465 605449 964698
24 466 55759 727801
92 467 762306 23648
343 468 52301 270198
312 469 981498 826757
260 470 933277 379694
236 471 81971 883977
370 472 333218 883536
239 473 5214 689040
99 474 154902 208224
282 475 534334 446475
65 476 35659 169766
212 477 953024 149169
212 478 579681 376995
415 479 968730 507148
63 480 596359 192917
323 481 292194 493533
198 482 138614 334387
192 483 958961 495464
383 484 691371 499017
281 485 351289 132463
452 486 464612 259360
116 487 261091 12108
147 488 87582 889713
121 489 274284 584654
118 490 673357 322094
218 491 982850 12110
456 492 440732 821090
416 493 388826 373293
55 494 147174 774138
260 495 467157 598499
30 496 576693 120394
453 497 118099 394518
429 498 62778 332355
456 499 215319 55888
150 500 355661 370963
144 501 466652 29130
109 502 544294 827835
14 503 821751 165897
94 504 371036 422001
8 505 664558 333329
450 506 280477 548179
133 507 947864 212084
110 508 629293 762754
400 509 518517 937919
165 510 431523 225725
83 511 832080 263965
50 512 840097 300452
300 513 590548 69606
270 514 309587 785241
203 515 54507 652594
329 516 687147 624804
59 517 765405 954933
60 518 916571 741040
29 519 927591 643242
250 520 652500 693785
360 521 978523 453772
514 522 757885 945842
213 523 700152 91956
431 524 625526 24715
439 525 779594 211306
283 526 213070 922100
445 527 119364 882529
84 528 353155 443813
312 529 930331 931330
443 530 896761 941388
252 531 884581 546851
155 532 531069 464885
61 533 242995 510392
533 534 48251 389695
133 535 898988 571768
151 536 664061 506027
177 537 523499 375707
213 538 29734 59301
289 539 358427 301529
455 540 788143 736711
298 541 602064 925937
206 542 61984 340218
517 543 290536 692658
219 544 592402 746667
102 545 293154 491383
39 546 182436 510416
322 547 102654 642937
136 548 394491 831462
128 549 673431 536825
144 550 662462 352984
510 551 525117 2922
358 552 16656 33645
507 553 307735 472599
42 554 106000 379254
304 555 93879 943565
407 556 125071 521262
417 557 448639 564326
357 558 906769 810473
433 559 331252 771346
415 560 781191 335809
502 561 931040 730988
461 562 766283 516434
290 563 112045 322975
60 564 62940 266037
294 565 156864 129726
426 566 161243 103051
174 567 500435 325678
382 568 121350 534286
302 569 55446 416663
291 570 583859 10636
275 571 811207 645720
366 572 538064 78218
558 573 376975 171157
151 574 650009 688985
154 575 526880 82075
569 576 633498 444070
487 577 330318 22800
257 578 692199 545912
131 579 81067 405029
408 580 122521 614432
208 581 675430 161116
214 582 776651 437716
424 583 385892 561843
47 584 929237 396576
582 585 997472 881670
118 586 211847 190791
412 587 942016 284428
121 588 72488 584172
239 589 1081 416812
496 590 14960 770365
152 591 485029 382213
208 592 941571 797526
583 593 558627 932416
68 594 393456 712085
390 595 130606 916656
331 596 623146 217297
315 597 532097 278453
527 598 737542 942347
118 599 705194 939539
562 600 948981 139214
463 601 908013 196687
190 602 769795 798980
40 603 148124 154685
194 604 555664 810966
212 605 438516 974155
468 606 809357 487864
522 607 73275 76332
588 608 71226 257845
529 609 52631 416912
132 610 943774 463827
399 611 921328 948549
101 612 837575 533769
37 613 54282 496771
145 614 340996 322125
512 615 794333 23855
534 616 861920 387431
388 617 88758 275677
280 618 608096 304504
152 619 449682 684894
491 620 11456 269780
443 621 921529 225520
333 622 387369 661281
33 623 98328 235935
198 624 517686 554465
290 625 876386 424737
290 626 504361 815402
145 627 309545 98571
227 628 81960 685927
542 629 732856 339341
402 630 812093 727178
228 631 187251 564859
459 632 827340 985275
586 633 720434 861841
102 634 901847 481452
609 635 718683 409869
332 636 893295 263417
137 637 670206 167850
34 638 999996 318319
50 639 437430 378391
149 640 293041 285587
326 641 732477 8434
35 642 586312 46582
118 643 591055 370321
364 644 352453 594673
187 645 582595 419438
266 646 847656 620906
615 647 480166 901075
642 648 581939 487805
12 649 886362 683323
87 650 558429 714144
546 651 824238 855482
47 652 827479 380044
259 653 654525 761072
132 654 456702 583409
589 655 422220 884348
465 656 369889 703435
416 657 902815 419392
419 658 157941 530403
235 659 756124 920039
20 660 972117 220727
507 661 434084 96844
311 662 537022 304774
49 663 442030 417411
450 664 788939 50167
354 665 160420 958600
32 666 414445 513889
494 667 952131 539621
166 668 290350 435409
506 669 421806 732941
92 670 703079 758155
148 671 869074 596085
563 672 102015 246576
413 673 838593 467049
285 674 371622 880196
147 675 10120 591736
188 676 637009 166132
670 677 475410 864260
593 678 430519 831459
320 679 757313 149870
235 680 770444 921301
598 681 333131 145535
655 682 143998 144766
59 683 114386 623059
217 684 54637 977774
311 685 714567 49469
132 686 788526 721737
206 687 545537 452077
402 688 840323 574206
159 689 591641 377774
42 690 271508 267085
446 691 942025 967674
359 692 884721 430219
333 693 621701 996860
684 694 478667 621719
160 695 463705 741715
54 696 957936 998799
578 697 585540 749613
313 698 645447 157180
599 699 869332 268631
290 700 961292 465374
281 701 728258 584524
262 702 424141 598312
601 703 628368 782463
454 704 414692 482485
108 705 890209 168977
418 706 208630 715209
698 707 546073 390684
645 708 541677 741211
698 709 882294 337386
590 710 559986 799887
557 711 228589 690984
577 712 635758 137086
657 713 414281 216868
85 714 290817 5444
16 715 316416 907596
279 716 819459 515340
279 717 441495 340599
495 718 172922 707363
593 719 149304 911008
343 720 160988 104267
589 721 443857 975433
36 722 952390 351570
260 723 546095 908145
383 724 951036 706568
237 725 75036 942196
703 726 639971 930918
570 727 576566 250948
79 728 702205 628424
68 729 414609 599949
269 730 171812 677621
463 731 745550 735705
7 732 484169 500703
78 733 976636 613183
682 734 641134 154467
412 735 629039 333370
590 736 646113 992938
392 737 794655 668512
619 738 18490 521939
119 739 479236 120990
252 740 218776 658187
680 741 991343 5342
277 742 818520 297913
651 743 488427 360865
517 744 836694 63827
478 745 118804 304422
302 746 942120 776637
453 747 621495 195262
119 748 14103 733775
488 749 337451 702196
150 750 424160 739270
269 751 230447 387538
178 752 274732 8303
79 753 42117 902096
189 754 670411 40204
189 755 849103 130129
308 756 477943 529421
647 757 697192 718315
258 758 578247 23829
254 759 671044 151558
141 760 239281 890953
437 761 131851 386552
603 762 76740 732189
315 763 657778 969533
414 764 726949 887305
743 765 248027 901382
269 766 865930 540529
638 767 381744 63768
76 768 607029 641935
305 769 381563 645304
653 770 230321 203066
752 771 823176 873333
475 772 810578 138506
391 773 785661 3555
254 774 439401 621284
360 775 530873 783457
110 776 468550 53848
344 777 130605 522280
72 778 793394 199455
185 779 10487 866165
144 780 363563 592610
427 781 441669 781936
535 782 391202 744032
59 783 297128 597553
306 784 382003 842394
409 785 113527 62425
155 786 806628 40942
143 787 503975 82654
558 788 656289 686064
208 789 994729 773559
132 790 901557 89191
465 791 644995 784095
240 792 431052 63847
730 793 109426 863415
341 794 68264 702334
231 795 510015 761453
285 796 438561 537571
323 797 277216 632142
196 798 950113 334634
327 799 443345 757076
30 800 115488 805436
344 801 60403 693295
768 802 419612 187598
731 803 399333 660070
224 804 835547 543212
51 805 84321 768447
599 806 79525 625916
576 807 449561 193916
60 808 432061 788826
225 809 469970 381399
173 810 56543 423739
593 811 111169 320567
514 812 87807 444579
388 813 267108 494074
512 814 11903 106184
709 815 777634 618391
664 816 885170 486780
105 817 351270 803073
743 818 739920 26415
145 819 811577 14519
610 820 891386 263339
809 821 471071 807444
435 822 454255 259233
776 823 80628 72792
161 824 873167 46677
76 825 39494 684434
781 826 351183 391856
722 827 830005 972508
414 828 593660 250977
630 829 58569 359056
441 830 83060 163195
770 831 876436 889142
358 832 793186 298069
532 833 843273 801918
72 834 375673 714371
385 835 113371 554753
563 836 939444 22912
188 837 548250 842191
705 838 836877 311056
522 839 656586 362638
615 840 477691 537926
437 841 177605 291703
116 842 23919 625718
577 843 374612 726130
2 844 938641 800165
818 845 215432 581293
32 846 830200 736289
372 847 185374 124258
674 848 610600 820724
616 849 840275 801512
584 850 144 920137
556 851 614660 33605
355 852 494018 145465
558 853 627466 312959
236 854 334645 264049
458 855 90837 965483
823 856 692088 994671
160 857 333576 414181
618 858 5305 676734
224 859 890260 133323
248 860 374134 64744
634 861 765528 678408
852 862 100482 276291
781 863 379064 342882
100 864 777916 151066
505 865 256956 794744
69 866 616714 929097
680 867 284331 120359
30 868 835548 87512
322 869 84072 155295
226 870 610399 797366
845 871 290509 216007
160 872 937088 781727
782 873 640902 826317
60 874 708771 429645
313 875 710576 722579
70 876 148707 519602
527 877 128306 610525
404 878 216203 895000
57 879 263386 391330
642 880 301845 782355
874 881 608956 975001
854 882 548962 535121
536 883 221000 454895
273 884 915194 506291
438 885 26603 481587
28 886 587205 331523
409 887 109992 84788
210 888 637257 230028
548 889 449015 868155
439 890 695846 923966
103 891 867677 693109
592 892 712464 813047
408 893 452620 922787
628 894 250827 189430
865 895 381373 779910
854 896 194860 261987
489 897 881868 86285
146 898 366287 704520
461 899 857940 749043
707 900 599891 905888
786 901 623052 732882
180 902 638365 633782
766 903 110560 225127
494 904 568397 828869
482 905 985619 613685
241 906 565690 473215
212 907 105173 667914
180 908 821364 187392
237 909 213792 963884
733 910 568570 497687
795 911 829400 150668
728 912 100985 241027
85 913 969379 314781
235 914 71304 582430
414 915 589318 102502
832 916 514785 102089
50 917 44161 240460
611 918 35873 228317
799 919 813165 743740
619 920 968770 298404
325 921 142163 621163
905 922 699031 30056
416 923 344783 561807
148 924 840584 828653
268 925 112870 296554
83 926 791056 50484
483 927 280932 819200
862 928 478964 632583
466 929 649850 623728
856 930 630598 161756
687 931 896918 889440
405 932 291546 338266
260 933 3652 663965
642 934 201415 386255
711 935 523653 303551
329 936 229793 749157
342 937 274094 100779
555 938 941940 883489
271 939 109699 582376
212 940 45956 476113
606 941 632724 632194
317 942 816708 295639
124 943 16088 90924
274 944 77653 935035
466 945 416903 667424
644 946 888577 923873
393 947 791805 379342
121 948 587831 818792
554 949 630221 659088
411 950 352136 772500
523 951 806050 354256
8 952 327713 603237
145 953 983581 109645
118 954 839435 341575
936 955 504426 751867
538 956 616160 376577
602 957 662308 69119
512 958 672272 674225
764 959 23212 983054
603 960 886036 596966
637 961 483588 588754
155 962 743921 769485
868 963 343538 73128
456 964 147376 811627
50 965 692562 532807
307 966 971803 259961
726 967 504187 101977
761 968 689340 48276
848 969 959574 92872
372 970 281746 526975
233 971 511483 267044
424 972 901972 977080
262 973 198541 480845
32 974 588074 161335
843 975 90904 171858
114 976 767912 617520
303 977 297 139255
864 978 705997 667737
961 979 146861 885194
766 980 304188 764538
723 981 816141 675973
249 982 676346 335820
772 983 901961 535427
499 984 266472 441843
245 985 729811 452662
744 986 802434 119301
57 987 857966 454995
61 988 429207 629274
28 989 836232 358740
666 990 734795 371912
89 991 2005 523426
717 992 200842 372078
232 993 848940 277086
698 994 596814 919923
555 995 310951 192128
708 996 368213 513944
513 997 276789 661074
421 998 882331 409006
372 999 978819 38381
943 1000 777630 507891
441 1001 16652 647102
881 1002 700946 172257
776 1003 502780 599459
910 1004 692899 622909
741 1005 157516 730025
6 1006 914090 394519
686 1007 268058 669869
55 1008 289970 604163
965 1009 430215 120425
233 1010 986797 259617
226 1011 777366 57973
858 1012 890865 461830
473 1013 758467 889196
619 1014 449015 932055
352 1015 71009 247754
444 1016 443734 847871
6 1017 753079 906567
943 1018 616060 252375
663 1019 16796 923905
426 1020 357358 715050
584 1021 306897 790510
241 1022 391809 594430
873 1023 559135 424241
437 1024 628440 7519
372 1025 74418 493192
446 1026 146848 84375
311 1027 306356 140120
966 1028 409353 292708
104 1029 121646 230687
174 1030 178886 762302
553 1031 295131 312996
138 1032 555016 582687
129 1033 435790 557249
401 1034 72694 869056
712 1035 64390 38145
209 1036 602865 243946
863 1037 629328 423560
466 1038 712646 365291
985 1039 269085 875372
1025 1040 815668 163178
180 1041 427235 451412
919 1042 41951 77120
795 1043 829305 403818
746 1044 541717 958064
691 1045 374254 487382
193 1046 2176 220301
476 1047 191082 508664
825 1048 802155 642641
641 1049 541128 409014
368 1050 489466 967218
140 1051 259379 163837
563 1052 855395 931185
642 1053 96320 442033
785 1054 317746 227275
920 1055 554699 58990
690 1056 635837 139674
726 1057 681684 75425
943 1058 429732 814190
152 1059 842652 146641
637 1060 338828 977475
717 1061 150075 798848
111 1062 389852 946664
193 1063 636741 252423
970 1064 667961 963496
809 1065 61406 486606
789 1066 365694 831141
665 1067 935578 607682
201 1068 358398 890962
457 1069 903449 595166
809 1070 370301 649418
733 1071 207713 936037
960 1072 879660 894279
603 1073 459580 719955
293 1074 537957 981984
164 1075 976853 457132
159 1076 700264 817442
173 1077 37070 97670
959 1078 528980 14878
1020 1079 238565 694788
860 1080 111272 628571
175 1081 316039 531235
722 1082 549306 928287
988 1083 85683 755211
770 1084 361656 513998
132 1085 107283 451225
27 1086 965663 657984
617 1087 219799 731773
164 1088 163257 777617
109 1089 660116 602649
255 1090 188636 916682
409 1091 200604 64248
209 1092 145247 740353
1065 1093 241374 956176
707 1094 960606 833656
725 1095 849728 49686
767 1096 952433 64269
144 1097 593083 27776
1019 1098 989160 355471
884 1099 229367 753513
999 1100 867723 414702
367 1101 204775 272579
471 1102 474192 210128
1040 1103 278886 759889
325 1104 848540 508706
329 1105 537171 928586
544 1106 682687 195180
477 1107 895530 689845
150 1108 214058 840793
830 1109 522404 883349
299 1110 755827 756076
15 1111 704016 53121
660 1112 86859 773273
534 1113 602227 451814
1103 1114 315711 853648
88 1115 351581 453503
711 1116 657773 542785
175 1117 958924 275962
1050 1118 225671 648199
60 1119 406853 463868
619 1120 636813 367791
1112 1121 1009 497829
158 1122 477127 548076
118 1123 244214 683359
1031 1124 144129 365625
1056 1125 88151 533924
396 1126 411659 738979
809 1127 13773 308586
1114 1128 442736 421275
52 1129 435877 447570
1027 1130 531382 18403
750 1131 591581 972617
70 1132 534998 104623
235 1133 85754 72890
781 1134 560893 775456
1105 1135 729517 316407
719 1136 330884 743479
737 1137 722791 555010
552 1138 767851 567954
693 1139 470200 862172
18 1140 634844 333777
1124 1141 748975 890107
395 1142 536477 518336
780 1143 818733 392650
753 1144 996886 420275
440 1145 809804 295573
529 1146 450886 709762
854 1147 475375 735608
12 1148 285952 646334
650 1149 810090 723429
574 1150 841450 858958
545 1151 346197 592157
232 1152 167544 45998
430 1153 292075 306260
617 1154 313701 776038
1098 1155 923625 595808
809 1156 522162 476118
1092 1157 255396 647349
912 1158 232803 395668
445 1159 177962 658192
802 1160 977271 568043
796 1161 731869 799046
280 1162 699623 317167
491 1163 402828 987095
234 1164 32801 467310
1003 1165 156563 815955
1161 1166 789638 552587
538 1167 494325 304439
878 1168 588066 420465
89 1169 638519 567187
209 1170 904107 70994
607 1171 56256 248590
476 1172 168829 364729
6 1173 912879 645383
994 1174 521811 239659
579 1175 295100 134905
76 1176 806473 933719
190 1177 482642 865310
843 1178 550288 974716
1012 1179 612395 934319
203 1180 167987 78667
712 1181 744173 899218
911 1182 201865 301213
149 1183 861701 756627
633 1184 599162 349732
530 1185 931715 188504
1071 1186 768566 544315
962 1187 55413 638670
1097 1188 927923 862259
1079 1189 526023 250480
770 1190 76710 879231
602 1191 60377 571437
807 1192 975301 823908
186 1193 684066 762841
202 1194 65787 255418
107 1195 378437 984122
315 1196 679404 960960
340 1197 255793 356975
127 1198 712042 222705
843 1199 196926 804963
306 1200 539256 121322
534 1201 231814 762067
1124 1202 102910 193781
33 1203 2817 932244
806 1204 591885 757257
500 1205 95716 2226
844 1206 396180 934818
16 1207 3899 500455
147 1208 768098 708849
86 1209 463685 260400
600 1210 341982 556713
1112 1211 811472 211710
542 1212 927173 405865
832 1213 388374 514342
368 1214 755491 212099
634 1215 741655 703824
513 1216 392275 858137
56 1217 431544 623586
872 1218 942843 590360
199 1219 374363 739147
30 1220 859714 873742
812 1221 874047 984044
441 1222 715349 891403
54 1223 71129 295647
9 1224 854362 852928
989 1225 502452 997826
364 1226 817586 372002
702 1227 7238 362498
929 1228 433077 906208
62 1229 565972 966778
1211 1230 564714 149515
247 1231 684809 442495
764 1232 670661 632499
668 1233 60113 578363
758 1234 570340 302716
1002 1235 37243 308582
206 1236 327884 438699
146 1237 50830 575395
62 1238 129120 534730
1164 1239 553516 878916
344 1240 259619 203995
136 1241 589030 183567
1222 1242 480175 220545
838 1243 458655 305654
1220 1244 952950 156142
628 1245 540068 442249
352 1246 481912 76364
835 1247 924042 218687
1245 1248 500740 516370
22 1249 590090 701012
617 1250 342579 719148
511 1251 218009 301694
133 1252 268513 324294
803 1253 87500 114094
727 1254 138607 371310
164 1255 588779 615460
9 1256 355894 841084
658 1257 757843 336151
731 1258 922253 50904
142 1259 209425 288646
925 1260 463230 603110
856 1261 169597 622255
663 1262 396356 877856
303 1263 514260 619044
459 1264 136265 9520
1131 1265 437146 971269
955 1266 174686 322238
141 1267 632302 545067
1243 1268 497467 226319
717 1269 612462 601835
585 1270 765688 563024
12 1271 642574 847404
594 1272 442635 340408
1249 1273 434804 205763
916 1274 621252 971484
725 1275 824534 929542
654 1276 921798 340689
1204 1277 35863 715277
293 1278 686856 156457
797 1279 383967 389977
110 1280 842956 477176
151 1281 37241 24205
937 1282 318942 557563
551 1283 543345 997924
5 1284 465488 527573
1118 1285 356270 544555
610 1286 213236 170625
280 1287 88973 136386
110 1288 440986 483596
532 1289 872064 852814
755 1290 220491 974987
971 1291 969190 981181
266 1292 829894 967047
617 1293 653227 885622
1281 1294 320570 654834
1027 1295 908513 99118
735 1296 337284 895058
567 1297 80415 393267
547 1298 639403 701558
648 1299 589275 216185
353 1300 250904 793263
1088 1301 353923 911384
473 1302 413786 400379
53 1303 253409 853158
1194 1304 883418 144212
1250 1305 248047 164237
692 1306 172379 539132
587 1307 598199 978026
590 1308 728694 266308
447 1309 725487 244911
69 1310 672467 862195
1243 1311 278740 898568
917 1312 853163 449049
14 1313 685317 504232
1302 1314 172732 32566
683 1315 67234 656808
178 1316 265933 445337
1258 1317 547110 818023
737 1318 209380 49960
57 1319 385793 176031
1128 1320 684549 845408
294 1321 955642 414416
820 1322 766316 713593
1136 1323 388163 987184
352 1324 883469 222778
885 1325 142238 290259
898 1326 519243 763136
1203 1327 791535 630973
201 1328 899191 636149
51 1329 380835 574118
89 1330 587531 519379
1272 1331 496129 855141
881 1332 650598 617313
807 1333 839950 774742
112 1334 545928 798535
820 1335 586662 475396
1327 1336 844049 535587
1134 1337 386647 486169
752 1338 795062 664884
313 1339 492865 466838
1250 1340 977285 784757
44 1341 128877 391901
247 1342 698330 630456
1209 1343 66987 664679
817 1344 534689 437948
1301 1345 373615 136316
716 1346 274638 808173
1076 1347 444269 67777
876 1348 922010 410045
271 1349 335603 438182
149 1350 555647 4419
1003 1351 500742 843303
71 1352 107639 811847
189 1353 179393 325130
525 1354 371761 971948
1167 1355 305450 856814
488 1356 526164 850907
942 1357 519574 461669
88 1358 334200 283517
963 1359 902591 367008
359 1360 926497 399284
114 1361 249187 595028
920 1362 261054 917400
564 1363 373664 13845
1286 1364 530338 518448
315 1365 539789 961362
394 1366 354177 231139
625 1367 962779 199579
1361 1368 751663 658110
1344 1369 650157 641722
1169 1370 156500 48426
990 1371 759733 351234
73 1372 17331 304253
495 1373 146064 452013
1179 1374 868828 170661
473 1375 240419 47618
931 1376 812271 81587
1266 1377 972342 954749
263 1378 817107 191343
157 1379 820113 929680
423 1380 423094 807637
80 1381 899605 924902
262 1382 937350 872020
1294 1383 415901 802700
1116 1384 984944 337768
432 1385 599509 445006
1239 1386 125976 680468
488 1387 517338 660242
13 1388 783130 746646
1260 1389 654355 592560
785 1390 782015 812662
162 1391 640911 650310
795 1392 916738 752340
726 1393 23265 430024
1062 1394 693764 889684
670 1395 491064 798677
320 1396 954637 410774
257 1397 459778 903455
600 1398 754822 96517
407 1399 627778 847983
576 1400 618420 979862
1276 1401 231536 2281
228 1402 5238 731645
1307 1403 861009 776360
184 1404 898624 800208
81 1405 230424 420905
494 1406 129241 507712
68 1407 785724 400685
1353 1408 821715 706497
905 1409 140634 200115
972 1410 423179 30930
794 1411 951822 895222
1088 1412 949793 151789
542 1413 408588 272827
735 1414 260408 897161
183 1415 823940 35099
1166 1416 394993 434870
394 1417 564599 116335
806 1418 214179 446454
1244 1419 951315 458592
1131 1420 214815 814618
350 1421 109206 805144
408 1422 8162 101477
543 1423 210593 122439
420 1424 83035 867538
1097 1425 288732 591724
65 1426 838814 28086
1137 1427 173578 762092
1059 1428 944424 38279
312 1429 522156 848263
1211 1430 123542 717545
521 1431 848987 627524
340 1432 918944 270426
683 1433 619680 313885
1016 1434 285018 211786
769 1435 256407 323417
873 1436 649965 289389
593 1437 740805 170701
713 1438 314258 727123
1109 1439 213431 288546
165 1440 741327 974232
913 1441 508124 36972
674 1442 377078 236278
139 1443 375460 943534
1174 1444 368155 193037
598 1445 195801 203982
924 1446 283862 878450
1242 1447 846205 810161
1421 1448 57593 922555
329 1449 996645 80347
1068 1450 429266 441114
630 1451 714774 245169
506 1452 102755 589600
664 1453 422046 573305
746 1454 598112 123943
675 1455 173301 931528
819 1456 326378 386183
1311 1457 756308 875691
1398 1458 716363 890080
600 1459 816660 491653
1100 1460 485618 153790
748 1461 447435 151045
674 1462 186608 669970
111 1463 330340 469714
1438 1464 87923 168758
1207 1465 152830 165779
785 1466 333762 61917
85 1467 88775 170097
367 1468 394233 339630
1005 1469 215640 603528
874 1470 660613 965716
22 1471 312147 541811
1462 1472 910179 810141
161 1473 627195 255671
9 1474 192853 174460
829 1475 579603 260001
1061 1476 970917 903112
831 1477 124283 90382
227 1478 810334 564816
603 1479 27399 571291
177 1480 778824 61520
734 1481 117601 712762
1051 1482 184611 237167
1154 1483 953826 844117
850 1484 995494 333030
61 1485 274027 545493
585 1486 978298 63636
153 1487 791753 307517
1430 1488 490033 564925
279 1489 873801 768281
1398 1490 286603 240406
254 1491 583320 858788
918 1492 426220 89426
988 1493 901152 853013
299 1494 678423 509422
69 1495 254943 395891
29 1496 264366 473479
1495 1497 740232 744593
677 1498 98285 767116
344 1499 257439 574673
1234 1500 521764 935393
610 1501 788112 252375
47 1502 857972 133631
1192 1503 268048 418389
444 1504 125261 327924
385 1505 524919 338955
1434 1506 408807 428853
612 1507 152476 662446
938 1508 679742 635612
322 1509 340594 970088
663 1510 172370 746637
846 1511 10339 524197
395 1512 945310 583660
1054 1513 247275 222936
434 1514 542232 162640
498 1515 128951 574663
1216 1516 662697 40361
692 1517 30974 134241
1012 1518 560942 995970
901 1519 350751 454217
1375 1520 21743 564096
476 1521 720252 617342
1351 1522 174239 956931
623 1523 846166 844370
1041 1524 313108 360538
712 1525 520042 693906
80 1526 272520 819333
735 1527 879627 278717
1249 1528 426320 465285
1294 1529 422656 613440
656 1530 653211 257049
733 1531 625121 275042
1002 1532 714798 483703
1497 1533 9133 342648
924 1534 203807 742469
538 1535 131886 792182
120 1536 822799 183368
174 1537 158864 631242
1144 1538 695532 996140
449 1539 953086 168347
531 1540 247078 872420
270 1541 502527 482320
1253 1542 531633 596869
1151 1543 808015 55761
1377 1544 158332 936313
746 1545 559873 944065
1136 1546 354032 673075
906 1547 992405 352758
1099 1548 840043 188648
214 1549 128021 98402
955 1550 913726 487434
829 1551 115702 400850
413 1552 805349 577359
37 1553 485164 348556
527 1554 282246 625327
929 1555 438732 584492
1549 1556 478636 292510
327 1557 854697 935393
1170 1558 587013 993608
657 1559 995560 709812
1179 1560 120153 519440
486 1561 676390 447778
505 1562 95757 422367
533 1563 504972 995944
804 1564 183512 517164
1222 1565 582831 298649
1085 1566 848516 754222
1241 1567 72046 509892
1257 1568 461288 73255
1102 1569 802758 52186
251 1570 778788 580167
1253 1571 895865 177617
706 1572 90782 696299
474 1573 353952 720273
1449 1574 830587 301573
1207 1575 606797 639309
1062 1576 851809 811123
1384 1577 239269 696938
1362 1578 937323 316660
590 1579 618812 962553
1564 1580 372077 315496
92 1581 749362 817996
446 1582 135913 553444
177 1583 109134 507495
1553 1584 651602 138035
833 1585 420185 514007
181 1586 256704 93269
1579 1587 833532 586086
83 1588 118963 714973
1098 1589 785821 315236
101 1590 538765 894520
538 1591 381367 744636
738 1592 63754 71728
764 1593 582904 171302
441 1594 193090 740977
258 1595 60960 976979
931 1596 693217 641139
999 1597 420823 754942
940 1598 723365 318116
458 1599 670158 975224
79 1600 392729 886797
1044 1601 107098 578568
523 1602 199632 915187
669 1603 489038 246915
1174 1604 443173 115071
901 1605 388311 963249
1243 1606 898225 491658
113 1607 302876 160135
1479 1608 550541 779017
1211 1609 495574 360544
402 1610 989129 274475
29 1611 113837 738541
1537 1612 249453 894949
709 1613 107285 746440
895 1614 577264 868231
699 1615 192551 812866
538 1616 978485 8769
239 1617 325827 210135
1068 1618 496141 673719
223 1619 352805 345662
1157 1620 241962 944379
988 1621 951111 852366
212 1622 809440 581769
292 1623 667190 450318
494 1624 938850 732657
370 1625 233720 556996
1392 1626 208954 297519
275 1627 633757 124747
627 1628 601417 183146
286 1629 632228 408323
781 1630 176065 970532
1166 1631 471632 302023
650 1632 915872 294468
716 1633 71499 721304
578 1634 968175 897852
1519 1635 770939 696713
1052 1636 696699 328495
108 1637 917155 323408
862 1638 230354 518315
31 1639 915005 799699
318 1640 607168 577023
60 1641 7253 178788
222 1642 937035 193904
788 1643 521063 334636
156 1644 207661 718253
877 1645 162108 740041
566 1646 894225 224401
1457 1647 135682 932526
1127 1648 491153 912830
509 1649 528747 659536
1322 1650 865774 718466
599 1651 489992 992638
870 1652 612367 455774
614 1653 415653 635746
439 1654 499902 879418
608 1655 719655 709299
1135 1656 235745 605756
228 1657 864997 975741
550 1658 166069 423520
1147 1659 952388 116575
492 1660 887377 528019
1142 1661 925846 495963
1265 1662 153240 761861
1109 1663 540532 317976
122 1664 822399 401164
191 1665 359834 206205
391 1666 335937 410792
697 1667 621442 178517
855 1668 130208 32743
706 1669 992901 424288
79 1670 327006 650265
36 1671 315182 163655
449 1672 948603 59284
613 1673 771424 647126
507 1674 795568 193590
1229 1675 112235 827872
708 1676 980972 450971
13 1677 772777 863934
1467 1678 794062 242494
0 1679 733022 165319
779 1680 897315 998115
650 1681 725840 819729
1227 1682 774625 880172
890 1683 276899 331692
427 1684 739876 256432
884 1685 526713 16050
996 1686 684136 822488
209 1687 392458 194182
741 1688 229639 934332
1105 1689 521663 757384
524 1690 95540 774930
1371 1691 424660 721372
867 1692 617463 80592
393 1693 196717 257343
1637 1694 772971 178086
507 1695 390328 966637
192 1696 719669 57361
1566 1697 121285 213060
165 1698 988998 653482
1085 1699 967779 565078
767 1700 775892 449360
983 1701 759867 620526
588 1702 961301 772800
1248 1703 960945 696535
1066 1704 455613 834169
1420 1705 525881 279888
591 1706 892152 825827
1634 1707 390263 920666
445 1708 717162 956367
949 1709 792283 332922
397 1710 55974 440500
1412 1711 898683 667879
19 1712 688045 883121
400 1713 231026 239196
1556 1714 18600 34150
419 1715 663096 135113
953 1716 821544 353618
80 1717 287427 785940
1705 1718 373725 911295
761 1719 254109 521670
1361 1720 435284 851585
343 1721 479238 68330
1089 1722 619190 139628
542 1723 794829 696273
707 1724 279677 438994
728 1725 429866 725687
549 1726 892600 433624
107 1727 32862 953974
1339 1728 760898 85931
233 1729 713678 482745
1206 1730 210431 839577
1314 1731 733084 52897
1644 1732 694424 201337
598 1733 477511 842358
495 1734 313144 672901
33 1735 502725 164865
929 1736 197830 49296
1331 1737 465823 961629
1657 1738 381092 63536
1251 1739 764813 725063
756 1740 256680 800952
1667 1741 940882 555338
1714 1742 965146 186828
648 1743 855834 987397
17 1744 966638 955645
280 1745 993105 202129
1078 1746 794179 708445
463 1747 474886 647809
97 1748 891420 738878
143 1749 274241 277002
1472 1750 8349 802133
1275 1751 532386 873699
1634 1752 71497 7327
888 1753 237755 217627
651 1754 644987 86568
578 1755 801647 758567
1512 1756 938914 481518
600 1757 742732 879347
997 1758 912961 228285
847 1759 573797 985798
1260 1760 227175 870971
1129 1761 297972 794225
233 1762 108907 805442
936 1763 969711 663095
1346 1764 484523 769784
1017 1765 392744 539043
1134 1766 250309 727828
1704 1767 705259 720879
796 1768 777878 344001
804 1769 560274 288785
1762 1770 60146 427269
1159 1771 907564 317349
295 1772 129317 2165
1458 1773 156047 651644
146 1774 167592 376370
1130 1775 868665 32472
1684 1776 727846 471687
704 1777 752302 273904
925 1778 446128 910881
1287 1779 945998 345056
1318 1780 115582 689820
700 1781 919989 447710
1047 1782 35305 203090
1639 1783 784152 543461
1384 1784 704933 149037
556 1785 99997 551858
1535 1786 316995 274990
900 1787 342331 535275
1434 1788 956839 339671
749 1789 427219 855472
106 1790 469894 387670
1538 1791 722574 320608
209 1792 932963 47267
1715 1793 863415 983790
565 1794 740938 131777
1184 1795 245531 768890
138 1796 681421 720296
1656 1797 756063 986718
1465 1798 837630 537790
1798 1799 571105 735231
957 1800 984814 134017
401 1801 991443 457686
1470 1802 12964 623256
1141 1803 496340 283000
164 1804 513441 886272
736 1805 392784 180212
470 1806 965906 146908
560 1807 631194 884230
396 1808 362069 726540
996 1809 392648 833127
709 1810 178993 878608
1578 1811 585550 859743
609 1812 364560 993697
594 1813 199646 2115
377 1814 850751 883520
785 1815 580159 92513
460 1816 951400 620958
1099 1817 414828 558926
1511 1818 86287 827954
1038 1819 128240 259465
10 1820 565578 872341
464 1821 942079 677104
1003 1822 459909 237636
1295 1823 581719 877346
1580 1824 754934 663476
406 1825 814936 694931
670 1826 445085 550538
397 1827 475040 59805
235 1828 152959 995017
1400 1829 532331 841781
1730 1830 686243 37457
1132 1831 619817 435738
1547 1832 851021 138278
1633 1833 202017 106556
1491 1834 591930 169386
457 1835 638150 363278
1487 1836 459228 520682
140 1837 373911 896586
803 1838 864023 684166
782 1839 744316 192823
1369 1840 576828 505349
897 1841 572127 816662
891 1842 920261 439749
30 1843 706760 463828
1384 1844 85585 751589
995 1845 401980 639676
618 1846 965921 331235
677 1847 200472 469765
852 1848 363923 555810
129 1849 981289 299609
635 1850 18269 766429
1684 1851 664846 441487
1403 1852 38349 139184
513 1853 906897 667768
1484 1854 356224 405881
60 1855 953090 440014
380 1856 314848 632284
1218 1857 187029 899968
1750 1858 22114 269541
1396 1859 625982 533874
1645 1860 808127 450923
564 1861 232907 725725
413 1862 956082 672137
1206 1863 303426 91077
1247 1864 172083 865213
1354 1865 827836 553813
1576 1866 20402 382863
1422 1867 867456 647142
894 1868 261206 810468
817 1869 317476 279705
177 1870 762487 509129
60 1871 218464 859576
956 1872 286298 753862
1474 1873 264179 348796
678 1874 795436 258492
179 1875 231483 460981
1349 1876 555073 137271
359 1877 654160 899025
1419 1878 127630 146532
1195 1879 905953 633301
898 1880 884645 317194
1296 1881 377810 788324
1228 1882 936880 921542
1472 1883 549653 470217
341 1884 162287 339510
763 1885 600776 127010
1771 1886 292726 105794
1736 1887 237902 741618
1345 1888 122658 21203
448 1889 369456 298264
1683 1890 170075 138031
1387 1891 496886 182798
1636 1892 116495 357613
1740 1893 772994 279556
475 1894 589677 856832
316 1895 661485 558903
1111 1896 117664 272983
1233 1897 256612 177411
1737 1898 27662 732628
52 1899 370629 977877
323 1900 945872 842811
664 1901 301301 529095
799 1902 691955 935548
683 1903 94084 560411
196 1904 857839 528649
1336 1905 554117 580995
1812 1906 731559 592936
537 1907 281959 718910
1239 1908 140961 775047
1569 1909 527129 721776
1325 1910 655495 201790
420 1911 149852 908668
1510 1912 828638 749372
660 1913 358825 72328
391 1914 653893 315728
1813 1915 89670 568462
200 1916 323569 781212
1372 1917 767588 21285
1663 1918 503335 327383
1814 1919 767803 540485
1916 1920 173883 2394
780 1921 893609 40154
1328 1922 279111 211956
629 1923 253063 225510
1097 1924 2735 880606
1591 1925 222605 545641
1279 1926 42387 61121
227 1927 912296 598531
1917 1928 263189 122342
1082 1929 301338 526899
697 1930 191885 174569
54 1931 183186 387031
449 1932 870793 36441
680 1933 507340 701053
1552 1934 272842 743176
1736 1935 750058 5753
1393 1936 36604 205191
551 1937 29332 813873
709 1938 437 335143
1856 1939 403789 83078
1894 1940 931056 889338
1398 1941 174871 906952
728 1942 340618 497456
372 1943 491913 592709
422 1944 557630 80267
141 1945 425518 115573
767 1946 923997 53919
1038 1947 513440 367663
25 1948 650066 472783
1163 1949 144613 9098
418 1950 128596 361110
928 1951 216714 317604
268 1952 921707 89842
1048 1953 585726 849549
974 1954 662439 493873
307 1955 42609 365620
1951 1956 661533 39723
707 1957 618990 263473
1471 1958 55204 545888
1279 1959 100469 918032
1040 1960 328785 324951
369 1961 569885 606329
1043 1962 283119 79658
135 1963 580136 74701
168 1964 167298 207059
1115 1965 522792 94506
414 1966 250236 247298
297 1967 806674 258244
1923 1968 927679 928443
330 1969 590688 138078
272 1970 759126 966488
706 1971 388972 337430
1459 1972 73006 255484
575 1973 138762 289549
28 1974 873817 672631
783 1975 331238 553884
1028 1976 821189 487970
1771 1977 177503 189139
1553 1978 102393 427028
474 1979 450211 182065
239 1980 706385 441178
1080 1981 975820 896705
737 1982 96315 860519
1157 1983 228986 370931
1937 1984 483506 182534
1400 1985 186993 468821
1657 1986 8377 184244
1888 1987 731381 673996
402 1988 978139 546808
577 1989 981988 673073
360 1990 480737 651173
639 1991 620755 170878
1529 1992 218452 240566
1721 1993 677805 670963
1138 1994 374196 998923
7 1995 878024 229394
1593 1996 679225 366475
1261 1997 712905 114329
1253 1998 764041 436682
1365 1999 310330 824947
971 2000 764666 97896
1817 2001 369513 463934
876 2002 361482 141899
725 2003 76100 76650
221 2004 586651 700312
1651 2005 834355 280784
1650 2006 479924 771809
1876 2007 4405 148027
1311 2008 624692 317710
693 2009 82174 702158
1236 2010 606168 341158
1255 2011 312975 827171
1370 2012 545521 676170
1984 2013 389208 44380
1791 2014 23518 603989
1249 2015 931723 455683
843 2016 686224 223868
1426 2017 182465 687042
1126 2018 478143 773008
1952 2019 357841 200612
1851 2020 645096 114386
1112 2021 577199 685884
824 2022 386185 329921
1292 2023 358531 507494
1502 2024 495006 631560
1241 2025 498954 494937
1883 2026 846045 47395
971 2027 472625 660071
1854 2028 753136 919072
479 2029 1199 115058
1609 2030 138802 354342
880 2031 896164 256492
1912 2032 664876 911848
1356 2033 372720 363599
1207 2034 261137 364810
748 2035 586325 871248
372 2036 258360 851324
319 2037 456592 996474
24 2038 745945 31749
1393 2039 72309 690372
1759 2040 381386 627637
520 2041 118730 608870
291 2042 153851 883069
1991 2043 606629 758420
174 2044 985839 356909
1136 2045 990857 253264
1604 2046 852797 171454
192 2047 391933 490672
1146 2048 51078 153537
1045 2049 942062 694934
1318 2050 445112 752158
1999 2051 510279 278682
820 2052 271492 90403
1449 2053 153167 928145
1585 2054 292252 196546
1809 2055 851139 808452
825 2056 514608 245645
1465 2057 474421 38642
2037 2058 579753 395532
1177 2059 255651 152665
1993 2060 175078 402539
423 2061 861275 357570
607 2062 347702 885890
429 2063 997967 401841
602 2064 171350 648449
463 2065 532980 305738
871 2066 446764 699010
459 2067 906848 903254
972 2068 646852 912871
1011 2069 562339 73570
1570 2070 56778 885469
1343 2071 551846 689394
1149 2072 991943 502577
1713 2073 484483 963246
560 2074 261856 101726
931 2075 958372 429725
372 2076 300237 184261
1144 2077 249759 858333
360 2078 288534 242122
571 2079 645393 993225
1887 2080 45779 773338
1234 2081 60921 688123
609 2082 856613 171345
268 2083 489687 899268
155 2084 614767 154185
42 2085 927173 260715
1858 2086 726874 114290
395 2087 333013 922732
785 2088 319753 43952
871 2089 888364 433934
409 2090 384664 43875
2089 2091 168607 414053
362 2092 121563 629002
433 2093 34380 984857
594 2094 711381 751630
592 2095 854395 324832
1250 2096 552183 4934
386 2097 356597 887714
1967 2098 697690 354345
1824 2099 643428 774170
26 2100 872319 769064
990 2101 426348 483193
1380 2102 902086 735228
1092 2103 36489 739014
1751 2104 850732 244718
1466 2105 647081 825707
1656 2106 290185 296799
1566 2107 760396 340165
23 2108 467530 699351
890 2109 875163 962106
1344 2110 112939 622166
883 2111 838597 807261
633 2112 895096 123345
116 2113 377056 383978
761 2114 31492 74169
602 2115 235839 329386
1100 2116 453162 378883
1931 2117 160464 659203
424 2118 242692 667392
1765 2119 609400 661625
1759 2120 464105 983997
247 2121 955122 302587
239 2122 230635 474980
1132 2123 747940 42650
1183 2124 907600 372831
2008 2125 415618 993951
602 2126 387535 570526
683 2127 43944 168230
1550 2128 448143 27703
1268 2129 442163 643230
1322 2130 577883 674188
1600 2131 951393 383385
337 2132 344873 889271
1149 2133 238441 589206
484 2134 772621 233501
333 2135 182492 403522
1191 2136 917496 374083
708 2137 222205 166666
757 2138 745013 335483
515 2139 112798 631819
611 2140 471526 485543
918 2141 899195 30022
633 2142 597435 266153
1036 2143 418779 332500
1961 2144 279091 179004
1851 2145 691942 425300
22 2146 893463 366377
982 2147 301441 798544
25 2148 142964 651141
2089 2149 599536 8710
97 2150 323417 698939
569 2151 618029 977557
1945 2152 248272 274299
1021 2153 966596 170588
1909 2154 981473 527243
1349 2155 414898 896671
1938 2156 579908 121738
527 2157 68222 938150
690 2158 585893 579426
1811 2159 35287 756982
144 2160 136926 842256
126 2161 435759 697443
1510 2162 903920 185848
1729 2163 585239 387879
2141 2164 223491 76282
535 2165 298332 534212
266 2166 585695 293898
768 2167 93857 462128
1541 2168 852075 948878
1903 2169 121150 575059
265 2170 704613 35041
839 2171 357528 303124
212 2172 3169 952386
1798 2173 925762 660806
1437 2174 166214 470038
1190 2175 558355 48531
717 2176 551878 544703
897 2177 183752 361187
889 2178 349 864187
662 2179 611932 176964
1508 2180 334541 821415
1367 2181 965861 598044
75 2182 277593 205273
498 2183 426546 832430
2137 2184 957567 282228
1627 2185 699299 20413
950 2186 195769 210762
94 2187 486025 789113
706 2188 148407 669516
450 2189 462783 469169
70 2190 607062 79519
1691 2191 430279 37283
1751 2192 528292 968519
1941 2193 645352 338732
2005 2194 330392 196641
132 2195 177543 389834
358 2196 623564 209251
2092 2197 822340 908788
303 2198 9789 244509
860 2199 352664 479221
1847 2200 416261 323923
1138 2201 683052 362132
2075 2202 69143 534961
731 2203 500028 12083
1015 2204 701692 36564
1044 2205 570925 758916
698 2206 842701 689606
1658 2207 702315 578029
487 2208 620720 538840
381 2209 410055 248231
2195 2210 583191 551146
1830 2211 315920 752739
660 2212 390902 34399
1524 2213 160368 375751
1415 1631 8147 79778
352 748 700327 920926
62 438 405712 470127
1598 1609 299559 882161
137 1523 665080 274874
199 433 816581 132721
1884 2149 491073 625726
65 1077 331029 336962
856 2156 819486 950792
1394 2104 388397 180398
897 1069 95558 388079
849 1970 369889 526137
775 955 821293 652976
156 1855 232008 881257
525 1937 474952 28620
1906 2004 733941 688520
1156 1940 729164 696127
1095 1348 363902 688777
1415 1847 710446 124799
948 2052 624247 484912
688 2077 171812 470876
70 348 539382 615536
1235 1562 524578 793488
236 368 886736 794620
508 1911 347677 199630
1654 2127 463962 907418
640 737 830474 934262
1280 1336 743720 851374
650 754 728351 656298
328 2199 909264 817998
62 302 364688 861987
444 1269 485862 839092
936 1755 681297 267685
558 1022 262593 56105
1410 1931 899674 95889
584 2207 320436 780092
375 1283 304989 24616
177 1675 205973 152690
936 1690 509904 537942
934 1403 665848 672446
349 1968 838185 522585
1510 1651 175219 985947
408 1623 928284 179092
639 1621 477147 841007
46 1958 430558 840903
710 1481 125381 923597
101 1261 213860 342453
1324 1805 17029 940782
1413 1586 43812 666489
148 276 580529 14485
100 1562 456658 118956
401 761 675934 183921
561 1299 621155 444580
831 1126 555744 19332
348 1957 939596 157025
221 1577 973261 207754
311 2200 278914 285553
156 1395 665722 527788
475 2148 244923 905073
1566 2127 591932 768000
334 2168 743658 237140
217 1795 586663 396657
518 1616 152262 576287
41 128 776465 845562
1899 2080 615235 200393
1219 1356 732367 977428
162 1481 665175 897201
855 1410 531573 690869
213 2105 1013 582402
5 2032 59417 703314
889 1097 492052 289728
321 2027 721296 507890
1221 1772 565864 921976
1180 1301 185070 315219
167 1484 75942 496803
1173 1737 636489 177454
368 686 844612 628927
786 1262 480182 783291
74 1379 23157 457535
92 347 313546 519866
1000 1921 423728 726469
584 1079 371609 196610
277 380 715945 516322
469 1512 64953 925701
393 660 274773 711999
1126 1681 539646 799322
1154 1999 464617 180213
458 603 106239 39087
1154 2209 899163 310694
269 2088 513295 174746
954 1214 277535 501100
725 762 77188 929423
995 1875 569130 303645
290 944 898162 92550
722 1152 222577 378183
444 1074 659439 571816
842 1775 488361 442004
854 1630 38800 178792
75 363 840648 672324
322 1390 214442 773149
17 1768 33858 283581
870 1724 697873 947889
985 2102 230668 93365
166 1344 79259 81070
1187 2188 632603 227124
436 1597 333661 320701
1081 2181 144036 822594
528 1145 928427 23493
1741 2019 42141 243635
943 1447 234011 622395
219 478 783290 608758
214 1358 989890 630445
56 791 111920 184950
1940 2042 534708 98614
627 1282 942388 423477
717 722 762760 616328
1511 2118 545852 259717
1826 1950 772369 170767
635 1505 93883 139369
1113 2081 901604 178217
292 1122 473448 907478
821 1499 778008 68142
1188 1641 219639 396211
218 1813 400832 753288
568 940 680989 803476
767 1322 358897 337540
413 1938 705040 711814
308 937 409346 833875
934 1014 123267 889195
1423 2138 611078 364193
312 453 374701 492807
901 1525 143955 376131
157 1384 281730 793982
60 640 219133 217962
1477 1638 427384 354899
1133 1554 54426 741473
953 1087 434818 465675
547 1379 739263 244979
812 1229 54551 604777
315 2092 465921 122000
90 164 77675 48099
388 1857 854644 949275
1571 1999 892723 144525
348 1004 346990 283223
1421 2109 525540 220049
220 1468 674372 182028
87 2183 659891 720636
818 1582 269707 39131
708 1675 316630 162081
846 1192 795479 351202
476 1884 97729 340651
1814 2106 415742 313152
164 427 904681 419201
952 1304 136660 314944
678 1097 180611 731549
72 349 957807 816353
271 1833 979205 243706
425 1879 152484 76463
690 1165 823907 635176
1314 2153 247496 678773
745 1083 836625 844531
1547 2009 781103 746446
270 1535 829895 741173
168 525 626288 334865
576 1010 524919 31802
43 1418 656605 312756
1292 1570 188375 788566
1542 1670 334158 171593
360 1351 275933 991595
1537 1712 82838 420060
554 1538 774077 484705
1485 2194 6667 211721
500 1817 295916 424037
106 1564 508673 99250
1633 2139 126879 526072
275 1032 602191 589568
892 1857 419788 140161
966 1241 701320 103231
18 1076 555175 211008
23 1755 133569 888264
596 1750 565285 210515
24 1256 635409 339125
51 2212 171515 711697
710 1798 828299 854950
249 2201 169054 902091
1337 1864 476101 502252
172 308 555972 378631
1133 1932 140435 786996
768 1279 824928 727815
1452 1502 733068 951448
1720 2116 603561 521392
312 1284 332098 941592
1575 2188 388756 241201
214 1437 969869 118450
1624 2084 420180 373333
851 1438 531584 898307
812 2202 949727 467024
387 1360 885937 200429
255 283 724907 267420
1199 1966 245237 390371
729 758 296236 444748
1498 2141 822369 678463
1406 2126 618391 295397
1389 1515 527177 100585
356 1323 122530 927335
387 1473 154499 493592
328 607 648384 30785
532 1136 940067 581300
907 1685 51432 122229
644 1030 562175 339346
744 2090 963982 547485
1310 1416 174124 548762
1032 1974 930535 949159
2057 2121 289279 951682
646 1151 478185 950305
1525 1889 333836 972653
1074 1123 913351 162984
1364 2132 303785 955610
1100 1628 690104 900989
639 1701 884907 642758
842 1354 40880 955691
765 1341 349351 968231
800 1178 649444 506122
1930 2040 216497 690481
1184 1481 711754 381282
447 1939 430943 373569
795 982 847381 582171
312 594 163141 540897
1267 2026 284412 635635
1017 1390 587578 201704
870 940 3059 157016
1081 1513 164817 413344
1169 1292 477615 453538
1150 1592 852447 570764
1033 2136 308006 60166
645 1373 200315 778072
652 984 147275 97580
1188 1919 313400 601145
1709 2112 903445 85196
497 1430 587692 352533
571 1988 272184 287796
1464 1646 94059 339662
657 1691 871081 342269
1446 1752 936267 429540
268 1519 731358 788596
21 1455 818273 748611
803 1805 386250 599120
1168 1523 932610 522039
185 1055 530212 718909
1251 2071 360066 666370
1683 1942 339616 440424
135 1283 31415 43072
1695 1967 616243 37946
1167 1350 334198 792839
1216 1539 880915 40154
124 899 428755 705588
917 1467 236916 973426
1395 2085 703204 209979
1051 1255 558090 92852
98 665 541886 226355
610 1067 247564 553462
1348 1674 349622 996033
190 1059 257519 907732
86 1310 333664 704854
1644 2048 218022 82316
138 2161 587794 259055
425 730 872 810371
290 2193 128161 378895
59 1511 549929 682792
788 1967 13985 942447
56 605 206558 156725
387 1313 356392 879467
86 530 402620 849631
197 2015 870539 411217
172 2191 686073 94245
1381 1815 455966 740709
503 811 40648 152485
153 1521 931959 219297
854 902 661664 933948
1539 2151 733163 231294
1937 2137 858677 727191
888 1437 819535 288958
805 1842 827004 720435
979 1571 898615 178528
1090 1290 548267 943340
680 1545 618425 640590
237 1970 924470 262130
1050 1666 564650 74120
804 1528 609874 243853
576 641 639198 424956
30 216 776372 945626
916 1221 907563 180883
274 1961 618641 636016
1204 2177 247398 428380
1699 1716 805214 352128
136 807 206435 875211
752 1052 850385 460025
403 2048 38521 772849
8 604 554398 803979
1612 1968 188346 143266
1121 2112 324090 341371
146 971 459646 234293
381 2109 478491 675569
1293 1648 772568 238960
708 1687 877172 779422
212 761 398238 943525
1052 1231 659068 112243
190 1611 373349 605258
193 331 868455 107573
450 1149 698689 484720
176 619 822442 69
1780 2044 841225 363917
180 240 745658 92344
879 1782 411983 255982
1274 1658 783757 305211
432 1241 741867 107974
398 1845 426582 123978
1711 1949 632688 239095
316 1328 272140 737499
538 1036 260084 484976
707 970 260324 938413
405 1247 732172 508905
91 716 22673 526651
286 1378 759308 117218
175 1189 615817 479229
1734 1761 805642 812751
1479 2083 740738 480223
68 1564 713691 795793
633 1722 549232 963821
416 2067 89875 454437
1756 2166 202760 491993
1425 1462 575816 381952
138 589 375680 977840
253 1282 776783 982068
655 1155 737227 148440
2045 2112 531197 501645
879 1780 594016 179138
1609 1864 335910 74216
154 914 432307 779507
446 1569 530016 910376
1239 1991 436985 584995
99 1866 830080 631819
472 1809 531880 575930
91 1508 770266 129130
175 188 255155 433182
1172 1841 717124 515808
728 1354 445073 225533
1431 1960 136211 237103
432 1057 324854 481072
337 814 50587 864570
236 710 478103 570884
1128 1799 896370 119791
1346 1949 154602 96472
261 1843 952557 274005
607 2048 851810 795482
1415 1663 847777 51007
229 2112 190710 44458
917 2175 877538 593036
266 1850 306330 702585
1803 1945 256774 597684
1172 1402 325955 257443
641 929 965602 811586
979 2106 612839 368405
1045 1810 31754 475584
203 1687 260921 555780
1303 1876 528596 2518
1103 1324 990000 8518
1035 1139 944213 653127
221 614 51392 55610
1049 2029 882530 947354
1293 1683 652062 213858
590 1305 749583 529442
2129 2155 218048 417966
1271 1962 396530 380500
459 1949 686809 360184
1806 2002 21087 311203
426 1694 874720 117073
1404 1506 869869 903238
179 294 836233 280244
573 1551 878255 802182
374 1770 526154 734912
680 1105 503802 454204
1101 1518 896662 369084
190 966 25765 574843
101 408 146340 351025
1649 1966 878787 780215
1693 2141 273767 948644
1013 1448 991530 335751
983 1768 934999 770160
1597 2039 153774 717796
336 1619 428518 549551
678 1883 680230 634667
353 2186 995722 106907
82 1710 218084 553841
1348 2181 866105 155186
533 820 816000 96656
490 1110 256871 23847
1768 1819 201293 972926
209 1934 51657 840865
27 295 622946 633733
849 1223 506004 286270
879 1120 590545 605163
2139 2152 225918 569854
1311 2191 193074 101405
466 1988 162746 232149
1905 2146 373720 378944
688 1812 717055 633917
1277 1473 731545 602449
244 380 931137 149633
1248 2105 406665 733894
1797 2138 235958 773144
1369 1805 149695 384268
339 2005 92305 17205
468 1868 604942 308115
904 1807 621961 313019
976 1571 104715 902833
805 985 648658 814950
1838 2157 757965 856675
638 708 108705 642316
111 1424 610919 699803
863 1768 818795 309477
1687 2052 232686 230531
555 988 83366 9012
299 1892 430201 520229
491 1079 603397 525758
425 840 476187 444537
258 1182 929855 654979
836 1678 986794 877905
659 998 356296 539125
595 1333 521275 807934
41 633 376022 120009
1548 2037 473378 635865
486 818 225180 878145
323 1986 711413 133296
642 905 65489 626311
174 2004 938121 325404
464 1010 18281 442921
271 1190 511794 19295
1515 1657 510169 524424
601 1170 671430 268856
223 475 71510 286405
201 382 386458 61151
286 1160 287510 848725
1460 2024 970818 545045
567 1184 60493 56065
69 1571 793877 536074
380 1599 903280 87836
1063 2103 471014 943831
125 276 901300 971385
1659 1750 412490 577562
562 1783 248974 919015
1244 2093 171352 247053
580 1953 316340 609715
1102 1633 905123 602676
553 789 898521 189997
98 1560 489408 15877
78 2187 609908 779862
902 1188 730118 709158
868 2056 470841 973771
1216 1436 410632 669243
1292 1565 688478 243082
1234 1488 591452 246406
1345 2081 607510 432625
1405 1645 373462 433231
469 706 496728 595126
239 729 850061 402526
878 2162 409112 494774
460 1123 240980 479779
2120 2122 262923 442414
1602 1708 340096 622659
287 362 229799 39475
827 1336 542312 410460
738 1249 71775 31486
781 1889 783519 753564
660 1884 565290 119440
1570 1766 714298 192356
775 1020 312060 212325
494 832 786128 536781
1940 2072 697034 840436
759 1219 273268 583238
1465 1995 867402 784040
1116 2180 48572 341570
905 2018 971567 281596
337 357 374780 606982
286 923 252336 91169
130 2132 416459 662334
346 452 808065 433671
257 1480 512700 292869
383 1929 285079 270251
413 1735 341284 365239
425 1826 401768 74173
488 1161 560922 278771
772 1935 425831 374620
643 1077 175729 338572
308 621 286411 367903
683 939 561215 163296
788 1595 11912 369755
514 1039 856920 216734
341 2139 144147 800741
915 1848 914386 866065
1232 1248 662370 302163
702 1248 835010 142418
860 1405 464616 735009
366 1542 186749 925705
1334 1979 547100 453910
1849 1984 870423 120080
143 335 466482 964434
1500 2136 974374 840571
141 1960 418848 482968
514 1262 184767 406906
1028 2122 825177 407627
685 1642 858998 570556
512 1939 659028 734881
1383 1444 699874 239153
833 1009 756485 506890
1134 1650 875221 411876
150 1063 928033 355936
13 552 854311 367497
599 1166 981981 538065
1494 1683 784491 669800
499 1772 25198 648913
186 555 705015 5515
121 1914 558986 371514
232 327 686624 844821
603 605 549861 381075
561 1869 862522 958876
933 1410 886708 516868
328 927 60251 657198
144 1088 411948 964753
222 1062 258584 500651
91 2132 320771 241382
1209 2012 725509 661673
289 1852 937580 997147
1028 1622 724536 385552
602 756 527774 196114
649 1530 285702 286031
501 585 760397 519261
372 1432 545476 320455
827 1119 281583 343177
975 1788 795782 798316
161 1448 409143 310644
1115 1397 578914 828728
306 1769 204508 903662
695 1113 708845 958929
16 1236 560018 637764
1100 1935 106171 572912
1176 1558 730382 832745
664 1714 371746 4606
251 428 274885 445525
286 537 952311 218510
84 803 246957 385350
1727 2113 130511 650280
1136 1428 35449 816733
307 1522 330942 14779
76 1686 538592 323417
1349 2075 741722 426909
951 1410 636822 657164
126 174 742839 180760
1357 1907 72977 546374
1209 1396 992236 72149
997 1917 802180 162803
101 1160 640396 887389
1010 1971 124390 362871
522 541 516908 957581
397 1693 834923 403053
1900 2181 636835 90051
861 869 391496 556738
581 1243 21252 870922
1254 2036 934770 795741
139 1728 453669 180254
1507 1778 768863 942783
737 1820 963738 904691
1600 2107 417411 921466
486 1558 417657 960502
958 1535 388435 166962
1539 1869 764375 331238
887 1554 129220 974167
570 1808 905225 150848
980 1245 21579 881982
235 1095 449699 917217
72 1943 902238 728502
1009 1728 991611 623609
993 1209 763696 351565
519 1623 524966 73678
24 679 193976 776871
1058 1233 603832 315335
188 458 505323 356498
1570 1713 390344 378471
1955 2198 6652 730671
92 683 989096 125935
57 2149 727969 162110
597 1107 838896 222032
1018 2099 280464 615143
1558 2090 478195 982224
1266 1622 263357 709058
452 615 888967 533595
527 1179 416157 38653
1099 2109 362625 624820
649 1866 70054 942978
195 972 660917 671903
1090 1891 44299 525425
672 1598 450041 77122
187 1686 612611 958058
1540 2144 872738 533376
230 2145 67266 915954
1773 1990 420612 433722
418 1008 156029 464127
182 1093 132982 761060
1263 1346 915626 557457
46 2187 146186 216472
869 2082 928700 775444
1870 2009 996760 94286
28 1888 339242 864851
78 1008 259507 793060
236 1640 901224 747521
744 902 548785 963695
181 1532 384427 817016
944 1590 629927 695540
2089 2178 809193 348717
139 1086 870825 9072
591 1744 929045 190498
1104 2169 565901 817745
1959 2041 537318 921546
1716 1888 638248 59758
254 853 48656 64916
60 392 377103 433857
353 1221 571400 485742
1123 1281 129750 194769
1805 2005 118724 400163
109 249 537235 250721
1386 1867 717880 953732
116 303 141979 514548
928 2167 345560 812684
719 1625 169026 240878
515 687 292315 310766
504 720 755870 812573
399 886 443510 526670
54 1521 877764 690908
720 1486 731484 637243
527 1508 312456 851022
1833 1974 667972 532209
829 2183 743488 409065
1059 1377 812706 908629
740 1475 43777 894988
1396 1681 694827 879981
842 2206 301215 882021
1603 1755 329876 600577
591 1134 931377 642101
590 1469 228818 513495
776 1819 302346 407955
160 863 331035 110020
909 1149 295167 848198
184 2129 608867 720929
32 1191 813991 512794
395 1084 251167 534033
1242 1744 274581 643004
577 2096 618692 88187
181 488 482462 677481
917 1926 246408 119763
546 1212 869465 545299
1100 1999 279774 885193
1323 1538 116953 972585
1072 2086 274557 293105
1072 1186 678644 909788
152 1488 453273 324079
1377 1554 351870 489730
1483 2169 886056 727048
880 1312 324686 404378
810 1668 349405 696317
410 1747 709751 425138
633 1860 690735 955890
577 1997 747342 582762
399 875 512850 785986
1442 1811 831466 837681
1636 1886 429051 62006
1990 2187 671774 940292
701 2160 899615 127718
44 1699 373376 474948
111 142 825076 799551
263 1242 840228 615004
791 925 475629 505171
1602 1775 422048 533509
810 944 749249 642024
617 801 158089 495199
73 1510 621540 141366
316 2112 828468 518692
665 2026 996620 784072
806 1765 987125 758062
402 2106 130156 316616
1698 2128 643362 191708
1678 2167 878395 664284
780 1095 813712 30315
1174 1960 869037 607746
86 1213 94547 686511
359 2025 988471 211315
500 1933 963393 166284
352 1547 821390 513785
1493 1569 141359 309071
7 1458 780904 215323
667 1483 549746 576044
16 2119 399673 850956
589 2138 430430 176142
4 599 185654 339132
286 539 884489 614972
1568 2070 879828 425189
863 2181 633927 45510
768 915 119176 514753
355 1823 581295 302078
2041 2203 75912 288946
1235 2063 733652 437607
401 1832 758279 689444
695 2143 503052 648894
1174 1675 201148 680491
1507 1599 806187 802326
1354 1898 81564 138009
516 1199 47431 730978
184 555 127386 328907
242 1185 725557 5631
1289 2033 320685 421679
754 1907 800713 445355
1927 2052 901896 325093
1094 1276 347226 314954
514 728 570466 168089
869 1182 453883 155140
1416 1796 269743 474281
1161 1172 236865 994885
433 1620 757221 768482
93 1278 157123 239689
1731 1827 256887 474220
48 2156 585748 885049
134 1459 348 811066
159 1515 366282 277398
1018 2009 91016 89105
639 1690 226873 847950
372 460 332144 135586
255 1594 369655 876405
1190 1947 828490 150529
1099 1629 304985 898205
516 1713 871177 819333
242 494 140084 465446
91 507 46756 409964
359 1567 383836 990381
518 1712 479951 959760
892 1559 875239 732968
385 646 187327 141172
385 2000 403946 699589
834 1567 241386 945243
982 1245 195385 293254
1992 2039 876356 184088
989 1318 834090 377750
615 1833 666241 158969
1508 1834 324434 548606
878 2021 978520 520742
573 1207 687109 281746
9 1581 953790 605699
1746 2091 525402 2928
404 2086 404710 402956
853 1433 440611 431103
173 1968 202887 903825
291 969 642104 920384
139 782 695572 121043
331 1416 298348 68936
933 1721 844165 942344
563 822 187989 991484
235 1058 185100 918643
615 1779 229640 817827
582 994 368543 304297
1701 1737 500634 82497
509 1596 983028 67920
959 2120 443231 879182
297 2113 707519 63227
1807 1814 592301 29984
1184 1309 915125 754497
917 1202 878360 633587
119 205 773067 346455
13 1998 388086 190803
378 871 926902 311831
360 1206 180700 99997
180 1182 448748 529340
454 2041 446175 213662
136 1045 624097 815875
602 1220 78483 53187
556 2093 764874 823624
77 1776 915150 977936
249 1720 125660 515649
785 1818 301029 409094
4 1305 915725 798578
984 1984 680300 607398
1571 2096 348241 992702
1041 1896 736698 195105
791 1464 349724 216414
1636 1868 815521 760163
1013 1197 847077 933477
2030 2115 868473 450452
101 1843 210721 842287
849 1686 239189 918176
29 2027 806659 556906
106 1274 560075 310378
140 576 81538 158490
929 2060 774128 31013
872 2034 144530 764533
255 869 965656 721003
738 1804 12456 682578
311 2069 592409 231183
4 265 938233 173686
418 1603 931464 148850
226 519 203003 154041
112 898 429882 420004
1832 2104 623394 643989
164 935 331971 966984
38 950 202338 397537
637 1101 283641 631389
191 1775 234803 280619
893 945 404272 496980
739 1760 856327 169789
1365 1864 775999 672177
1435 2087 451732 715080
1081 2016 526009 798437
871 2057 156176 527501
376 1751 837491 63826
1861 2000 653551 745206
1032 1296 673604 380161
925 1959 969318 149480
2046 2213 71743 919443
92 115 615275 215351
1212 1217 697530 174125
1382 1977 121009 248296
739 1643 124553 790563
948 2143 859183 853952
1145 1465 937474 876822
188 713 90649 773930
364 562 180090 421507
405 1925 323300 272480
1193 1673 812934 662313
297 366 560005 462865
259 572 671290 606757
206 552 494450 624414
857 1934 132332 523734
1268 2213 608863 734166
621 1251 892401 263551
1750 2010 218689 912750
916 1494 293662 578814
811 2126 891789 472785
146 1275 191367 605438
1482 1617 316344 731421
988 2162 642178 225167
657 1443 469048 101442
2 2052 595875 487200
314 1287 594688 432586
1 2043 828352 522010
568 1282 701767 424979
397 1041 421934 119323
753 1543 959938 914188
304 620 88066 859816
1128 1252 819748 805416
452 1328 432336 394740
1676 2150 453668 982058
1037 2031 107374 196925
379 716 91381 628155
179 675 801137 987312
1761 2068 581646 146620
455 1918 67182 616297
349 642 652004 503820
864 1679 481849 183169
1833 1928 543018 65391
1186 1518 113320 414269
1366 1951 65175 611536
398 989 442703 31588
2006 2192 662878 353617
505 1896 426564 249097
200 1572 967542 781609
1607 1718 886428 601452
1847 2070 141268 105803
875 1249 863020 191493
95 1427 185387 535338
768 1144 652681 488730
16 523 202162 603812
477 2076 97543 727370
555 1207 578972 450393
951 1414 204667 306216
903 1120 311072 110629
1581 2092 597564 584481
20 835 130035 6782
676 834 896157 434561
259 1355 413576 732178
538 1516 628724 325579
587 1690 182230 204773
417 797 271062 904244
765 1348 392977 850917
518 1709 745751 66264
1327 1993 634734 177283
15 297 452301 492928
1085 1328 183266 403100
880 1684 154381 364282
1132 1744 831714 388539
506 1081 613675 811251
972 1471 237924 137208
1579 1920 990781 9114
955 1605 856924 760064
1636 2179 243160 682101
336 1354 512959 234013
216 1405 307281 985427
49 1439 851970 226710
291 937 993532 685782
1244 2111 978779 311744
785 1372 913775 412858
151 586 773181 668117
252 284 757822 778052
249 383 903967 132710
1011 2125 441984 766206
792 827 254517 123600
297 712 11400 4841
813 1572 751028 23904
695 1990 57708 887998
191 1618 798354 713047
127 888 485632 620093
891 1806 929155 146734
221 954 74074 175241
1000 1663 286651 64951
328 1273 430095 963874
328 1144 401266 298804
772 793 531124 69368
575 807 890522 559745
1161 1292 384861 934757
750 816 727273 153731
373 1661 684640 281501
116 1682 491285 9006
1542 1802 904978 293060
1322 1941 785106 961759
785 1622 593351 985861
756 1590 74389 851579
1085 1215 38549 185622
1466 2195 431891 206382
454 1665 563345 822509
1005 1820 814082 379255
176 1296 560783 952263
342 2113 384662 17431
449 1067 265317 940847
1433 1732 619139 108025
346 1624 694888 965375
10 1954 509313 872463
975 1708 564845 855882
1696 1935 333890 919542
424 1072 467592 449719
456 526 702204 465704
927 1927 267791 305505
177 1246 904613 869906
805 1228 425815 974615
1505 1702 315953 8865
683 1830 817908 734866
631 2197 568853 872826
3 2164 388668 663226
1574 1756 155015 367528
230 860 778372 157902
1519 1860 181114 169299
875 1854 66529 512407
41 901 761317 486204
1093 1544 895527 262963
1504 2007 7484 259898
472 687 523948 142906
500 524 808692 344760
566 1394 288965 318347
1978 2120 994306 399857
22 1416 157382 580648
1603 2019 764508 613920
650 1476 919237 943702
1170 1535 800502 708538
1176 1826 892247 173059
207 1855 755845 698262
110 722 906896 675184
373 1691 774398 247317
468 821 679686 686536
593 1801 307670 326172
351 1096 885262 818543
120 175 780483 860522
336 1098 969149 461527
1 355 187064 635552
802 1642 728551 641695
930 1853 38828 725116
1419 1548 901474 972120
539 1752 955540 959286
2043 2061 706178 112849
796 1328 833763 960116
157 1498 935646 112306
967 1375 814544 959821
1282 2163 460809 873976
815 1172 11790 128028
573 1006 901721 106011
724 1341 326932 197671
1532 1833 632418 643342
234 521 496919 836798
58 1083 426746 293162
117 1252 366602 647871
722 889 600438 339184
1463 1683 955748 157022
1355 1460 721451 133214
847 865 878680 239244
74 398 941677 999350
55 446 353885 991353
859 1313 281682 229984
14 913 31400 266951
1170 1203 63023 717376
85 1819 503340 409553
373 1542 441560 723294
235 1782 140704 93003
931 1692 876579 416344
1345 2043 229367 821313
597 1447 458405 926658
1452 1807 281257 750885
932 1144 967155 599424
540 2204 472744 451488
204 1034 276001 552068
595 1444 282858 542160
386 1493 555525 159499
679 1260 989029 243021
824 1552 305459 808436
843 1824 832909 503607
879 1635 522626 536510
155 755 809111 26660
790 1667 932101 127543
368 889 992632 533009
158 693 525393 379231
1676 1964 226597 749043
730 1208 599805 278567
796 1467 370964 639322
531 1666 915484 888435
1727 2122 14585 334849
1775 2168 187204 560264
1711 2051 329225 81024
1406 2082 34889 995783
1235 1331 192505 311997
244 531 12545 265240
637 2013 609023 660382
1419 1844 936577 297399
218 683 961294 407321
486 2012 485406 998533
716 1288 799837 980557
811 1289 476524 422020
897 1342 730400 790886
98 2027 116801 647848
841 952 398477 973055
697 1954 312626 850977
1981 2057 94423 957780
969 999 955476 863476
1233 2196 277173 943365
625 1456 22459 580081
665 1384 251099 667585
393 1273 42173 307022
243 952 273086 289107
412 957 795758 165865
1437 1547 925651 296611
124 1477 327524 707868
1415 1683 427983 369818
141 1577 326132 976514
178 2078 273512 621202
1994 2190 331315 977242
214 539 943506 642599
476 712 617909 239620
691 1914 359554 494454
736 1233 542353 952907
983 1169 305901 467725
869 1935 510745 32219
1256 1482 73929 950591
359 1889 101093 792410
864 911 204362 103390
1127 2134 676104 847018
1544 2145 63333 22198
872 1706 955736 545428
1965 2083 273679 706128
1452 1664 130154 805935
706 1378 332541 833361
1672 1833 770322 457239
973 1927 159269 445012
476 1344 442726 927756
236 247 632442 299789
2097 2166 262587 709245
994 1285 714227 548903
806 1745 570661 860826
527 923 359556 728013
1722 2207 583802 737158
557 1237 261475 282471
3 185 246543 298848
226 633 728259 911258
246 936 451448 473377
308 1848 86427 258157
289 1550 538316 454052
884 1567 799647 577961
950 1803 234462 905305
473 827 835972 350762
691 2103 339395 951035
322 886 536063 619604
57 1190 142353 778474
2036 2188 671622 202170
99 417 551326 713233
640 1567 931341 568751
96 1952 34364 399100
122 706 757641 996398
1007 1101 698115 999776
1725 2089 910191 77375
483 1278 833286 427285
210 2148 588852 159135
711 1920 359195 514088
868 1308 434126 903691
469 1885 740950 214998
864 1454 232625 178255
688 1242 738957 332642
1624 1825 338322 195267
786 1764 539861 952468
384 2153 488550 200809
1623 2195 120707 343610
348 1258 423458 835985
847 1923 388395 24973
672 730 763708 48352
1242 1318 368931 360759
949 1552 996007 500357
526 1544 823488 807039
361 2093 975962 83444
744 1660 175319 340946
154 1871 132362 246182
1544 1712 798652 922936
1025 1546 233898 899760
239 2143 95429 200791
1323 1753 96305 191405
856 1883 742726 805155
1328 1786 307218 268295
846 1741 956758 736281
1121 1400 775044 23920
1781 1800 326920 7303
1341 1658 793788 62724
1398 1513 332081 516318
1127 1873 810733 738448
1325 2077 584360 853330
823 1783 754830 400426
531 817 192704 466062
1370 1645 651667 994292
683 1651 126415 660646
660 1781 887217 239880
1420 1891 604137 538630
74 1790 757597 359643
213 1191 522788 73123
522 1266 427084 717882
315 1165 12245 74536
1568 2091 692020 137712
252 1016 583761 819650
1522 2041 491273 88384
184 1297 763692 365970
95 1941 527360 345934
825 1194 965372 474295
1005 1449 696974 626925
87 829 712534 902637
1138 1702 585512 828902
1852 1922 203150 531057
918 1315 242436 981479
1165 2174 504762 450412
1436 1793 561430 965623
293 1403 307951 178043
22 772 607891 977090
518 1115 719682 378174
755 1141 528944 406358
574 622 636679 798711
64 1941 964195 126595
268 1751 142740 398131
13 794 292191 286625
1421 1459 637566 324648
15 1399 426267 325868
1216 1242 353433 781121
504 1989 245771 212464
1976 2119 837627 674780
367 2190 823141 603211
300 400 991161 839462
1849 2125 920924 469023
301 332 545895 610697
1579 2020 115431 857991
644 1032 261275 956723
409 1953 18524 44758
615 2145 545376 462551
1025 1988 321013 504269
59 1064 347990 278219
1321 1435 271088 112433
515 1079 272487 229767
517 1303 897809 182301
844 1848 935929 272018
68 1616 702365 874772
1088 2155 30385 569944
31 876 861850 559278
1117 1325 185396 83191
238 1113 286349 154429
813 840 39783 182168
240 1731 331770 447822
713 1171 717871 513444
227 1029 618150 221519
71 1863 615153 644912
422 663 507671 53770
904 1204 205010 343445
419 598 838673 14519
866 2097 676151 419565
671 1928 798106 210421
377 1804 851973 663149
1324 2005 295862 51749
137 1550 316128 794932
655 2208 628459 401944
305 1714 549743 239940
370 1858 968893 824620
1261 1730 80214 719061
302 732 485489 339023
759 1369 412345 771636
1168 1719 913805 322010
27 2051 10495 978346
548 1217 877718 280166
2052 2119 446028 101254
611 1620 836943 891848
199 986 836548 374958
945 1752 68224 945328
459 965 248717 982978
105 1997 385260 936451
159 222 853069 958976
1815 2078 718552 880565
479 625 775655 809181
815 1308 803593 613109
1852 1936 914497 480844
1427 1859 554438 855245
691 888 545857 188760
515 1745 729617 662036
1023 1947 18634 519640
69 1852 627441 452989
509 576 378498 557109
491 1736 274987 536902
1064 1533 17486 582600
393 1184 187843 438925
28 1152 219475 155713
1533 1580 259518 700430
757 1887 415926 138421
170 1673 388258 169253
421 1552 19932 529865
1864 2089 529843 371260
460 1018 667562 762294
177 1215 195063 810008
1205 2124 57221 905412
400 1033 599730 989138
240 1246 613970 703898
665 1360 790122 905768
125 193 35957 797576
490 2012 337443 542476
1715 1993 650453 823055
184 1482 329635 414302
826 1237 925846 601239
86 1792 936942 349771
740 1556 39901 728061
370 667 623945 981536
1738 1856 313230 11442
175 1642 852602 892489
937 1558 457488 538949
6 927 748165 317592
57 1605 7942 758344
1118 2079 751408 213489
1532 1642 753623 447474
595 1300 251840 65652
2089 2115 861286 93257
343 1553 619384 808522
142 614 373273 529300
433 1266 234016 407715
485 2160 263254 262669
1534 2017 442618 529285
503 1308 540416 578325
574 1351 863309 676020
657 1383 84541 98525
569 1955 977118 163192
717 1584 630386 80846
565 1795 431217 554755
311 1819 826948 895570
1198 1777 886411 694455
241 1836 813656 24810
1596 1849 883122 403554
76 646 750099 664633
922 1864 814699 941755
885 890 718490 445673
1098 1539 350649 830416
137 913 861394 705185
723 1205 590180 809757
27 1475 37600 24221
84 1197 973358 982501
206 245 756201 486676
152 1283 745311 54588
1524 1940 186770 92451
1696 1986 966073 200768
1866 1921 147904 141028
1474 1622 836675 783055
428 978 431127 281675
735 1990 302594 239035
360 1647 122110 856246
273 1393 535290 57804
1164 1583 927449 689016
1146 1895 783728 660488
263 1049 1932 923652
1643 1867 529130 452410
206 1828 747902 762167
500 2037 359213 215196
234 1108 684050 972647
408 884 352124 498961
0 820 928174 666224
1006 2208 239391 51836
942 1675 408952 757680
466 1561 738520 335321
109 373 907603 290008
262 817 807279 989186
110 1552 72485 942965
837 882 475430 437426
733 1337 993684 813920
21 657 690756 770513
1071 1225 787971 476398
1447 2030 551054 402214
287 393 662232 802866
1307 1318 226952 76961
658 872 747704 370953
1304 1383 585143 253440
611 936 747592 232768
758 1005 429537 87710
279 612 180973 551809
314 1638 328202 140343
1277 1312 570124 524162
252 1685 491640 937196
1474 1808 171338 117807
225 934 301487 184411
1880 2194 996300 578564
19 1916 577717 503619
1305 2184 542455 330519
1248 1370 528974 199662
628 1527 178799 496830
100 1075 52544 686845
190 550 436507 315337
1631 1723 157967 116674
323 339 967583 478086
230 1672 125249 347837
255 1325 407583 564178
1103 2192 536921 321931
729 2120 716482 626054
800 1175 575455 256499
886 1781 905067 555828
1466 1747 171670 473446
1055 1744 498369 159331
91 1692 571779 890151
206 2051 15463 886027
316 327 199916 9703
866 1324 912452 489313
1660 2207 648085 605609
69 624 938619 474756
299 2122 781188 618611
60 62 126770 480766
511 1219 714557 182978
470 534 989902 542265
244 322 496390 991404
442 467 79029 693784
837 2020 250979 78079
344 1903 425034 331367
1090 1907 877529 20971
278 2039 847219 951587
330 1503 81710 671810
867 1345 838165 854727
72 1185 72358 833623
914 1251 836181 670455
907 2168 341127 602931
230 585 390872 278787
1201 1589 435094 196059
552 1587 920003 442882
1035 2193 274134 872358
431 841 573435 299109
1036 2059 134223 425203
70 1660 92645 10462
516 2003 894979 216563
1584 1975 590949 331200
1691 2163 237625 779084
105 1734 371874 562299
182 1829 83574 70231
501 791 664704 398107
115 155 212734 941884
934 2178 128291 92537
376 1491 270230 870647
773 835 949746 97305
2082 2141 987524 183945
399 1494 246864 901177
296 1408 149709 835541
426 1470 301476 222553
812 1684 441141 867727
252 1495 965713 996419
1172 1563 868225 421838
1628 1997 457918 282784
110 514 893879 960353
124 1394 370894 908868
1167 1534 15195 961177
50 425 220327 969902
328 1599 447603 383366
785 1808 832815 181861
1328 1547 7555 862590
1013 1236 152713 76887
458 1214 821584 654454
894 1801 310619 530586
941 1167 233504 512009
282 1375 957002 856077
65 2102 154616 742523
1122 2031 504443 310756
232 1253 321692 70887
1257 2086 72787 780462
469 693 45649 216817
1384 1632 47415 875328
1272 1355 650909 529366
530 2076 657612 266241
174 872 341636 454528
609 968 636151 317530
109 2152 733452 284466
2 1891 26653 99180
338 2185 262009 295921
237 482 764835 135490
204 534 838993 239355
208 895 127021 74362
33 563 708888 273551
738 1497 692898 691876
1146 2143 509843 419407
682 859 119590 88974
83 1792 344200 365390
670 1925 497373 600969
514 1439 598460 594100
299 1457 571886 254584
426 900 241011 247691
639 1933 658300 159805
1378 1379 410674 85116
1666 1783 5550 875611
1663 2081 520447 626078
281 369 172455 601225
1242 2064 263198 574790
1 1332 180558 999867
1282 1657 694037 806004
346 1264 358534 208407
374 411 7784 365584
193 1991 804533 282714
718 1847 220957 157118
113 1262 228864 428419
1571 1732 949560 375773
164 625 624205 310917
1079 1912 508286 44835
735 1763 136511 413881
350 1755 70069 406650
862 1786 515644 829699
1161 1398 514658 869566
870 2098 207977 996336
97 879 666568 656730
512 2198 447979 915278
407 1365 965167 463877
874 2205 981543 689308
414 1589 356698 514663
567 1115 221698 122550
899 1560 155086 9789
266 1744 560929 638648
423 1282 169617 558387
453 1284 612328 726589
1183 2091 402279 717209
1081 1668 402878 781405
270 1241 873685 427026
301 1335 116935 49941
317 1211 168801 947821
317 1002 859623 523405
972 1928 919760 824343
326 342 614661 442505
1782 1999 876902 436539
216 1955 355269 199529
1091 2058 84776 22202
968 994 779403 973091
732 1403 651484 105037
366 1240 180734 509367
820 2057 934662 206120
528 1480 388417 68190
921 1304 995372 304111
627 2116 928122 177144
429 2155 269266 683608
1266 1903 481167 238590
191 280 484798 244907
904 2075 767459 136888
1321 1631 843636 123021
52 2007 563036 158462
1419 1643 742842 706191
241 1456 559072 878484
145 1462 669844 804582
1221 1483 954002 902187
1119 1329 349575 861275
1666 1923 448984 533072
566 611 605401 677841
167 1448 640407 207855
578 618 599887 414565
840 970 463092 379717
702 1457 202669 617001
798 2018 304404 816635
620 1274 875320 858450
1539 2199 490972 129781
1025 1039 827126 519004
219 892 584625 881627
146 2167 883691 40486
397 609 296823 818922
502 1971 630813 231525
1296 1542 524757 671504
12 1392 837776 737203
1046 1843 307375 68454
368 675 228041 654678
1125 1728 837290 826683
1511 2000 904846 917091
1788 2087 558122 98895
405 911 576548 857620
294 1700 607318 762953
683 1636 922703 477832
412 1058 799505 489718
162 1322 263444 739885
470 1598 516802 402929
707 1837 791993 53680
1713 1771 219660 871830
458 979 364610 303030
1856 1940 168854 463987
867 1465 762293 297756
551 820 710083 330284
913 2090 320790 241583
243 1078 856825 886970
228 1615 412203 854910
1804 2000 579230 223112
463 1802 359544 955885
1772 2048 2773 603512
705 1871 636290 187032
1068 1717 665220 259535
3 1562 392144 263131
212 1592 75792 736001
327 1906 404452 162248
1072 1523 629342 154975
350 1309 806597 488517
571 2012 855059 212210
1448 1539 669175 126554
1666 2042 54868 679398
63 2166 693056 620115
973 1268 986374 328850
747 1865 797796 698246
266 1325 942606 289989
757 1759 493737 557793
267 1668 389329 439615
1416 2109 599443 751867
485 1525 100019 418896
230 896 52904 530699
719 1935 895323 770640
459 572 659500 497344
435 553 501933 448071
232 379 501925 828394
1218 1751 461582 99744
