3331 4227
0 1 93220 256419
1 2 657686 749065
0 3 203675 440530
1 4 3281 474752
0 5 50383 808283
4 6 585701 972316
2 7 757958 189666
7 8 265606 2111
7 9 17592 348938
2 10 324750 706272
6 11 593929 893897
5 12 110875 590307
7 13 816072 666364
3 14 144490 662915
8 15 739304 884947
7 16 983285 243902
5 17 107645 659461
17 18 528266 912582
3 19 852922 676514
7 20 145196 8484
5 21 116650 115127
6 22 816687 704901
3 23 139180 93396
4 24 118095 351799
22 25 386035 459268
19 26 244753 599462
16 27 12606 473712
4 28 375069 672161
11 29 427924 350525
3 30 511002 180429
18 31 214019 177199
31 32 133323 94235
11 33 83289 853690
33 34 916650 535177
20 35 684771 715399
17 36 912259 188551
13 37 885605 676541
23 38 943635 295821
36 39 978266 774372
30 40 539489 222664
38 41 359277 778256
37 42 748764 333102
39 43 591352 786030
29 44 826678 310756
25 45 688188 433964
24 46 758657 349301
38 47 223265 419664
8 48 833543 521722
2 49 662384 57389
33 50 953839 357910
34 51 845773 902198
45 52 167885 18496
14 53 342201 123892
33 54 706762 228154
31 55 894536 369578
37 56 286197 310776
32 57 512862 930124
42 58 9000 335070
34 59 879088 15513
2 60 583199 407210
7 61 867834 726482
2 62 706325 640705
23 63 906236 28532
26 64 343905 615269
49 65 659961 901799
58 66 561232 214674
39 67 319537 897607
0 68 869635 976955
7 69 808350 977609
58 70 588234 121945
66 71 747693 55203
8 72 458114 64463
28 73 315326 9839
6 74 824940 726117
67 75 802399 651704
53 76 856015 700412
37 77 129796 714104
12 78 56912 853947
32 79 130954 856272
61 80 171343 137733
9 81 752749 131170
25 82 137349 989146
48 83 908423 473767
61 84 910748 296458
2 85 426892 808529
18 86 801742 906345
39 87 723394 274090
0 88 514624 806604
62 89 867205 982387
31 90 879649 86301
30 91 942971 415528
75 92 565759 218953
62 93 99219 324358
6 94 209769 453108
70 95 234820 446991
25 96 537995 679246
1 97 26180 651113
3 98 87239 654778
34 99 902663 292537
26 100 68240 283114
55 101 9786 189704
59 102 396811 790652
99 103 537855 225476
5 104 787048 302899
29 105 193194 846652
67 106 20413 225777
72 107 510716 52958
0 108 821541 89851
3 109 931871 889401
100 110 817881 47678
36 111 362914 591522
21 112 836813 995576
79 113 513462 128204
6 114 753292 138345
7 115 956969 335515
105 116 252631 374788
3 117 867553 734451
59 118 822267 273936
33 119 244572 434577
103 120 826801 528303
52 121 903847 808009
54 122 23547 800438
83 123 967260 798334
48 124 649019 309589
36 125 474528 141700
114 126 345175 661753
68 127 889500 792168
90 128 514699 37354
80 129 131003 832034
44 130 346767 855451
36 131 687268 790718
47 132 958826 500853
128 133 726714 30687
56 134 2005 290676
88 135 117137 767733
6 136 947411 949319
65 137 579442 179891
134 138 718416 488962
136 139 536209 259456
55 140 688313 127179
45 141 593357 847104
73 142 517531 71503
0 143 862826 551998
128 144 419391 731658
80 145 812362 841119
119 146 495429 703340
97 147 437490 925029
8 148 152960 140375
65 149 610362 256265
124 150 817873 985909
95 151 691285 531183
1 152 778759 116822
96 153 570692 365322
52 154 464438 974984
74 155 663636 120358
44 156 664789 612906
64 157 138784 877452
16 158 932702 710250
44 159 626499 719754
95 160 788193 77598
15 161 785181 154491
53 162 414056 17223
35 163 929993 84070
88 164 244177 317012
100 165 35676 805683
99 166 922856 35461
15 167 691170 423405
17 168 282308 995038
113 169 156756 122069
117 170 586980 271394
105 171 345629 826994
116 172 615369 99455
97 173 771023 923997
133 174 326358 163218
67 175 464160 837105
63 176 168167 841488
9 177 378026 397380
135 178 784047 356652
82 179 675106 269496
131 180 655894 581136
8 181 89431 855076
132 182 480273 296272
113 183 263406 267553
134 184 95746 529429
102 185 744988 317488
94 186 375826 846356
91 187 327268 971714
123 188 938125 551099
111 189 502099 52903
166 190 688510 595091
50 191 98041 111567
167 192 810315 946280
6 193 78954 944032
81 194 512787 332801
187 195 539700 838225
96 196 19014 638510
28 197 4066 749144
68 198 976388 2472
101 199 40562 754037
72 200 371321 803444
149 201 883474 117730
85 202 466937 316180
29 203 813665 439032
149 204 290775 873782
127 205 494884 722396
62 206 352459 291056
109 207 336902 565811
128 208 962116 346155
120 209 847380 710003
89 210 632778 38342
17 211 280569 970246
132 212 493401 926453
97 213 50294 109145
43 214 42554 927396
142 215 970277 699736
215 216 631522 688708
63 217 38319 179482
103 218 853327 900856
61 219 907019 405692
46 220 879073 48435
133 221 293753 119872
157 222 823415 831224
121 223 872959 442638
82 224 278667 328863
97 225 276194 402013
215 226 322831 741593
221 227 811687 145326
187 228 56071 245244
98 229 743499 168125
163 230 98602 7416
49 231 472641 946345
2 232 65268 15207
99 233 528875 463126
34 234 629519 5886
223 235 439132 576509
61 236 579106 459393
217 237 545548 255296
115 238 799481 338468
204 239 559963 978878
197 240 366614 682784
129 241 95818 729142
54 242 428759 740631
40 243 693175 648652
13 244 507465 855023
165 245 815065 793960
107 246 562124 530547
180 247 149244 817150
51 248 801256 864257
86 249 897918 384840
12 250 953390 265648
32 251 81546 461565
239 252 421523 901460
72 253 700179 45677
69 254 571017 777242
63 255 329235 95797
129 256 661024 955329
155 257 360262 667356
113 258 400860 109985
47 259 172129 417318
170 260 789591 403857
39 261 782744 952387
215 262 813976 268539
150 263 979279 796353
232 264 475637 77922
97 265 321184 68022
100 266 765222 343749
224 267 748302 854230
12 268 947499 522398
68 269 130247 374392
155 270 585568 497450
214 271 897311 13417
270 272 976414 871370
174 273 661900 943674
18 274 955477 351035
181 275 267421 505702
93 276 349287 509057
197 277 300159 238807
271 278 392007 95295
33 279 913266 371831
106 280 618451 381805
216 281 653192 194034
208 282 144942 51704
40 283 948895 680104
56 284 879330 31269
249 285 744096 293707
197 286 259957 950568
226 287 251447 526461
211 288 523914 695015
13 289 673620 352349
233 290 381882 558152
135 291 667619 120520
132 292 594291 909296
72 293 320072 68637
175 294 923280 293551
4 295 485725 645491
0 296 890746 350185
200 297 326447 138612
132 298 244159 402768
167 299 994935 531545
55 300 321968 371475
8 301 318101 677296
260 302 448512 946814
102 303 929875 941779
73 304 978459 678779
121 305 457688 546279
42 306 525956 86700
57 307 42858 455303
1 308 188338 605689
105 309 512745 42293
276 310 443308 310875
266 311 769928 35114
220 312 92771 279831
21 313 128461 298564
302 314 192464 136863
47 315 754700 941728
308 316 699982 761056
45 317 840544 575062
229 318 821946 556307
144 319 833643 858991
168 320 676809 713728
252 321 134286 552838
262 322 761962 180413
215 323 795499 426875
281 324 771228 161236
98 325 845595 14284
205 326 345426 868212
170 327 459562 233012
220 328 397957 907537
1 329 426714 813763
279 330 751897 806571
255 331 696791 85299
285 332 953971 162748
195 333 363895 913123
266 334 687642 157641
65 335 71222 70288
200 336 683981 661397
72 337 350256 432638
159 338 143908 765253
238 339 14750 734024
87 340 512426 325617
296 341 561365 812790
62 342 807802 888405
178 343 819644 837531
321 344 735832 480656
112 345 9422 967256
254 346 917714 746693
150 347 373328 517306
92 348 318360 310411
219 349 916371 550775
145 350 594520 599449
194 351 489133 657342
288 352 830110 179247
52 353 527540 399275
25 354 518187 610654
156 355 308603 260451
61 356 866579 744361
218 357 985425 553719
45 358 301724 445654
332 359 260023 209849
195 360 582741 411349
235 361 210336 233165
61 362 963124 417808
52 363 907759 146856
358 364 854324 123407
131 365 823020 836782
180 366 659437 775906
277 367 515080 179272
362 368 327732 418377
293 369 781011 530433
125 370 689717 622312
75 371 107258 835540
305 372 773712 922115
180 373 308421 162294
60 374 443569 644580
355 375 100432 525727
274 376 205299 24142
3 377 360138 411737
324 378 636406 257261
283 379 786283 294970
102 380 895039 385474
178 381 459962 895375
373 382 934672 614648
31 383 757247 799772
92 384 755080 768039
183 385 424900 826246
75 386 599421 315647
42 387 903762 451773
276 388 580247 188059
131 389 953002 671713
352 390 427248 818255
329 391 706754 268017
326 392 22442 483635
79 393 493890 525929
131 394 824848 654400
219 395 953342 833690
338 396 933617 254178
393 397 447349 965536
225 398 320825 612578
214 399 543369 759138
303 400 270289 430617
397 401 470529 526357
346 402 187576 419782
158 403 895613 804344
114 404 246690 108645
26 405 556920 470683
264 406 931153 24137
239 407 476036 581503
6 408 961971 551396
361 409 861057 395406
69 410 474299 870031
155 411 112606 592993
324 412 535683 621684
121 413 114708 577558
111 414 472736 614499
287 415 321952 123241
123 416 561223 795728
71 417 451008 885592
221 418 963936 70554
141 419 331889 544344
287 420 643369 899737
412 421 717927 921735
140 422 592589 600310
176 423 497293 2019
267 424 940421 819337
379 425 636030 454444
252 426 910126 306915
213 427 27460 39447
78 428 516908 539080
128 429 153616 895947
115 430 278782 912171
251 431 340538 725309
295 432 449762 853407
346 433 400762 876352
125 434 306284 431408
201 435 445735 336851
387 436 452770 948966
188 437 340462 40768
90 438 53211 500953
385 439 38614 335327
293 440 491096 371109
391 441 197555 913561
314 442 506785 760808
166 443 986408 625207
338 444 850084 411847
434 445 922209 607032
269 446 746122 321715
269 447 831120 499737
413 448 704923 488639
321 449 69031 383879
206 450 554005 457279
232 451 771670 38901
293 452 850247 88444
376 453 787079 654956
440 454 470707 769550
59 455 171031 764691
132 456 39460 321148
193 457 94486 88993
154 458 343501 686788
430 459 117057 117887
92 460 716195 553507
104 461 327871 487473
288 462 849789 697243
107 463 467482 266347
355 464 412714 408336
275 465 58879 736960
144 466 988881 196661
318 467 874872 647404
278 468 375631 927331
264 469 976424 363571
81 470 137742 7147
216 471 808136 187667
152 472 228578 299036
45 473 683296 488390
183 474 301545 892188
117 475 655433 999905
242 476 617570 921172
149 477 661601 369489
28 478 54862 17540
78 479 483727 165327
34 480 95813 387818
188 481 555193 139841
287 482 210203 499780
294 483 717443 33276
398 484 195507 795310
467 485 492426 164898
407 486 562787 575477
111 487 766240 400316
152 488 83017 522370
47 489 928649 801226
465 490 638573 947453
429 491 727350 78214
226 492 624793 430579
155 493 594881 936004
63 494 555445 907278
34 495 794473 170904
114 496 997542 193585
360 497 492367 512907
263 498 759976 929899
171 499 838960 71764
225 500 364522 449942
486 501 106533 923086
234 502 831594 574164
285 503 291097 300270
86 504 512786 959525
255 505 328841 384396
172 506 27794 176378
299 507 678529 498555
306 508 769214 196433
373 509 997013 284208
404 510 111082 21100
348 511 28382 260506
107 512 326852 118855
294 513 179767 122880
358 514 414322 225295
267 515 214967 784053
483 516 67180 167457
356 517 905329 272214
269 518 649628 509968
507 519 735977 892350
296 520 562355 152178
91 521 971608 215057
97 522 980815 357441
347 523 748514 402111
240 524 103115 47680
495 525 915350 388596
87 526 731174 835173
150 527 440807 139184
180 528 914647 858289
461 529 676586 399111
526 530 599280 854071
131 531 833616 543097
311 532 417778 119504
148 533 709861 700852
348 534 244719 374585
467 535 411593 463092
263 536 97831 499429
86 537 462637 108417
76 538 351964 824299
415 539 900497 223040
401 540 466551 865656
199 541 622652 561258
372 542 88032 888794
74 543 390716 325239
215 544 372888 448362
527 545 206816 876493
188 546 883354 499889
174 547 335987 955709
19 548 900402 576994
89 549 33338 779198
194 550 791902 637155
412 551 957745 857237
378 552 678115 316443
321 553 395393 74589
423 554 483569 457589
231 555 238853 846307
456 556 466747 232101
198 557 497151 140517
210 558 417040 137817
49 559 929557 273825
346 560 941246 947428
376 561 731024 281292
149 562 42473 144484
331 563 585751 695116
405 564 438375 884318
142 565 921576 779793
302 566 857246 936868
423 567 778072 175611
67 568 523425 315301
2 569 250380 346014
382 570 2439 121114
251 571 754360 990500
155 572 698061 118291
145 573 889366 286815
100 574 314863 870518
540 575 608873 895315
454 576 172994 478766
276 577 493236 601784
515 578 408532 162648
451 579 990453 533936
310 580 536390 846118
463 581 629287 75636
231 582 111721 176057
324 583 478392 804164
32 584 121304 450980
91 585 726982 544619
506 586 626901 796793
515 587 742240 796947
476 588 516519 740484
530 589 549754 234733
282 590 669364 584508
467 591 339186 338434
178 592 737946 350436
394 593 228546 74318
342 594 206035 573747
418 595 651653 654782
357 596 548169 999554
155 597 244911 269648
199 598 311094 388767
84 599 186119 900363
547 600 467008 42229
345 601 514983 222885
586 602 335444 237997
387 603 981686 565026
228 604 435905 233105
289 605 531300 682084
574 606 701527 169865
471 607 934502 164055
24 608 578816 127705
583 609 846259 860612
145 610 577759 441053
523 611 338815 723123
184 612 377703 638279
164 613 193847 502365
63 614 556093 519909
337 615 727486 167584
490 616 356690 39702
243 617 83366 653579
358 618 72698 402507
106 619 401457 539614
223 620 687570 894921
221 621 99337 900297
62 622 995664 421923
415 623 442558 637812
350 624 834732 521904
267 625 951039 899107
30 626 11438 145658
546 627 146651 827367
1 628 705944 304639
476 629 390393 230272
112 630 888759 434150
353 631 383637 759012
21 632 853957 7476
228 633 926141 184558
190 634 486850 470998
263 635 227211 926947
341 636 593298 250536
462 637 430756 387480
402 638 14744 750645
273 639 589362 115328
558 640 523604 937591
607 641 78366 931286
117 642 523643 355298
20 643 125136 436069
457 644 699157 148005
222 645 502507 599293
580 646 559899 906662
105 647 516739 63893
590 648 564945 920224
502 649 868002 834027
244 650 741025 279261
150 651 240186 109247
553 652 502585 838012
36 653 151788 760439
141 654 449575 993559
512 655 631993 476726
318 656 67314 391467
509 657 561543 698634
257 658 96507 239130
377 659 612312 81232
188 660 79189 867129
473 661 948422 317350
651 662 88226 133757
420 663 47618 469174
115 664 890159 603868
16 665 696589 89082
535 666 585041 700466
160 667 532216 971286
65 668 689152 255808
42 669 529240 41353
360 670 824563 948054
584 671 690189 795913
230 672 809405 52603
394 673 614196 572520
430 674 601000 934110
627 675 371497 317025
334 676 992208 365142
110 677 698754 457135
288 678 965762 85967
392 679 218312 415250
302 680 39893 540037
572 681 914872 86553
452 682 398281 301392
545 683 722363 172874
663 684 582174 855668
326 685 515297 663045
507 686 259638 304946
96 687 597668 24896
0 688 477230 525080
432 689 482843 360541
178 690 223609 554003
290 691 267388 68185
131 692 534463 988594
538 693 805334 93669
177 694 66677 81574
540 695 70606 130420
141 696 136766 431505
181 697 638490 553484
61 698 600897 981581
436 699 669883 10865
168 700 214027 477639
450 701 206591 247109
526 702 974567 924221
83 703 110903 691228
34 704 437244 342915
144 705 585653 358744
652 706 824807 748732
96 707 167368 178475
682 708 656089 816225
447 709 889212 945054
1 710 936435 827809
539 711 28236 693054
136 712 409631 907029
475 713 144746 245351
72 714 446706 991967
14 715 457330 193506
688 716 226944 277763
418 717 643050 646024
102 718 753215 219477
685 719 287742 942429
6 720 566943 356759
686 721 282745 722485
586 722 412840 944410
98 723 605895 908596
692 724 43862 85046
696 725 944810 29921
496 726 633458 59350
471 727 502010 999907
281 728 834738 799454
422 729 768673 544753
345 730 895186 428055
429 731 865238 384835
626 732 292403 999748
493 733 222362 947581
659 734 548148 776981
139 735 377136 791974
162 736 653583 256819
31 737 950241 17032
411 738 222647 923710
498 739 71663 264846
497 740 671983 553803
621 741 846361 595627
492 742 892012 678732
639 743 329104 538697
431 744 507758 236375
146 745 777399 973052
622 746 159516 986428
574 747 859681 738524
552 748 729695 6663
252 749 645318 820712
37 750 637376 524656
740 751 687239 742404
479 752 988357 326040
715 753 713827 934723
353 754 2313 861509
497 755 267449 49778
121 756 654107 969124
530 757 352129 756880
162 758 341144 529689
118 759 477189 663613
249 760 851532 702847
7 761 488740 150586
28 762 388869 529126
734 763 903945 55812
204 764 896953 168747
180 765 621351 190543
51 766 449819 462872
499 767 357433 432530
36 768 951096 30080
647 769 326904 672483
204 770 779352 321957
351 771 128669 151262
664 772 221650 283047
675 773 21721 484933
634 774 699695 44120
50 775 610706 562019
528 776 493634 477449
115 777 242016 119995
530 778 626823 759269
59 779 142023 703021
407 780 819195 879853
194 781 260213 214425
263 782 855035 661837
548 783 33087 28339
763 784 407457 610076
65 785 161752 74751
775 786 811675 426145
649 787 146771 448714
745 788 928460 640581
501 789 228891 271240
246 790 536424 488066
430 791 586671 276004
468 792 713290 821489
377 793 416866 783762
520 794 266521 418484
602 795 210002 866068
613 796 569116 997839
183 797 695080 297018
621 798 237914 292518
395 799 941073 563995
394 800 547766 152830
464 801 312955 165446
512 802 998282 532411
157 803 660563 841951
705 804 630722 967210
133 805 190653 691862
434 806 646075 594145
755 807 988756 794705
445 808 922588 458320
238 809 462691 146099
216 810 605428 106359
433 811 551268 558061
694 812 2709 292154
664 813 578552 36363
84 814 64816 259240
302 815 950375 396174
106 816 928434 135528
811 817 878873 345964
69 818 8542 785766
30 819 785300 821832
541 820 600619 181189
758 821 675832 466141
255 822 201760 202404
76 823 765048 267243
42 824 969583 664308
291 825 247963 414866
315 826 149007 693661
312 827 115315 929628
177 828 336285 367613
570 829 857372 795172
301 830 380851 535536
214 831 693816 424545
755 832 15306 451991
4 833 443625 128186
643 834 866062 965858
464 835 565839 610256
486 836 727680 451830
308 837 528580 451069
444 838 568976 623016
475 839 473429 102825
189 840 349627 614275
554 841 471362 718044
17 842 434402 293160
331 843 336184 963366
235 844 498348 316666
478 845 629646 911560
255 846 401053 395618
627 847 375038 168641
93 848 391352 323172
748 849 560997 785643
663 850 307090 457892
658 851 188733 474700
719 852 550903 411790
221 853 357913 206657
503 854 747010 933034
294 855 662945 120874
348 856 359160 515718
27 857 293520 92010
222 858 23845 72940
509 859 154475 834504
157 860 253114 333309
80 861 33732 977962
619 862 868390 385424
72 863 986863 235400
0 864 546291 424048
224 865 194179 729825
133 866 706211 118882
189 867 249747 196214
275 868 742218 271122
607 869 696686 303789
396 870 915631 214947
171 871 850581 843895
840 872 883487 969072
248 873 368636 819228
257 874 625233 411494
845 875 560900 72957
749 876 453888 86318
856 877 183 19852
874 878 969412 671289
265 879 945028 426244
867 880 171763 900918
10 881 714555 921476
507 882 215095 929069
92 883 767500 829469
301 884 626417 917888
452 885 217852 323661
353 886 520909 208914
171 887 636393 582063
24 888 980839 743315
317 889 502527 43889
36 890 551069 932970
252 891 379643 903071
507 892 666613 167172
799 893 529438 889961
783 894 296497 873656
444 895 622260 265321
591 896 290608 301551
657 897 347271 143714
593 898 697865 392717
751 899 756830 767331
622 900 125219 406301
455 901 738876 597653
753 902 40406 27021
31 903 691029 922960
886 904 531080 475485
511 905 976914 807554
324 906 359745 879426
211 907 518087 276829
201 908 773521 711830
330 909 847923 229980
15 910 143140 787834
139 911 930105 876432
764 912 219107 183702
216 913 67102 391680
815 914 76110 57774
745 915 469507 163266
718 916 788248 875429
640 917 335076 966979
637 918 610178 345990
624 919 849296 747889
433 920 582586 317205
42 921 807850 401794
361 922 402166 362548
28 923 582049 7691
449 924 399693 383249
50 925 159660 793716
519 926 622038 670642
286 927 571401 171485
2 928 806596 810850
525 929 264567 863299
480 930 951232 746531
229 931 890481 697345
441 932 388808 35273
4 933 324268 324213
15 934 106951 847920
350 935 523731 879425
928 936 720822 159121
326 937 83330 26408
911 938 367091 221634
58 939 40897 155608
472 940 881184 753873
347 941 682114 302100
105 942 602430 338735
545 943 653342 9439
825 944 639241 125807
351 945 740619 916866
473 946 122646 798932
168 947 732833 151571
751 948 241708 536311
450 949 160142 285273
777 950 512543 146333
43 951 602839 72606
876 952 767475 807150
719 953 182225 766702
149 954 446960 232787
487 955 352351 923079
106 956 663618 609312
602 957 731821 658962
777 958 595540 240487
888 959 663470 266967
376 960 601196 440896
151 961 181586 670514
188 962 509769 904259
394 963 161098 62296
743 964 460602 863250
767 965 925888 48530
479 966 897346 768076
534 967 66898 592159
405 968 546602 998357
37 969 165774 288798
879 970 839718 145687
918 971 838515 720515
607 972 979948 866114
757 973 463077 72070
27 974 590864 780466
19 975 91121 319825
824 976 118564 438189
611 977 19396 119029
557 978 100303 181840
922 979 162598 479675
554 980 137517 927922
853 981 432379 276808
179 982 189990 808581
865 983 163708 661603
586 984 706322 66505
464 985 397554 840673
423 986 959372 562826
723 987 594868 787520
715 988 954325 712205
820 989 893986 865534
680 990 513131 29242
397 991 915745 734690
497 992 480618 112424
873 993 481304 599989
842 994 428387 729543
243 995 450155 804526
708 996 50170 558454
964 997 206583 868140
190 998 66885 679314
996 999 146639 789252
317 1000 233187 715806
460 1001 568053 135294
134 1002 126746 822073
55 1003 329371 534010
417 1004 452853 655350
217 1005 464987 527040
953 1006 700252 648793
573 1007 400245 334003
875 1008 821365 914356
395 1009 619464 331546
950 1010 476986 535712
544 1011 957651 699357
1009 1012 699675 391572
949 1013 28588 897043
621 1014 580631 49310
485 1015 67905 112728
276 1016 499669 99017
246 1017 88783 9183
754 1018 834633 243800
530 1019 710880 292680
898 1020 738308 202993
58 1021 216521 603343
504 1022 455451 604415
708 1023 564836 282873
174 1024 901373 721671
228 1025 996490 149480
178 1026 931662 673904
956 1027 21012 68234
977 1028 295239 509768
575 1029 961298 591189
1006 1030 922898 617152
157 1031 630987 180827
648 1032 213921 233285
900 1033 475319 782881
263 1034 352464 383393
998 1035 880955 972876
475 1036 540347 970147
1005 1037 391205 564073
831 1038 386337 175464
725 1039 132583 36130
18 1040 788730 974722
882 1041 748439 989077
1016 1042 873174 968635
738 1043 282086 192002
767 1044 475895 966692
1010 1045 364128 261737
973 1046 458096 777615
327 1047 503333 83810
89 1048 701310 982740
2 1049 543143 657868
140 1050 704039 198161
222 1051 405220 273809
781 1052 822545 341930
239 1053 337572 666581
508 1054 692069 931783
262 1055 301238 747654
782 1056 51429 159850
814 1057 172967 816356
532 1058 302922 950083
1034 1059 764931 487676
852 1060 531618 797730
848 1061 991568 599649
199 1062 518376 571670
170 1063 650759 430772
423 1064 785253 777946
895 1065 620373 771562
111 1066 424902 819162
271 1067 799058 584045
51 1068 328191 116747
346 1069 342657 784310
40 1070 630304 7588
795 1071 908360 689923
1067 1072 286645 790192
225 1073 241393 494603
38 1074 671459 163339
866 1075 193505 120342
956 1076 19072 655711
223 1077 697880 587203
1046 1078 497395 415345
592 1079 857897 450019
809 1080 28172 202222
908 1081 658426 480604
515 1082 341286 48315
162 1083 418815 395096
700 1084 155836 341996
655 1085 982067 352675
614 1086 824264 941933
136 1087 378199 320130
305 1088 241826 842999
905 1089 56751 918685
317 1090 848984 179075
660 1091 340730 25116
195 1092 475657 342890
1038 1093 946929 636734
850 1094 662471 887203
284 1095 750274 975579
649 1096 360173 724528
856 1097 279566 558811
98 1098 218174 938337
416 1099 738977 626718
35 1100 384704 644631
127 1101 61617 682386
1053 1102 441879 212307
928 1103 806937 394210
696 1104 137125 991815
337 1105 688855 666713
1027 1106 981089 247559
896 1107 180804 147830
113 1108 65206 895438
903 1109 333970 893746
830 1110 126814 407066
1026 1111 180107 817764
469 1112 694720 443453
365 1113 810249 773136
810 1114 905671 959218
1014 1115 949553 466315
173 1116 864195 85202
42 1117 361332 91878
392 1118 205188 716458
10 1119 212295 541751
887 1120 766005 634326
7 1121 721698 595753
522 1122 917303 178923
356 1123 455479 56726
582 1124 46974 375097
622 1125 622581 470562
750 1126 296240 164503
688 1127 296956 496407
718 1128 203899 498509
620 1129 467682 445206
246 1130 540855 685673
396 1131 485927 563684
722 1132 428350 212127
184 1133 859892 491466
1010 1134 75208 569825
1123 1135 715417 629142
680 1136 746378 555069
299 1137 733832 805512
143 1138 441360 53146
674 1139 968717 334708
529 1140 993049 398343
270 1141 831376 813858
609 1142 22068 820032
811 1143 780365 882983
12 1144 808024 976236
779 1145 807570 688917
42 1146 187272 106782
295 1147 770554 481221
1102 1148 951336 752478
71 1149 3369 845876
90 1150 422298 258168
991 1151 378439 252329
577 1152 573149 283446
249 1153 468609 94550
1091 1154 699559 371090
297 1155 95165 670458
527 1156 520960 230197
673 1157 93148 845497
509 1158 145762 198461
335 1159 37494 14915
214 1160 503311 31071
827 1161 324305 856962
1033 1162 507442 645017
652 1163 219683 390522
712 1164 360569 762004
1007 1165 71434 913432
1121 1166 184050 966055
410 1167 875465 495707
315 1168 241701 933121
562 1169 295556 383994
40 1170 226353 708079
94 1171 436222 248782
772 1172 163178 571690
1129 1173 951121 650395
326 1174 623282 239367
202 1175 282990 596805
110 1176 72534 66632
670 1177 584215 106385
59 1178 147244 723452
288 1179 718811 391366
674 1180 215466 926574
36 1181 756880 790315
762 1182 327049 212567
304 1183 502422 10406
1166 1184 289434 849763
928 1185 648074 154148
970 1186 989544 658488
806 1187 4361 808298
892 1188 419279 247712
958 1189 455975 607098
1125 1190 432413 528606
744 1191 845487 12972
874 1192 586087 494557
508 1193 43932 915791
1192 1194 645038 41682
715 1195 904920 891738
938 1196 112626 733951
803 1197 771700 612940
317 1198 866261 409360
1066 1199 42791 279932
225 1200 726581 331826
639 1201 125771 134333
39 1202 70147 247237
261 1203 194518 398148
162 1204 599464 333634
616 1205 54614 278813
526 1206 379354 165748
154 1207 930799 871394
947 1208 678841 151567
81 1209 78360 50103
201 1210 636592 138204
13 1211 642450 909313
361 1212 718089 722982
841 1213 596332 550165
620 1214 706449 172667
608 1215 757876 320300
350 1216 739692 343985
376 1217 282751 16580
151 1218 470203 556249
331 1219 176157 547522
168 1220 879084 65146
90 1221 257237 566277
1087 1222 841185 689434
210 1223 476199 28822
25 1224 884549 921701
577 1225 68866 816154
52 1226 743530 295942
749 1227 127555 840296
127 1228 171752 154345
1005 1229 494640 959431
145 1230 111730 663860
766 1231 802677 564097
539 1232 256442 528329
522 1233 833886 85445
1206 1234 563526 667758
647 1235 185109 801888
620 1236 499155 223182
448 1237 86301 478217
311 1238 786603 300620
833 1239 344783 286372
835 1240 660546 493304
797 1241 266451 948064
905 1242 621653 212844
344 1243 349986 410069
139 1244 927750 616544
109 1245 628730 381218
397 1246 347826 980974
721 1247 836450 921423
81 1248 119956 910173
597 1249 915424 276621
6 1250 796575 458415
1044 1251 969335 667927
367 1252 299222 902956
49 1253 882598 749119
273 1254 130095 337307
203 1255 218462 315522
451 1256 779304 147493
48 1257 447235 227781
45 1258 282217 13570
22 1259 716774 233377
1103 1260 621851 159983
829 1261 473344 917721
1155 1262 335048 950828
455 1263 414258 250853
936 1264 670580 384670
461 1265 936572 931731
161 1266 401019 75782
370 1267 227836 815558
953 1268 236 899569
884 1269 614248 742975
1072 1270 326181 333215
450 1271 737677 365581
23 1272 443375 707082
1051 1273 494218 32789
508 1274 736604 179027
1199 1275 817224 418259
533 1276 97823 886350
1149 1277 82300 718061
983 1278 609900 344850
24 1279 311199 183377
1032 1280 35665 894278
244 1281 70123 167588
111 1282 366292 341676
876 1283 731866 136065
638 1284 472653 548985
44 1285 209883 762061
1117 1286 690309 185426
1172 1287 198677 675709
800 1288 200592 967125
352 1289 116511 950580
1174 1290 675176 849896
283 1291 747648 216302
366 1292 569163 141445
905 1293 961828 397585
5 1294 236759 120020
1159 1295 828959 29529
24 1296 182179 465460
429 1297 810021 607292
1154 1298 871841 168153
466 1299 812809 533857
1073 1300 180081 194143
541 1301 689462 44228
487 1302 585096 759692
612 1303 250860 859902
294 1304 761154 320869
1243 1305 517692 878360
582 1306 899396 238474
670 1307 320517 87329
898 1308 9942 828950
381 1309 512241 117647
671 1310 691264 786841
1076 1311 25195 42239
1122 1312 293603 526529
337 1313 425250 59457
1307 1314 77850 683140
68 1315 182083 616122
723 1316 328401 27986
444 1317 768050 839426
327 1318 143333 446773
915 1319 352650 66419
673 1320 315518 796073
486 1321 642135 39486
779 1322 269993 852687
882 1323 155665 741203
329 1324 344121 474954
317 1325 347226 974948
1032 1326 376223 515000
56 1327 733754 938275
444 1328 507720 938778
1156 1329 97306 448278
815 1330 469048 215920
1179 1331 351358 668358
36 1332 278692 818559
1001 1333 425479 874637
1252 1334 728277 245179
1186 1335 913385 227680
873 1336 81210 432665
76 1337 733353 152481
331 1338 58126 51077
1058 1339 328474 108270
934 1340 938859 77693
1149 1341 278361 158932
438 1342 768429 799433
1330 1343 971078 932992
1151 1344 386123 415639
1072 1345 762884 430689
726 1346 168882 327994
863 1347 440756 48185
1056 1348 240099 124085
660 1349 201133 447893
895 1350 651343 154311
1179 1351 890751 745789
101 1352 416624 885091
22 1353 223658 960412
366 1354 600619 86228
863 1355 31321 66658
42 1356 831268 754986
598 1357 894372 120010
841 1358 637281 91542
501 1359 53061 585584
114 1360 542882 620189
1257 1361 793817 935131
1264 1362 176768 557173
29 1363 489243 789665
663 1364 657157 578526
863 1365 640988 661645
766 1366 206283 19995
997 1367 747206 637147
342 1368 475416 32329
818 1369 889746 875858
82 1370 832184 131451
560 1371 310534 615163
413 1372 954588 17559
1055 1373 710260 810735
964 1374 80307 68248
429 1375 261616 191208
255 1376 350855 878153
1262 1377 36689 606325
980 1378 682075 166614
627 1379 933547 846519
265 1380 685186 552697
777 1381 265675 984419
375 1382 900097 291321
143 1383 211828 897902
948 1384 541352 740996
178 1385 365592 657022
1133 1386 23214 177187
394 1387 980505 916716
171 1388 351180 27833
223 1389 52225 706900
1076 1390 159260 598985
459 1391 564095 731806
1116 1392 947442 299304
1234 1393 839012 579326
1158 1394 21433 458417
50 1395 37662 663706
1161 1396 766354 474770
510 1397 890164 575676
1026 1398 295146 592666
568 1399 728578 136969
1271 1400 954586 7123
1164 1401 815669 488917
917 1402 916228 167284
1245 1403 308746 673037
1068 1404 230059 416409
521 1405 166915 905029
629 1406 451603 429307
825 1407 787434 518036
899 1408 607961 710321
626 1409 804682 232210
1366 1410 946453 355260
18 1411 458155 84377
1368 1412 270958 904541
275 1413 969997 579588
498 1414 313149 614003
1198 1415 743463 97242
446 1416 821222 950258
1060 1417 876065 61423
266 1418 747570 738444
796 1419 411600 556226
156 1420 632625 893873
1056 1421 102705 298500
65 1422 515024 934504
1188 1423 23273 422106
954 1424 894454 617133
1222 1425 143546 51536
711 1426 940964 844645
1124 1427 148169 734550
1166 1428 430477 524703
1399 1429 387791 879856
320 1430 119282 566323
80 1431 961437 596497
1379 1432 664578 966621
787 1433 381588 796520
1017 1434 648049 250594
287 1435 836964 826279
110 1436 985879 975310
517 1437 270021 193564
501 1438 692491 254085
186 1439 208051 550597
1033 1440 368704 391204
677 1441 52462 621003
359 1442 143392 642200
715 1443 691569 859630
79 1444 980839 470688
857 1445 317106 708341
1423 1446 322370 167043
433 1447 382682 946737
588 1448 61096 991876
1317 1449 184646 252248
1175 1450 26936 335824
1442 1451 487294 224111
1055 1452 954132 648795
492 1453 651125 826869
609 1454 377597 235908
1197 1455 713409 951834
26 1456 221744 633988
321 1457 211356 569402
244 1458 421504 806992
606 1459 512795 335137
306 1460 714869 475406
356 1461 528173 834637
20 1462 488420 81598
904 1463 537943 863126
1242 1464 732111 782846
299 1465 515055 310988
1105 1466 634367 69159
1098 1467 941206 679842
491 1468 936288 937352
1059 1469 58938 985089
1389 1470 8157 242854
467 1471 715211 533034
1235 1472 507773 55474
523 1473 646461 800053
237 1474 850941 48329
272 1475 204031 429383
465 1476 543214 534816
734 1477 763898 416927
80 1478 896976 754557
1043 1479 880332 82274
1061 1480 156528 372886
38 1481 381574 205318
793 1482 985343 227283
997 1483 563364 746041
1218 1484 949876 330202
935 1485 221836 745665
1251 1486 323108 587574
1094 1487 371529 390212
1198 1488 768159 20130
1131 1489 141577 600723
720 1490 510029 59941
203 1491 629972 517656
1418 1492 534602 979699
766 1493 489935 105247
1112 1494 721535 982627
339 1495 840305 165198
1133 1496 463234 990900
313 1497 393412 34244
382 1498 751727 265375
361 1499 101599 431720
1008 1500 263879 212995
1257 1501 418274 773568
1164 1502 932745 123720
236 1503 577907 717169
609 1504 833934 9807
398 1505 925495 103557
1004 1506 257579 509331
864 1507 84883 698424
410 1508 815618 883594
1152 1509 349413 99619
1133 1510 27624 735372
1173 1511 507965 422104
113 1512 964989 273891
365 1513 47009 823428
1488 1514 230983 981398
962 1515 175552 803767
96 1516 179153 321501
996 1517 194678 914233
157 1518 610500 611530
1069 1519 901952 309144
837 1520 74307 755062
333 1521 46529 562458
1499 1522 542092 240866
1410 1523 516085 468616
109 1524 197260 693674
835 1525 435380 348915
422 1526 388035 792485
799 1527 955690 542922
666 1528 131225 791758
776 1529 489941 888723
235 1530 727360 901931
427 1531 929855 544093
1291 1532 834251 711911
713 1533 776958 751903
696 1534 325965 907934
751 1535 407273 794245
1073 1536 34869 801438
896 1537 400669 973611
1447 1538 381098 133370
339 1539 346992 930927
1239 1540 660643 268340
109 1541 544499 486368
1339 1542 631305 290993
1040 1543 991854 560694
697 1544 879631 856024
215 1545 352919 185986
892 1546 657937 752516
61 1547 639508 639788
5 1548 149355 604220
190 1549 655155 990009
71 1550 347357 451738
1049 1551 110246 278984
367 1552 431197 151836
368 1553 537476 400421
919 1554 310460 610977
1104 1555 16316 247932
403 1556 915772 399840
1174 1557 490780 233657
1476 1558 554864 460384
1020 1559 647874 829720
1323 1560 157718 653819
679 1561 123937 261578
329 1562 81778 622481
709 1563 428983 998819
182 1564 243628 743930
1040 1565 29133 491714
802 1566 304299 349631
1207 1567 583023 830194
741 1568 884786 789538
1054 1569 296494 980755
1529 1570 794170 671791
362 1571 784275 924914
14 1572 118161 708320
1351 1573 344997 880120
128 1574 350259 532125
1452 1575 625502 663037
27 1576 216678 735701
1014 1577 502249 820834
1484 1578 467739 359178
384 1579 203935 898288
502 1580 378755 154124
738 1581 829315 517979
348 1582 211695 199193
745 1583 287868 699260
940 1584 513196 312952
539 1585 542930 375470
47 1586 800349 705149
1330 1587 760875 742023
464 1588 424473 124009
1111 1589 340935 190794
953 1590 880327 794977
192 1591 3833 654751
1312 1592 688632 489561
163 1593 564776 970891
1531 1594 870789 801970
282 1595 179334 655279
1100 1596 511850 814918
931 1597 898703 956026
865 1598 239970 256133
138 1599 772869 164829
1116 1600 701059 674375
1137 1601 29354 977378
522 1602 341660 797543
1393 1603 368254 37255
521 1604 787148 417799
1171 1605 642298 907920
1547 1606 660582 935352
1206 1607 954253 175237
961 1608 890051 606256
51 1609 384790 562480
989 1610 263463 952031
1229 1611 675746 202182
1078 1612 313880 732930
66 1613 790503 341760
1569 1614 25595 375871
297 1615 424833 567316
1037 1616 157552 842744
316 1617 907884 293591
67 1618 421103 49499
1610 1619 581442 455820
1541 1620 829219 16405
455 1621 660214 382873
427 1622 634631 378896
496 1623 627216 851291
1295 1624 6976 82547
1055 1625 70954 52589
351 1626 107194 982233
1425 1627 240556 484817
1006 1628 226117 714431
901 1629 446916 128177
483 1630 307186 744023
501 1631 809705 881029
1047 1632 133418 830764
529 1633 363281 728238
92 1634 428046 374949
1472 1635 300208 896159
835 1636 640917 646001
214 1637 571442 698792
1133 1638 898082 914719
925 1639 371643 258204
290 1640 544229 141085
1071 1641 215326 623682
1325 1642 695796 700161
440 1643 379356 51097
925 1644 6954 453141
1579 1645 891870 303717
1256 1646 643647 414121
1371 1647 675765 772378
1537 1648 500521 467196
1140 1649 607313 15111
1179 1650 575154 835015
1308 1651 16639 336889
1617 1652 946459 892840
473 1653 901351 470053
570 1654 309872 209500
752 1655 347974 146640
234 1656 895212 988477
792 1657 641128 596987
17 1658 351119 187612
1532 1659 499177 763279
1123 1660 12158 884562
830 1661 116973 112386
522 1662 697435 270405
356 1663 956893 943222
532 1664 454310 262884
706 1665 343907 751251
864 1666 845459 195992
777 1667 633897 73821
169 1668 290347 918138
899 1669 37710 394173
1108 1670 9128 828306
1566 1671 370601 217156
95 1672 347468 298565
1354 1673 499201 358616
1207 1674 544515 71724
710 1675 695949 893281
199 1676 297657 364730
1106 1677 583848 192003
477 1678 365054 273362
303 1679 527256 181594
584 1680 44120 508412
893 1681 993153 737031
663 1682 864487 945682
1549 1683 650468 920469
420 1684 697471 543535
910 1685 177245 485358
327 1686 446723 589602
861 1687 521435 767325
784 1688 125694 650263
1586 1689 919969 549587
416 1690 922887 459052
1473 1691 338494 918157
922 1692 352916 673576
1510 1693 234121 300678
1018 1694 435230 911083
146 1695 137696 616385
117 1696 454071 360657
1137 1697 479841 148252
1615 1698 670632 567494
1128 1699 886825 75898
670 1700 370447 338706
635 1701 946124 200926
372 1702 312119 200193
143 1703 867541 251345
1526 1704 613241 615916
1216 1705 257536 316472
850 1706 853139 799998
1634 1707 846645 935706
805 1708 613894 404525
1467 1709 292294 643668
1491 1710 852405 897730
1024 1711 369899 688649
595 1712 938811 930088
970 1713 93308 338989
35 1714 657229 206452
1430 1715 635120 801930
374 1716 641297 924699
1684 1717 528469 920523
1457 1718 50558 47927
899 1719 52752 821192
1633 1720 278901 650062
748 1721 105237 498790
1197 1722 866079 518634
547 1723 124842 996063
606 1724 379655 464775
916 1725 997080 197161
734 1726 717114 73727
460 1727 941298 840401
153 1728 504349 320638
1004 1729 996554 59867
1563 1730 216655 845099
663 1731 935601 515866
406 1732 806719 627488
249 1733 786350 728599
992 1734 288527 709742
194 1735 413761 234531
1409 1736 404331 973351
775 1737 154330 430967
1704 1738 522211 584181
716 1739 215060 457334
597 1740 702800 451024
308 1741 583863 39447
529 1742 677349 592787
73 1743 504109 991298
1072 1744 384788 121848
1730 1745 422467 201572
1307 1746 898532 764411
886 1747 442723 95792
180 1748 628625 963572
599 1749 462288 97478
924 1750 387811 584598
224 1751 922915 401580
974 1752 156241 173274
1615 1753 772869 937310
1658 1754 568600 393604
1448 1755 38637 897156
528 1756 245016 281117
1088 1757 288602 863991
517 1758 631279 423027
1211 1759 46483 38388
1312 1760 221593 476056
496 1761 871199 919881
9 1762 549318 145325
113 1763 180800 863143
1517 1764 717885 814931
925 1765 924851 26497
460 1766 346737 466485
297 1767 511661 263792
23 1768 404066 504071
1140 1769 653135 462601
333 1770 194166 42947
616 1771 455531 966080
1446 1772 204951 959124
1216 1773 313659 868851
913 1774 45135 947200
449 1775 803166 616175
1 1776 524579 673910
1034 1777 367381 905308
18 1778 339501 800768
1327 1779 670270 480472
817 1780 878461 176352
1434 1781 109455 641490
1753 1782 404465 273151
802 1783 631254 278600
838 1784 315795 21278
1379 1785 804528 176121
251 1786 498803 990292
1029 1787 160327 868481
566 1788 687174 526782
1252 1789 772112 352179
937 1790 915006 913314
293 1791 781252 216152
1579 1792 173098 289990
548 1793 522654 634489
1659 1794 950288 941735
1299 1795 651542 893747
315 1796 782728 664753
162 1797 940380 350729
1587 1798 245852 647746
894 1799 423063 714231
601 1800 653598 819026
896 1801 479071 687827
547 1802 554249 468864
1103 1803 158073 163844
985 1804 901532 401541
897 1805 231122 752560
959 1806 235058 598795
800 1807 174910 531038
1350 1808 912102 806324
1520 1809 219122 360209
858 1810 106535 779613
1299 1811 252351 196688
709 1812 639895 827647
1749 1813 967313 691447
1304 1814 613417 377728
115 1815 83944 881171
625 1816 422074 615514
679 1817 177238 404952
47 1818 91311 258216
1088 1819 608377 713220
1027 1820 395409 201763
917 1821 213689 688340
291 1822 218405 247622
812 1823 211972 231109
953 1824 552720 113801
540 1825 498825 299338
1501 1826 795946 568169
1447 1827 858291 52488
1765 1828 425313 870350
388 1829 647016 473452
1112 1830 418256 240985
1021 1831 52417 474489
709 1832 752927 376822
796 1833 791243 655285
1245 1834 465182 354908
1612 1835 903806 900495
1811 1836 1309 143516
64 1837 878653 455167
754 1838 621711 801152
1194 1839 511630 707596
173 1840 528607 199314
433 1841 89499 451847
1742 1842 484242 365637
1601 1843 782248 444561
1100 1844 873182 304979
1620 1845 53847 683565
105 1846 837641 343072
1846 1847 510490 187856
687 1848 905478 24087
1083 1849 286519 183307
1489 1850 382285 1255
1729 1851 711105 784371
867 1852 521465 736106
1379 1853 740245 657152
1308 1854 710566 558662
563 1855 682515 243396
714 1856 879435 529928
835 1857 486239 394704
594 1858 910230 834627
99 1859 226840 177194
1286 1860 960006 86688
1615 1861 628247 172935
1172 1862 980109 174912
554 1863 598698 577858
1205 1864 908646 250614
1340 1865 362258 897414
650 1866 275572 685543
56 1867 91066 228829
1545 1868 838940 755943
1303 1869 807034 671024
1335 1870 122916 693422
325 1871 711245 862049
1832 1872 123661 143489
1739 1873 608782 263555
1191 1874 492270 98542
517 1875 105273 177671
1555 1876 591570 668971
823 1877 709087 840020
1833 1878 838291 525108
1683 1879 775018 170877
1104 1880 800631 60240
1222 1881 93395 661464
467 1882 738827 503028
119 1883 212833 218493
894 1884 130622 37142
115 1885 584292 396015
1036 1886 116353 294905
396 1887 611442 746880
1342 1888 801500 946383
1651 1889 32800 635276
461 1890 521106 33577
1630 1891 865988 662021
286 1892 8377 590052
15 1893 38569 972588
108 1894 971540 676597
227 1895 25682 339293
1144 1896 104242 997000
512 1897 239220 960232
1586 1898 694923 76630
272 1899 240238 674585
1618 1900 836888 391778
257 1901 859019 312587
1402 1902 12531 292582
1720 1903 871483 76675
342 1904 593584 20562
676 1905 877197 519523
257 1906 426683 882362
916 1907 778160 701761
941 1908 675955 564500
30 1909 887467 825033
1517 1910 513734 642227
875 1911 169434 339393
813 1912 823886 402995
35 1913 692203 834260
303 1914 939 213194
1631 1915 742425 828154
129 1916 398241 937128
1298 1917 241639 533295
315 1918 922612 101797
491 1919 794336 108133
246 1920 923842 65104
1787 1921 685837 553315
1646 1922 966049 567659
719 1923 792311 716964
582 1924 828217 739020
503 1925 741982 90927
1543 1926 341539 866601
625 1927 373818 196704
1655 1928 772355 771821
830 1929 9137 281621
1796 1930 684003 490799
765 1931 439641 459100
1687 1932 332178 300100
755 1933 742896 719187
1827 1934 249403 147124
1445 1935 472216 739927
151 1936 183753 730555
183 1937 782039 229924
1412 1938 61306 461684
974 1939 781007 82194
618 1940 700162 306849
1586 1941 147962 396068
1758 1942 492195 782165
470 1943 651817 790743
845 1944 241994 602951
970 1945 951294 373424
1924 1946 54508 686136
833 1947 2471 323853
1275 1948 221985 405768
800 1949 835549 688245
477 1950 689217 659025
999 1951 475229 510257
945 1952 548797 275536
400 1953 740069 365742
1211 1954 543296 980493
1521 1955 317233 545736
157 1956 601990 427813
858 1957 831479 865953
854 1958 391868 389656
93 1959 668641 48209
1040 1960 985946 921398
707 1961 532810 984554
322 1962 491005 729701
45 1963 713019 933936
98 1964 377160 852228
762 1965 794791 597818
567 1966 287805 983807
1557 1967 484133 521722
1499 1968 935191 857163
800 1969 871533 339728
622 1970 962154 35851
140 1971 656725 316313
1246 1972 766078 959540
965 1973 785677 935728
676 1974 749224 727043
64 1975 385048 958767
769 1976 433067 181176
734 1977 662412 122029
1394 1978 817230 505173
176 1979 156685 333398
252 1980 23167 570829
1002 1981 327622 629299
921 1982 308071 907908
304 1983 992105 950405
1711 1984 926670 476005
1259 1985 229480 613991
1747 1986 93233 936715
880 1987 340339 592772
39 1988 871457 527566
1736 1989 278963 797782
629 1990 591327 699238
204 1991 967 593075
1429 1992 711733 715155
1501 1993 923006 398228
1488 1994 146712 984079
935 1995 108053 7882
1417 1996 863356 702746
1231 1997 465970 768567
1057 1998 338615 81626
27 1999 903329 961208
19 2000 949914 335623
1200 2001 231053 394208
1412 2002 9099 160155
1765 2003 71682 204233
1694 2004 794663 441542
733 2005 627746 377869
1143 2006 819735 272846
501 2007 431077 314068
47 2008 758001 321714
504 2009 370518 351802
732 2010 967634 57324
1757 2011 694410 86490
1649 2012 464569 579006
534 2013 954851 383277
554 2014 27302 166333
5 2015 658820 277645
336 2016 22067 927216
1445 2017 854166 272442
1031 2018 469426 635980
1734 2019 373180 107024
480 2020 272137 175751
1615 2021 321170 992719
1038 2022 245834 296838
392 2023 876204 134380
1598 2024 747222 837670
463 2025 779917 244756
998 2026 933684 302222
1131 2027 169445 528659
1587 2028 697709 205657
903 2029 750608 341960
549 2030 897259 859819
1237 2031 11660 980074
1358 2032 845010 453472
977 2033 452345 238633
611 2034 904158 272157
92 2035 522135 798190
1689 2036 713726 843720
1208 2037 69179 127479
453 2038 758255 981507
586 2039 730450 683250
1177 2040 347997 955230
481 2041 105115 88846
47 2042 59447 920181
440 2043 875935 529161
296 2044 473233 81923
1584 2045 442866 301002
1970 2046 460478 231275
277 2047 670255 286235
1781 2048 930350 872023
289 2049 881584 924252
1688 2050 692102 222079
985 2051 709260 665946
32 2052 801662 902102
837 2053 865301 371873
230 2054 927359 407946
1333 2055 924177 491552
1521 2056 331901 327370
1663 2057 307639 361225
1466 2058 359762 276208
119 2059 435629 20468
1920 2060 677020 816751
308 2061 128961 340201
1653 2062 511576 200269
201 2063 628838 155648
1116 2064 524288 719337
1255 2065 698865 409537
1464 2066 498914 943180
1758 2067 224659 105976
543 2068 59009 924017
1428 2069 576791 634448
1217 2070 134257 72658
13 2071 224863 341946
1422 2072 650926 207766
1961 2073 885019 653416
957 2074 701757 875956
1789 2075 533962 763926
1151 2076 447238 559669
1 2077 173877 964564
2060 2078 948848 767278
262 2079 75241 728308
189 2080 450110 331545
1486 2081 524148 480440
1265 2082 351018 145377
1045 2083 576675 649358
1420 2084 856448 822972
1824 2085 217338 466210
391 2086 207421 569556
423 2087 11636 452734
240 2088 688680 162619
1062 2089 622525 830029
1886 2090 746224 601648
1684 2091 559213 605776
245 2092 890759 451353
553 2093 581830 186439
490 2094 186047 497490
1248 2095 277040 213149
734 2096 602018 475032
1270 2097 131251 334744
281 2098 207447 717236
1995 2099 404534 968003
680 2100 179314 36612
402 2101 666742 854204
1900 2102 186268 826114
1403 2103 194058 870719
1950 2104 347684 352670
224 2105 714070 521615
928 2106 708452 134436
364 2107 204109 73612
2105 2108 271000 190658
1307 2109 669035 307569
1579 2110 423995 723639
42 2111 656114 60275
1864 2112 267940 745315
1956 2113 324324 486072
2039 2114 678176 546070
1428 2115 272642 816365
1051 2116 165136 937007
1833 2117 392323 755857
80 2118 22596 993537
814 2119 342551 704630
241 2120 577177 698009
810 2121 857438 94384
77 2122 540944 260171
1672 2123 974691 93159
1733 2124 41520 130095
1522 2125 138526 527619
215 2126 797022 220321
586 2127 201705 320532
562 2128 761658 415428
685 2129 193729 185254
1112 2130 74109 900546
1405 2131 763008 926036
1833 2132 862800 200761
1064 2133 434073 320460
1684 2134 137135 675236
1302 2135 398869 671007
2050 2136 578239 837798
29 2137 985420 509388
1223 2138 56557 695274
505 2139 754983 899535
1351 2140 589832 865986
2048 2141 819413 23435
1553 2142 991903 670653
1203 2143 576587 326535
1494 2144 472990 82744
949 2145 343104 784360
619 2146 709158 267702
1421 2147 482024 502242
169 2148 865453 336118
5 2149 751663 261146
552 2150 312277 617486
6 2151 928378 378561
1063 2152 94415 12530
2132 2153 145050 287537
387 2154 347441 765876
424 2155 717073 696108
1576 2156 817494 947323
128 2157 183305 747560
1714 2158 877559 573249
797 2159 57041 783036
1610 2160 461704 438478
891 2161 173530 428294
188 2162 992596 197482
399 2163 151025 156951
1645 2164 890012 605659
2112 2165 686271 989720
1051 2166 831981 259115
1486 2167 168703 620095
1152 2168 757504 588418
328 2169 381118 842004
1549 2170 247638 75378
39 2171 264536 104620
347 2172 439892 484260
2134 2173 66545 663892
82 2174 695133 566398
1117 2175 292018 846436
936 2176 618030 906879
428 2177 340998 210818
481 2178 423615 3868
376 2179 699477 956738
1299 2180 341911 187862
465 2181 600639 715266
2113 2182 513007 3388
689 2183 3163 35301
63 2184 795466 544734
2115 2185 412017 182976
1512 2186 142292 702896
2139 2187 998582 362220
494 2188 210554 67147
210 2189 6087 138724
1773 2190 908937 820185
1822 2191 957160 837001
294 2192 465418 851102
1440 2193 938046 400850
421 2194 813917 592759
27 2195 754378 470458
2140 2196 120789 732214
746 2197 424744 894526
260 2198 466387 16289
777 2199 901960 639995
442 2200 224550 529282
1958 2201 269291 22008
648 2202 731874 129763
1481 2203 591841 674606
803 2204 777278 538247
219 2205 907265 181387
1300 2206 66164 296642
1918 2207 456553 860060
1180 2208 637460 170512
1645 2209 460600 609719
666 2210 657192 509233
1428 2211 381705 408217
1460 2212 612750 631070
1748 2213 440370 728258
85 2214 931474 743555
552 2215 304700 971839
1819 2216 221515 169397
110 2217 710180 913672
425 2218 886136 542769
1530 2219 898834 952605
616 2220 994330 230574
750 2221 12760 729275
511 2222 327316 258387
1466 2223 323119 30443
900 2224 534466 607876
130 2225 841773 326756
1514 2226 328663 783027
1976 2227 886026 556826
714 2228 269115 875555
660 2229 96980 337568
1804 2230 274403 31884
16 2231 468720 2808
640 2232 55729 544766
1346 2233 747155 397002
2050 2234 70478 168287
1850 2235 306625 406131
1931 2236 596550 762050
2078 2237 67140 42839
1538 2238 826916 126970
441 2239 382256 788161
1237 2240 789774 487720
1521 2241 727125 64898
1904 2242 748707 397305
2164 2243 797509 383972
852 2244 441875 811837
992 2245 623240 278449
1051 2246 410238 3504
1140 2247 11292 629120
274 2248 111120 180243
499 2249 877170 534317
2131 2250 421148 719349
2116 2251 354853 518835
136 2252 67512 586259
1206 2253 979197 918871
1881 2254 462617 705487
1713 2255 29412 481582
1862 2256 31535 128945
1865 2257 121064 205566
256 2258 345026 485404
2114 2259 856049 190677
532 2260 735502 512948
1747 2261 654852 376221
2243 2262 856796 500638
2017 2263 63800 882993
464 2264 716641 197073
912 2265 287223 642353
486 2266 614299 763304
1599 2267 492728 107603
345 2268 620970 144088
442 2269 806331 569062
553 2270 603245 76710
2260 2271 654277 303598
1584 2272 59038 723567
1174 2273 116317 490551
127 2274 683374 851806
1989 2275 439688 201398
379 2276 461412 614541
1801 2277 705729 556992
468 2278 567155 466620
2192 2279 141499 177861
396 2280 407387 941628
2175 2281 202523 902437
1252 2282 789699 835515
686 2283 629424 387286
0 2284 312531 101189
1557 2285 848245 138375
657 2286 323351 536265
279 2287 510666 608334
2251 2288 775121 814320
606 2289 760494 659557
941 2290 706143 146051
2206 2291 411328 271276
1485 2292 57166 245797
92 2293 781559 222364
1778 2294 375358 410797
1397 2295 687071 379233
460 2296 3703 558082
1984 2297 259414 492212
833 2298 192650 878227
905 2299 357702 567005
111 2300 348140 370627
2023 2301 7140 549544
339 2302 720207 315731
1112 2303 756266 94368
142 2304 707267 615247
1203 2305 342609 362382
554 2306 344780 663050
1984 2307 605586 677651
965 2308 281283 161178
1269 2309 499037 588278
2064 2310 879154 81383
1794 2311 142618 872671
1433 2312 793900 372289
41 2313 304991 4756
1329 2314 414314 312422
1489 2315 467378 232422
504 2316 278508 337153
1329 2317 598016 764687
2039 2318 173006 480919
529 2319 167390 852243
307 2320 153577 846536
729 2321 49151 31058
1979 2322 660077 306084
1000 2323 336374 715773
2165 2324 896444 5005
1698 2325 624877 264946
1705 2326 744457 765109
277 2327 50085 941155
1491 2328 627954 210003
2216 2329 818800 20625
2095 2330 68890 67262
152 2331 645804 808081
676 2332 4619 302090
308 2333 893185 672486
507 2334 77707 257278
793 2335 257246 244215
2192 2336 552189 866245
2024 2337 999536 770376
142 2338 249914 738391
392 2339 40675 343157
1703 2340 254000 967357
2171 2341 764701 100340
909 2342 985082 838671
2240 2343 96952 803151
1338 2344 704257 93954
2108 2345 342783 411968
423 2346 171667 21879
637 2347 654571 736841
1482 2348 158529 215131
1058 2349 774879 243783
362 2350 803454 862086
1207 2351 759905 238567
910 2352 790774 684574
799 2353 33691 651686
1398 2354 973292 178770
87 2355 839827 367768
1532 2356 110359 197328
1751 2357 900774 227773
942 2358 841086 316964
100 2359 703370 112847
989 2360 98706 460408
642 2361 989573 760517
516 2362 122956 733988
1322 2363 632936 74084
692 2364 757831 656567
935 2365 81489 272331
146 2366 74208 793587
1453 2367 411809 907786
21 2368 965644 452127
366 2369 55930 650974
785 2370 634874 786254
685 2371 718076 165831
1496 2372 465641 941286
875 2373 912576 340712
2106 2374 131596 19338
76 2375 564821 895684
1606 2376 341852 346220
1575 2377 641466 952655
950 2378 280189 509246
1037 2379 171804 979226
1120 2380 918612 328420
1663 2381 555601 650475
2295 2382 818984 268226
239 2383 527252 307296
2109 2384 335480 327126
2257 2385 641603 884697
2331 2386 713564 699408
478 2387 726999 758487
1183 2388 643679 404907
14 2389 324451 208005
107 2390 305948 480149
1309 2391 497039 163926
843 2392 327831 177590
109 2393 499605 446090
901 2394 673758 422383
821 2395 285501 623356
1107 2396 952801 59789
774 2397 856021 775736
162 2398 129742 255969
1243 2399 87731 782545
2270 2400 186417 914943
1888 2401 180335 264816
1963 2402 122122 916506
1614 2403 698844 862395
708 2404 170864 77110
1848 2405 26246 301920
389 2406 823910 138182
155 2407 180913 15502
1949 2408 523132 704715
221 2409 523600 673185
2180 2410 684520 349518
1911 2411 985475 813990
1645 2412 221796 279998
2023 2413 642838 92531
1516 2414 169355 254682
1507 2415 545270 207844
847 2416 676271 978314
196 2417 506614 562936
2171 2418 627837 977648
248 2419 826946 113844
173 2420 208021 75820
1338 2421 688738 782383
2378 2422 350051 751697
2286 2423 406259 256660
1364 2424 175362 322314
704 2425 703649 932945
2353 2426 341394 354437
1287 2427 476776 547088
806 2428 228311 526336
1749 2429 380939 172117
1217 2430 415766 667385
1275 2431 237333 578893
2217 2432 666539 207042
844 2433 277392 151943
1707 2434 682477 937891
254 2435 886275 861202
132 2436 524612 880254
1540 2437 7024 446723
2290 2438 302026 912488
2010 2439 238029 470195
1231 2440 480673 571685
1597 2441 788481 121616
391 2442 501844 200481
511 2443 684962 576625
373 2444 227314 123262
474 2445 254382 29771
1525 2446 562279 214563
1658 2447 558664 278403
916 2448 246684 141206
1349 2449 631348 492482
539 2450 665872 435247
782 2451 386453 276800
590 2452 461751 978841
237 2453 942502 398752
193 2454 62483 709510
819 2455 714486 799369
1032 2456 74258 136202
1778 2457 251240 844040
2456 2458 932583 699777
1959 2459 896362 542468
1244 2460 144108 563911
16 2461 228277 772235
890 2462 954998 946615
1058 2463 210822 919794
2328 2464 41338 859238
1664 2465 398940 998884
1698 2466 589600 569046
732 2467 9521 815855
827 2468 767334 820761
281 2469 951996 171533
1405 2470 783287 893383
735 2471 154983 21159
1453 2472 988555 135504
966 2473 647374 619510
988 2474 791682 403910
1356 2475 79416 889696
1725 2476 227452 723201
984 2477 343706 138111
923 2478 157628 881614
1535 2479 719688 345667
701 2480 144765 4505
1152 2481 920766 501252
725 2482 939668 722425
931 2483 172047 179821
738 2484 112647 61329
1774 2485 555884 902476
2175 2486 340333 271289
1304 2487 672664 266687
2351 2488 125255 502028
2467 2489 919274 432767
448 2490 880093 358728
2254 2491 772868 791250
2345 2492 458205 451569
1263 2493 47443 443550
1667 2494 708656 695434
189 2495 580294 976874
74 2496 926494 913864
295 2497 459667 757781
418 2498 931237 198603
287 2499 287271 626095
568 2500 392852 885574
1780 2501 978092 958002
1256 2502 24109 488688
340 2503 609217 326979
1174 2504 812795 693231
364 2505 533046 84536
686 2506 972273 164961
2243 2507 631430 13783
124 2508 257604 435052
771 2509 787800 945370
1091 2510 299851 661706
1814 2511 203128 172472
1032 2512 272340 224828
1538 2513 944914 518351
1665 2514 15817 690995
1059 2515 773744 637573
1590 2516 941380 441349
1915 2517 372533 504349
1024 2518 914352 154812
1695 2519 254554 528469
1321 2520 209825 301507
11 2521 819304 919051
2338 2522 654197 691863
2467 2523 977589 895449
2261 2524 975915 881336
2120 2525 599203 715676
1108 2526 99843 51813
587 2527 329366 387011
928 2528 739928 630276
2260 2529 734901 535233
2115 2530 916346 673283
640 2531 665892 117400
1758 2532 94032 719956
82 2533 56000 560142
733 2534 565293 500919
421 2535 740699 677912
1322 2536 872176 137
516 2537 191417 137007
239 2538 3297 468039
1454 2539 393483 303188
2326 2540 109002 887715
773 2541 567914 158657
1196 2542 317779 487366
519 2543 461527 74918
2151 2544 265057 477314
684 2545 951474 10656
754 2546 270128 698704
311 2547 283513 799682
1877 2548 410479 99568
576 2549 299522 811472
968 2550 374620 489212
1175 2551 603963 467067
1367 2552 886433 498610
2517 2553 559904 256669
655 2554 418798 912347
345 2555 142398 183634
2177 2556 862231 477092
1093 2557 372007 405771
803 2558 999920 756124
2056 2559 319797 281205
248 2560 974439 216305
177 2561 523074 137767
676 2562 229922 441168
1482 2563 414952 485484
726 2564 404249 788363
1428 2565 476470 506210
173 2566 973814 539477
93 2567 586355 165018
113 2568 199722 683576
358 2569 549015 939776
2084 2570 416915 462252
274 2571 13319 798224
1551 2572 11276 317597
965 2573 57872 96519
2503 2574 244820 726350
906 2575 696742 905978
1978 2576 82786 774570
576 2577 996125 450830
2374 2578 401416 820973
1064 2579 820841 853496
1435 2580 176775 813305
1861 2581 227346 289330
2202 2582 231281 848223
1303 2583 787707 31999
2184 2584 767878 920960
335 2585 292436 302003
2047 2586 702536 357620
1617 2587 110941 405274
732 2588 105504 44801
2333 2589 99805 558686
116 2590 151030 687616
1301 2591 347555 327404
1396 2592 848587 772368
1276 2593 299131 160231
770 2594 496538 731213
824 2595 274739 737280
274 2596 864879 684587
893 2597 840656 749169
2223 2598 123208 765060
304 2599 762699 429896
508 2600 330474 724570
2053 2601 713617 176465
1043 2602 251077 24588
1578 2603 406394 68211
1024 2604 801612 700258
2106 2605 524744 441301
2561 2606 724366 679714
714 2607 777507 986601
2079 2608 876633 964344
534 2609 358164 624916
124 2610 559953 953621
404 2611 185984 825086
244 2612 828428 758508
2177 2613 544102 683391
1531 2614 58800 250117
1230 2615 585627 985532
2460 2616 508176 809914
1241 2617 324548 269432
192 2618 538371 192988
989 2619 512788 464048
286 2620 860166 779470
1271 2621 950088 87605
123 2622 286037 320658
1622 2623 556256 444029
627 2624 445764 560253
514 2625 683551 70672
2021 2626 380644 495583
2552 2627 212934 526153
881 2628 291283 275329
208 2629 271885 854592
1905 2630 423139 242070
1457 2631 275746 780885
938 2632 882351 258277
22 2633 784166 164933
322 2634 554169 126700
1165 2635 357796 860472
2203 2636 647496 804543
437 2637 167764 949636
407 2638 535746 697476
1084 2639 572304 736287
920 2640 90757 103452
664 2641 902550 227967
1359 2642 475531 413954
869 2643 163710 673409
1409 2644 689726 18138
2222 2645 717436 93894
1191 2646 209176 101031
1982 2647 736857 639936
300 2648 603071 246190
1138 2649 224238 27011
1725 2650 333664 331636
1666 2651 501474 537179
1932 2652 618058 942394
1067 2653 464869 702380
2021 2654 493133 758823
532 2655 191404 754247
2645 2656 307155 559951
1347 2657 724591 60107
2058 2658 211262 864086
2132 2659 537056 15128
307 2660 479300 985854
1947 2661 53357 76101
2213 2662 434311 962748
469 2663 739896 402710
483 2664 324537 35898
234 2665 221782 265265
1667 2666 512174 7364
1911 2667 18566 962671
1631 2668 918787 604626
1699 2669 508275 890147
2637 2670 202926 433973
497 2671 836972 330640
2164 2672 495654 378382
33 2673 633826 712409
599 2674 228150 540411
2334 2675 836899 886269
581 2676 878045 236396
1750 2677 63254 969043
1763 2678 897897 172455
1977 2679 27319 106155
1567 2680 439956 977611
1373 2681 505876 126212
1690 2682 783197 713246
185 2683 615879 270714
1548 2684 876203 194376
2548 2685 232566 820286
2244 2686 481950 694887
982 2687 857416 240049
1147 2688 437239 940050
2161 2689 242793 513330
1543 2690 692203 624544
468 2691 937985 399486
97 2692 315202 746740
1141 2693 290672 858624
1646 2694 35381 663606
1677 2695 306446 566051
2431 2696 943688 211939
2495 2697 125025 903306
1050 2698 442277 485997
2561 2699 930783 237734
2525 2700 880122 20853
2516 2701 763557 140543
975 2702 74453 353551
906 2703 419128 533552
1731 2704 254525 500961
1217 2705 915131 751942
2590 2706 89235 872783
1280 2707 776432 817201
2092 2708 914794 38540
1649 2709 254771 644513
1323 2710 675619 380634
396 2711 195956 455355
2261 2712 713037 460861
474 2713 605813 7666
244 2714 824765 464674
947 2715 498180 624615
716 2716 403881 143301
804 2717 579194 848765
2573 2718 670793 165883
1780 2719 82739 420240
1220 2720 128432 634252
1096 2721 863439 285710
2396 2722 622120 322817
203 2723 708393 897604
877 2724 928205 962134
1103 2725 290263 709473
1172 2726 151340 532846
1178 2727 973091 746567
471 2728 488604 337979
2194 2729 276616 100789
2353 2730 758493 228123
1009 2731 334767 432583
338 2732 724143 605339
2656 2733 813611 390140
2176 2734 60212 412260
648 2735 16946 926355
357 2736 664585 572266
2556 2737 706910 181208
492 2738 98081 99407
465 2739 932004 742724
778 2740 467172 32672
1045 2741 33300 540308
2305 2742 171719 115723
2611 2743 291729 319248
2294 2744 886189 332782
1614 2745 430097 935158
2012 2746 275197 862539
2508 2747 644504 117549
183 2748 912772 367478
2273 2749 550321 896631
356 2750 286861 640033
1831 2751 111533 467855
1680 2752 216383 829087
1173 2753 205024 635289
2336 2754 803703 950956
2129 2755 713369 71263
1445 2756 905638 472433
513 2757 798753 942953
538 2758 965356 231143
2582 2759 847351 260117
346 2760 358646 168612
979 2761 831626 40326
2531 2762 159125 371497
1872 2763 514486 566075
899 2764 971936 933203
1750 2765 212483 398821
1365 2766 4108 396203
720 2767 545116 94404
27 2768 974026 310946
2618 2769 269389 924405
504 2770 971232 811736
1009 2771 272767 957188
2552 2772 171083 770318
2396 2773 555767 644599
2726 2774 726740 520845
2472 2775 161420 35030
2155 2776 69105 654424
569 2777 660265 999752
1331 2778 586974 921614
1157 2779 774979 697154
1606 2780 611260 49726
1132 2781 605019 476296
1209 2782 511402 497557
468 2783 485751 460427
2655 2784 720226 153813
2680 2785 189084 189022
646 2786 990678 877815
2552 2787 391760 616243
1357 2788 629836 285300
1012 2789 519694 125104
2307 2790 103414 359081
1973 2791 191690 656041
2552 2792 577813 752330
1224 2793 305895 207550
666 2794 328400 995928
2365 2795 522421 51030
1783 2796 349840 975558
747 2797 424176 697846
236 2798 642270 584213
205 2799 760053 689571
1492 2800 563840 233845
702 2801 464711 805280
2099 2802 185233 29290
2641 2803 937410 222796
2273 2804 188895 212239
443 2805 556638 949186
2183 2806 63050 429839
445 2807 509927 448000
890 2808 636571 925154
1036 2809 494523 737074
28 2810 417 116743
2132 2811 619845 371434
2027 2812 713426 428430
2757 2813 604921 385079
2406 2814 17697 578897
1291 2815 469199 501
306 2816 642011 963095
1115 2817 72260 259429
1852 2818 308040 816241
322 2819 424974 434772
2775 2820 757695 186684
1361 2821 733535 653689
405 2822 828425 978285
456 2823 558492 189125
865 2824 260537 474018
804 2825 645215 418083
1936 2826 705483 622468
2160 2827 238123 692834
935 2828 892796 504623
2806 2829 509295 762312
2099 2830 136873 881848
1409 2831 600637 6166
1888 2832 739948 642288
2301 2833 40972 789729
1073 2834 566067 413464
1679 2835 540268 138007
881 2836 389729 996835
2738 2837 468872 474109
825 2838 149354 39781
656 2839 553953 259474
1405 2840 943081 341617
142 2841 759689 113794
950 2842 718725 985807
1246 2843 506207 240900
2748 2844 416517 344435
2359 2845 369866 427805
685 2846 837232 203550
576 2847 380599 815501
296 2848 665257 618891
919 2849 446039 274182
2114 2850 710858 290344
2654 2851 937299 411560
749 2852 265215 597389
1184 2853 232402 32503
1634 2854 335589 241403
2373 2855 804846 528917
974 2856 46755 349509
637 2857 805171 643650
2322 2858 2120 141784
2216 2859 118296 497477
173 2860 987430 339099
1670 2861 35905 838890
1171 2862 775086 209835
18 2863 614453 171047
176 2864 267660 5684
2527 2865 352412 185134
597 2866 417222 144138
1334 2867 534973 386631
916 2868 834704 857126
45 2869 615797 311024
1479 2870 359538 495017
2399 2871 691835 849110
644 2872 524061 607156
1443 2873 224467 165291
1404 2874 805643 616442
529 2875 347856 822153
681 2876 374485 183543
1871 2877 226062 607988
264 2878 456793 141901
2540 2879 752879 987522
673 2880 158093 570835
1759 2881 153365 634199
2186 2882 547550 213336
1473 2883 882208 61966
1222 2884 602381 58539
1449 2885 106345 545747
1855 2886 430346 900747
2442 2887 608127 652563
78 2888 154386 127513
1452 2889 387297 20023
1055 2890 543750 705443
579 2891 197053 799837
951 2892 701965 250995
2268 2893 627879 690570
693 2894 580523 689622
2197 2895 978588 887234
322 2896 969571 411164
1122 2897 127288 531300
2472 2898 353418 859245
1305 2899 414965 605890
1471 2900 314604 92139
545 2901 400230 889160
1040 2902 357668 761281
309 2903 487412 826483
157 2904 710007 952156
1789 2905 209815 294056
686 2906 937329 6975
2835 2907 930200 763986
1816 2908 93891 483188
1748 2909 937221 983523
352 2910 845404 136448
2152 2911 570485 207709
1533 2912 191750 764367
1749 2913 487358 749785
8 2914 104578 707836
1040 2915 552756 359585
1998 2916 357095 439129
783 2917 353060 774369
1252 2918 493561 213187
2733 2919 974096 281243
2873 2920 21254 709044
1961 2921 193708 621591
2343 2922 209925 968248
1830 2923 194136 793358
2160 2924 116529 487982
449 2925 187808 37104
2693 2926 962530 718530
1152 2927 605938 606373
1848 2928 743854 42242
871 2929 513119 299446
802 2930 360895 878938
2785 2931 331668 913175
1708 2932 389110 443128
2759 2933 629530 855451
1503 2934 488511 45131
2221 2935 616843 575059
1514 2936 802101 665798
450 2937 922711 372069
534 2938 559289 492343
2842 2939 295287 516468
1499 2940 923598 599316
160 2941 582512 839874
2165 2942 582135 447292
730 2943 272651 165869
2589 2944 957011 783287
2044 2945 503123 102387
46 2946 134649 180626
155 2947 620367 443166
1518 2948 107855 809460
1119 2949 180673 694040
1028 2950 194928 687404
2356 2951 100383 936263
1264 2952 631807 640062
1347 2953 319121 39521
441 2954 959813 773807
2732 2955 698795 233362
1804 2956 748818 400494
190 2957 7212 539051
2397 2958 657042 805698
2300 2959 60407 732963
2706 2960 323310 347706
314 2961 421009 98493
2803 2962 713894 760604
1844 2963 166555 271713
410 2964 206956 179030
1379 2965 272081 501689
294 2966 314628 19727
2103 2967 734275 896445
258 2968 875481 393390
213 2969 330514 426497
983 2970 318690 92508
2839 2971 804910 295247
793 2972 999926 992927
1726 2973 550734 857018
2932 2974 399212 835339
1476 2975 338224 530600
703 2976 434807 417711
2567 2977 143570 78441
2823 2978 287552 907773
1629 2979 577073 646497
364 2980 395013 260025
227 2981 325122 28257
564 2982 493233 937912
1564 2983 564654 211553
1161 2984 932477 662969
310 2985 441106 324368
2714 2986 177671 13692
934 2987 509686 355396
2784 2988 307569 317126
796 2989 286540 37290
378 2990 700924 845418
2608 2991 801516 893243
46 2992 235748 204254
1775 2993 157966 133396
2010 2994 176382 908949
2875 2995 25609 854084
2082 2996 131856 473038
224 2997 794571 517721
384 2998 480881 596605
790 2999 420633 463744
1709 3000 985186 980042
2318 3001 688968 392464
2432 3002 891116 216053
1331 3003 65019 915588
534 3004 309243 254093
167 3005 514015 971387
995 3006 438266 684182
1170 3007 455204 800195
2406 3008 553391 87021
2839 3009 941693 571206
1119 3010 719513 308251
1932 3011 842459 520674
1098 3012 397319 347925
2924 3013 902182 397879
791 3014 412796 779859
1109 3015 414652 291048
1934 3016 790785 77189
237 3017 717869 137212
2858 3018 765322 323459
2647 3019 788791 39819
2851 3020 208845 784438
387 3021 248127 36726
1755 3022 305054 754216
1000 3023 611024 931996
1486 3024 643791 331867
358 3025 698327 760343
2665 3026 608455 556677
624 3027 500510 759537
386 3028 298274 911655
1788 3029 139913 625010
1419 3030 253896 94420
555 3031 840847 924358
716 3032 430033 830168
2447 3033 988666 482715
1427 3034 37400 578138
1073 3035 439584 549236
2966 3036 555102 812101
2910 3037 910563 597793
2 3038 216609 145175
1655 3039 392807 747491
847 3040 533885 429580
1817 3041 372948 902486
2432 3042 208834 955414
1536 3043 651532 621948
1252 3044 550167 308520
2983 3045 213421 582926
2578 3046 330959 325776
2326 3047 353993 424177
1550 3048 811018 826629
2849 3049 436645 193974
2079 3050 709454 929296
196 3051 71152 343554
3001 3052 309414 717271
1901 3053 260613 183041
2284 3054 770362 58160
534 3055 610979 90134
2001 3056 486128 26329
3013 3057 192363 374860
2441 3058 165698 172961
2895 3059 903835 354398
2728 3060 725920 410665
2928 3061 646858 861693
2505 3062 421640 919082
421 3063 742692 486430
1286 3064 399844 763671
2576 3065 172582 32366
2306 3066 320037 259864
2879 3067 239389 321222
542 3068 802781 605761
724 3069 359259 248661
1915 3070 651809 281755
1005 3071 47290 882794
1595 3072 564000 885494
390 3073 522453 443479
1133 3074 762878 871683
2721 3075 431172 146701
2488 3076 748916 886395
222 3077 301143 878526
192 3078 18924 952069
2914 3079 26070 354673
762 3080 61656 731276
1347 3081 203447 360886
2609 3082 873876 547707
1190 3083 103968 52647
1578 3084 186236 548632
2259 3085 576414 322792
703 3086 834895 66597
742 3087 309733 354533
1079 3088 950085 183210
2863 3089 950858 764036
2855 3090 220398 795102
1082 3091 121663 348238
1263 3092 686412 296478
2533 3093 282062 828850
3091 3094 573618 639824
880 3095 844504 930352
1315 3096 77789 989526
273 3097 865038 554600
1734 3098 718739 236203
235 3099 626352 789064
173 3100 615930 149315
2009 3101 313798 552964
2762 3102 904635 383921
1954 3103 825820 208591
2411 3104 304728 718151
2090 3105 663938 556539
767 3106 768778 446317
306 3107 932675 33959
36 3108 987231 382397
682 3109 789413 888576
638 3110 889042 707014
1226 3111 590306 994254
2240 3112 669228 856437
1774 3113 518181 4423
1273 3114 506906 764031
2405 3115 241671 638992
2975 3116 222480 544619
769 3117 219722 740875
103 3118 204125 31750
2913 3119 481687 244904
1024 3120 30928 239867
236 3121 847733 118809
1222 3122 26635 787283
2212 3123 219530 184461
1360 3124 833509 573751
104 3125 431253 442332
2432 3126 254981 281367
817 3127 836779 653757
715 3128 622523 573301
826 3129 269298 233059
164 3130 218402 81643
114 3131 112411 704861
115 3132 497013 735296
2749 3133 315748 858502
2807 3134 881966 567680
1461 3135 301453 334929
2910 3136 566437 428267
329 3137 541594 87724
796 3138 51560 525078
3008 3139 3402 989031
2451 3140 534806 687591
2797 3141 86358 719811
2668 3142 939905 705647
2279 3143 325997 279832
1482 3144 669444 275511
750 3145 108205 663862
1114 3146 499362 585254
2545 3147 342949 685278
1598 3148 834209 343646
52 3149 408778 310546
765 3150 681317 713849
2242 3151 832696 627652
2413 3152 563152 844682
2066 3153 727786 76322
583 3154 339673 786315
2607 3155 12924 544197
289 3156 848747 732504
717 3157 881888 675266
1510 3158 155712 379608
420 3159 33886 852431
94 3160 935999 721982
656 3161 506064 292894
1118 3162 314323 742896
2121 3163 214045 253148
460 3164 59020 78198
1183 3165 477685 971803
2669 3166 923706 816657
2762 3167 959886 734470
213 3168 556296 15399
230 3169 853277 620486
1714 3170 148182 977700
1158 3171 137368 232982
1005 3172 125339 942997
583 3173 157418 867458
2884 3174 502074 297777
2894 3175 785399 719580
2727 3176 696802 831999
78 3177 327314 267423
3144 3178 478635 207187
997 3179 495995 44696
1485 3180 258927 328755
1327 3181 600285 528591
1541 3182 826662 76706
2172 3183 555144 816730
1997 3184 319557 966074
2881 3185 8299 379870
3071 3186 83416 69678
928 3187 63318 385224
2944 3188 755678 178295
3167 3189 405486 660170
2974 3190 715878 106422
2982 3191 8432 286956
2557 3192 423399 53987
2939 3193 130858 30501
294 3194 229412 926448
368 3195 19319 129714
2765 3196 824065 129362
3029 3197 295354 483422
1558 3198 817120 935257
1045 3199 398558 318464
2318 3200 780928 893712
2090 3201 879884 469243
2910 3202 728151 731537
931 3203 305197 100620
2063 3204 383661 71148
2509 3205 211106 867844
3161 3206 67708 664490
1568 3207 956672 636064
2952 3208 394438 547870
1970 3209 272209 899564
384 3210 21750 175879
2329 3211 174792 652496
676 3212 424890 34777
2952 3213 979460 352053
2074 3214 37216 351820
333 3215 187207 260568
2240 3216 787632 691407
1571 3217 210487 83805
1592 3218 491081 777553
200 3219 344406 908519
776 3220 72191 873354
2897 3221 462911 195583
3064 3222 821108 977808
683 3223 413985 298326
2375 3224 763701 118495
2764 3225 366527 721223
1275 3226 734231 185937
2488 3227 704103 352421
513 3228 747347 919518
469 3229 581554 636143
479 3230 486111 233821
1968 3231 491453 932484
491 3232 613773 761391
1644 3233 719526 693773
345 3234 122472 357376
270 3235 68553 256740
363 3236 829324 936867
2704 3237 152316 170863
1649 3238 394055 635183
888 3239 245577 917343
1603 3240 545006 850289
559 3241 950188 853190
2008 3242 270721 396147
2900 3243 311884 410073
1085 3244 583235 392345
1640 3245 436669 950604
392 3246 64595 348021
265 3247 842870 693806
1287 3248 331664 721923
1615 3249 913359 941301
115 3250 797867 81995
3227 3251 231038 135206
2298 3252 300493 83475
3224 3253 817043 234801
122 3254 840876 104245
100 3255 490993 293847
2156 3256 858728 93861
1726 3257 469327 37059
1430 3258 684524 999153
3024 3259 358383 728677
1884 3260 46082 913062
1261 3261 719581 223928
848 3262 363318 612827
2078 3263 497579 989771
715 3264 424687 58556
604 3265 236459 34722
1525 3266 320715 713731
1187 3267 939245 528598
1979 3268 137849 344208
2522 3269 139642 994201
2849 3270 634907 933090
2751 3271 444945 907752
826 3272 160604 481014
1010 3273 239201 744496
1390 3274 918670 904323
1258 3275 490120 609927
1450 3276 983433 634024
3041 3277 802954 11750
713 3278 218624 864507
3247 3279 658260 697286
1376 3280 677157 122137
2935 3281 937650 31497
2505 3282 673982 531786
2641 3283 41742 296718
1183 3284 334344 518122
2609 3285 749483 816100
970 3286 578509 771229
281 3287 559713 970182
1101 3288 152577 143014
150 3289 375131 676709
2371 3290 460641 349580
123 3291 575374 500971
3171 3292 496911 611311
2875 3293 543547 148202
1325 3294 880424 84111
2681 3295 573288 58947
2671 3296 537383 110233
1108 3297 128987 984697
1346 3298 124478 478692
2022 3299 282072 921925
503 3300 758963 729105
2647 3301 227804 435087
2038 3302 884984 44563
3213 3303 13081 993028
2068 3304 260623 71352
1226 3305 801010 918216
3192 3306 122653 711490
2007 3307 854266 19307
438 3308 344268 817360
697 3309 113898 361824
1552 3310 653350 576195
2406 3311 144993 278189
269 3312 566255 16392
1430 3313 423392 721603
2790 3314 438595 987105
1216 3315 417732 24445
1012 3316 11697 761293
1187 3317 25861 55236
1468 3318 236567 891922
5 3319 724720 73488
1553 3320 101950 533424
319 3321 188449 173996
2090 3322 278136 46127
740 3323 434244 941954
1224 3324 305016 406432
50 3325 201741 889771
2266 3326 842610 462988
629 3327 107701 997723
789 3328 416948 381272
1492 3329 727479 76799
1019 3330 66820 478199
655 2513 145339 654589
1793 2960 198073 511133
2096 2677 767647 488410
353 2168 955077 485057
1212 2495 949428 485496
2726 3318 187564 706586
1510 2017 564319 503198
1163 1781 789556 758606
757 1760 386693 797047
779 2836 863649 607508
724 854 187083 177765
1786 3286 326585 573661
1088 2723 928533 680561
1125 2311 662784 187217
940 1634 631242 161338
358 1403 662907 18062
1009 2748 10702 940117
1618 2362 106288 104429
2629 2790 67461 522110
1092 3092 842916 419987
802 1307 435414 94515
1517 2043 834267 400793
784 1967 487460 805991
1343 2159 21594 162213
302 920 830550 318068
1956 3044 570343 460620
376 1237 686927 923095
44 1397 964486 300778
2142 3140 807798 178188
439 534 743357 845818
586 2645 173934 256795
1084 1602 12368 384236
1032 2530 732637 88448
1932 2887 354309 902771
119 1745 409448 930749
1157 1350 798240 705935
4 2121 810677 154527
92 2637 727590 27927
1750 2199 192807 199139
343 1447 497949 89209
1999 2282 192868 991541
639 2311 975946 488122
177 3157 192529 718095
2011 2015 119600 367326
1745 2472 372627 82940
2603 3284 31383 444319
1629 3057 977487 917025
855 1006 386882 877665
1062 1380 223978 779518
1034 1299 857078 832595
59 173 739913 764994
2419 3319 553593 758916
166 794 860368 874575
339 389 272527 80254
639 2069 158630 264986
2172 3200 134013 634562
2592 2735 15919 598921
1340 3182 440393 378408
1418 3193 712207 460364
1086 2480 874168 732120
1623 2809 482157 672688
806 1769 410638 790367
1311 1720 527917 12305
512 2616 455696 458549
53 1283 913139 33208
935 1748 555268 917862
2139 3133 214502 70885
65 3111 61998 373068
1883 3084 129321 590262
567 1348 299540 477084
938 2370 132642 537262
89 993 430330 992281
1535 2681 828023 649158
2632 2771 625574 359924
947 2670 545995 59050
1700 1737 867804 321247
1641 2235 6212 366670
146 2928 985506 673544
634 1509 50760 338696
494 2938 875516 775283
1394 1998 450234 724755
1168 2287 524079 382996
1984 2902 886592 34564
130 439 119937 789325
1480 2840 932735 792685
2027 3251 715511 521769
1710 2059 6748 564282
700 1363 249621 297301
2204 2279 531708 257571
626 788 740064 186940
752 957 202948 463796
1685 2067 607646 720594
740 920 672089 679065
2995 3083 998675 629833
1084 2357 975263 721647
340 1430 633733 928920
661 2879 312317 308097
1012 2047 787704 418714
612 2342 68247 783736
411 3180 400881 344776
855 934 983890 968955
1188 1611 262262 701792
2181 2850 253266 935144
161 3042 706124 23734
2098 2935 135038 245365
648 961 731447 280170
1686 2082 150201 318881
2767 3221 497148 500765
835 1053 785642 243129
1753 3192 51041 4817
3 1328 164148 929153
501 1775 595754 687100
315 3014 93438 699565
1873 2090 876509 321279
200 499 214827 339181
145 1014 858814 875704
462 1047 12001 925065
792 2338 517395 52751
287 2157 739398 83929
2341 3245 395744 490329
428 1440 621245 721156
1441 1869 787946 603602
1189 1500 533676 548523
853 1547 861368 870558
1636 3013 106040 692142
663 2995 132108 983302
942 1994 770630 697944
1215 3162 548397 288942
150 3097 455035 561691
710 1214 132447 367271
268 472 902972 718384
1074 1913 612840 370362
942 2504 357230 183112
257 2852 401036 665204
573 851 956982 428956
415 1714 504849 999729
950 1195 128057 666941
2781 3017 704507 543384
2317 3244 735643 862344
410 1393 134544 890890
667 2507 128323 721913
538 1214 807572 390769
694 2096 47765 465749
2189 3129 248397 469185
1034 2993 486902 959427
1510 2208 681919 845956
313 1633 962250 848667
399 3109 658415 71230
1382 2375 555832 600157
682 1950 881955 856799
2465 2783 337763 248920
2362 3218 629471 901660
1494 3033 920946 368208
1160 2836 402153 971707
1895 3139 941768 670568
511 2166 44165 316691
142 2882 462091 116981
320 2916 267449 907323
34 2723 74273 842853
317 2101 171081 450124
658 2032 433005 461016
898 3086 610363 932684
690 870 626901 371400
997 2354 817363 537523
1099 1242 552190 766127
1521 1682 124182 239589
80 224 987470 713207
633 1176 551946 584192
309 595 277352 589496
2025 2835 752308 199685
586 2583 809778 520639
1215 2323 98008 547043
1087 2896 791761 519190
1138 2094 407291 758831
397 438 17386 117560
176 1505 777955 743761
224 2262 692322 16885
251 832 710932 978194
1883 2451 83165 894302
143 2307 262740 302078
273 995 732354 325315
1511 3265 404327 485176
2310 3323 902581 717607
2510 2907 97939 164886
1646 3303 301531 564965
1298 2537 255324 2188
404 3327 822168 528690
528 1530 85767 652746
1935 3202 428627 415512
512 561 179290 819176
1485 2522 984751 358452
2094 2498 784666 477416
1166 3066 358291 132461
614 3033 270986 829092
576 3111 96994 790159
1804 2698 823858 83241
926 1823 486339 818276
1356 2764 173077 575641
67 472 429785 991369
1544 1903 272824 664985
909 2362 224459 913593
1252 2152 612256 499463
2448 2663 188924 703784
2028 3014 430164 256580
257 1609 65042 351984
845 2314 33238 711824
1505 1837 67826 403583
466 1349 979821 974570
2412 2657 443841 676490
1125 1238 891294 522078
2158 3014 90149 118194
2030 3119 697517 886426
524 915 316929 747750
85 1745 725471 345332
1436 1519 266427 81596
1438 3084 529658 114407
1625 2164 737208 814740
496 613 590146 105908
1504 2677 890909 901490
118 230 726397 780121
184 896 489998 736539
557 1012 81263 574286
2052 2629 894322 850360
886 2625 198238 964682
422 2709 214381 755809
764 1288 748878 681169
157 1363 146148 757151
1794 2495 561925 546583
1628 1780 911035 267086
1757 2293 682823 881845
1417 2716 322649 161565
546 1413 583257 164787
630 2883 99746 476621
2342 2816 206081 633697
999 1317 433658 364975
899 1593 523523 914952
1226 1535 927624 755575
2257 3107 501349 976060
245 2894 227951 120798
870 2762 724460 392191
1972 2576 914005 2594
366 654 383131 952930
2616 3109 703392 249915
1163 3284 844282 53819
361 2218 183091 582585
20 437 751627 289118
670 1044 240756 202858
422 1120 972501 343150
1287 2326 950281 609234
1296 2906 662621 59978
1260 1747 563349 461041
1386 2424 521895 168907
380 490 430462 362470
326 1812 182776 277812
298 372 455849 75932
469 1914 298326 586599
518 2886 126075 156567
1891 3065 160390 659950
1374 2018 686809 866036
178 1545 404043 430907
265 2940 94248 606287
164 1498 668461 644426
1146 3217 695885 705572
261 2782 388590 3419
1107 1975 779309 267609
1256 3080 368342 773013
1646 1937 446124 812175
1797 2412 653991 335909
1139 1194 988657 453145
1865 2920 877864 64916
175 2327 308896 455165
2585 3230 382942 69410
332 1547 784285 313873
788 1381 765325 717406
427 1409 490959 441546
1614 1766 997114 723173
721 2437 592538 945850
1307 1396 205931 909468
774 1367 532386 950617
465 2476 209381 54574
886 2120 799246 577226
1012 1171 971371 268806
1568 1791 24321 883894
1453 2770 478469 746214
1965 2494 278625 372903
696 2943 557813 508004
575 2609 583188 493426
538 2479 918083 544019
838 3086 893373 916963
134 2785 851889 920313
355 1286 378434 445592
1061 2799 193158 726645
512 2206 787464 7489
240 2537 734983 221039
437 921 784756 613447
614 1772 402104 286945
770 2998 862123 987680
54 89 987102 137566
2398 2606 774611 747846
813 853 905599 217245
857 1442 323471 538722
730 3138 325279 242534
16 1976 183428 982306
692 1450 494788 995215
303 2953 922777 409430
3103 3197 773874 747036
513 2373 775410 931259
825 2770 567919 389720
1159 3159 801908 834437
1182 2856 590591 394449
1223 2504 962948 241091
565 1499 735400 913996
1196 1262 601094 148832
1370 1834 678062 353687
1313 1795 648929 962748
432 743 483351 822164
2769 3111 657721 796044
1670 2192 172902 281260
1439 1463 128498 413421
145 1008 487011 307026
2238 2634 270835 524625
858 1610 908433 88129
1277 3020 413151 487769
1171 1472 177269 389209
79 455 417565 284560
829 2283 367317 360812
1237 2323 914128 607579
1749 2353 943669 45254
2239 2528 370590 901376
23 2813 611099 927847
611 2321 832621 637577
1522 2825 235915 212741
1003 3088 763168 740964
2834 2925 699659 932851
365 2222 599965 666137
1074 3148 941343 775380
2789 2801 537481 160433
1368 1658 540684 794632
496 3110 628681 194054
240 1606 371288 311379
1206 1247 969794 609145
1536 2035 290119 673211
308 780 889305 223174
1999 2776 229087 232203
2130 2436 131315 78981
1570 2003 154277 860576
1132 2198 969845 309095
1054 1808 136156 201575
316 1929 107908 529229
1695 3318 345356 863028
871 1428 849541 111186
1119 1189 189751 611518
314 2524 814301 260900
111 490 388196 997165
118 1686 150897 682634
980 2951 729688 637039
422 996 86437 928564
561 1442 995735 719251
1025 2526 296736 880959
746 2138 491366 566424
114 393 395141 759917
1082 3276 935947 393874
236 1745 669947 81093
1120 2577 611979 8902
2203 2594 703141 10691
1499 2973 144810 124195
2909 2993 406378 636873
1071 1407 903213 81933
2012 2758 541933 767061
3144 3226 322074 507608
46 2057 298005 979447
1442 3223 54773 510118
1836 2228 773765 772685
14 2426 347139 8994
1689 1915 685027 53016
1142 1294 436555 746212
766 898 525780 921885
1971 2800 112335 626994
1030 2138 606782 464221
84 2520 814294 33916
291 2855 731268 458144
2865 3192 350437 993214
940 1983 765068 638261
432 1775 867968 497567
1104 1304 646459 978864
1423 2402 279532 654815
139 176 998070 530737
511 1690 946351 913912
11 888 543394 183815
2036 3107 799245 381015
1357 2600 131684 397962
1033 2970 69196 989043
1642 1737 618272 803261
349 2464 350640 692002
1788 2061 496317 405615
1519 1589 650175 100221
747 1477 294559 745623
344 431 863357 964703
238 824 489707 673387
1155 2254 608495 166691
2034 2623 741573 911968
270 2705 279323 205983
1424 2749 140116 233356
612 1118 379014 547227
290 1624 886331 781259
2584 3008 157812 629481
404 473 100129 9130
627 2429 707754 950195
639 683 897769 483252
2000 2260 796782 856715
2170 2965 467834 87615
629 1103 448772 75719
570 1868 682743 262237
279 3023 879602 736823
479 1160 61062 786136
905 3097 856444 347110
1032 1775 625485 622667
121 2942 515944 462734
40 323 982383 232119
2901 3327 725818 852637
528 568 951122 786835
2725 3055 388407 227514
1120 3194 281755 480513
999 1137 569765 709889
729 2865 276719 946461
417 1260 647945 103483
510 2737 31667 257495
1735 1890 966502 49546
935 1997 28684 828741
890 2286 690820 278576
1581 2480 635103 535171
1307 1412 4966 273040
2182 2369 641873 234774
2359 2713 800977 956380
917 2572 256391 102216
2621 3208 746122 820678
258 3326 368166 680394
962 1641 43160 245811
449 947 223635 487598
530 985 558333 837862
41 2206 43250 369447
52 724 792896 454807
1653 2888 744746 804188
2545 3137 267302 317163
111 1062 417183 683303
33 3304 484147 631957
106 3106 726261 496674
1822 2556 605228 958630
156 1284 405715 706822
933 1716 923671 846159
1834 3215 757212 721935
1530 1897 334264 238048
1443 2245 283255 263706
1059 1083 570901 454210
2137 3236 530695 258921
213 1936 431602 161246
1777 1853 128754 591253
722 2436 898325 887848
1123 1633 954526 935901
2120 2979 284546 339398
2468 2545 311342 476873
1132 1496 493567 938829
2253 2443 508104 630375
2273 2650 410192 373520
1891 2385 547217 893893
769 2650 792826 572022
489 936 479854 80286
641 1872 343875 380810
897 2764 761092 134748
1710 2391 257328 198521
929 2534 876408 8230
2621 2976 589253 864091
1255 2001 183983 435592
1375 3114 409671 878271
1083 2330 366030 95322
998 2828 794300 428808
1240 2637 825274 221269
1573 2443 257640 504812
810 1243 47832 153646
390 1976 510993 284735
394 2513 437645 614238
236 2263 437627 810944
575 886 83453 560827
2213 2504 583595 116639
1443 2774 52879 782084
3222 3253 361767 390410
815 3192 429159 371092
136 2684 536308 663597
670 1732 552297 553422
400 717 603990 170531
1525 2293 879164 22130
1442 1807 879122 225340
768 2589 664259 355114
787 2725 93550 567856
1691 2265 934373 571129
1968 2580 735726 245192
517 542 588101 415113
1080 1126 216 611369
137 2574 901961 673920
1521 2638 936112 891970
2322 3175 574295 396250
1747 2587 198396 497283
1338 1568 606034 97413
563 1772 435968 316971
630 1145 902112 487513
123 2630 72641 987355
1001 1020 707366 484563
557 2791 4549 314860
1325 2521 911241 472670
708 2003 92817 544370
1351 3215 251247 439189
2675 3126 917033 732267
905 1058 38075 559917
732 2282 245586 349530
1495 1674 730643 193924
977 2201 686034 649248
433 2246 490651 187504
2540 2892 492077 419798
1827 1963 733242 187951
2712 2957 736937 869607
2081 2155 451924 398538
292 585 675658 315609
1013 1815 88846 602300
1139 2276 963990 179289
419 1200 813325 574770
1495 3303 81553 725177
1420 2833 844149 431858
2598 3094 776705 692318
826 3190 212461 283238
1434 2287 844138 492534
2122 2965 602713 850351
352 2220 208273 780500
2659 3075 830813 747742
2057 3042 142012 706486
432 631 916128 514206
870 1374 922479 722396
1372 2589 631109 319432
1607 2167 739568 46243
2055 2963 269299 537606
338 2477 272771 448909
1621 2103 142733 795598
2422 3071 424686 449017
1172 2512 560953 441030
519 3185 795701 974558
718 2175 637533 440894
1863 2430 536030 887669
361 897 482460 653473
176 917 847917 224790
1067 2647 44380 854708
945 1672 414055 169531
791 2643 704322 364658
22 622 395026 319454
584 2055 702131 993168
808 3125 619315 553750
1224 1849 475156 489331
1021 2629 631566 481148
799 1818 824522 581676
957 3226 396776 944434
1084 2260 776186 491655
353 2512 660231 988633
2341 2446 918921 538869
40 2292 557551 304866
1096 1876 308636 624534
241 669 318630 200480
1857 3203 652248 537240
1629 1939 568432 97335
50 843 873505 952297
230 2490 192147 402473
1444 3117 94302 864011
538 1198 835027 20415
531 1663 704819 713624
1584 1924 680949 686875
1778 2174 811332 456330
967 2672 646207 206608
2337 2573 658616 508266
786 3297 566 952124
171 1538 336626 946558
1331 1667 530845 909636
738 1009 808921 782889
2080 2760 391036 454788
2441 2996 486608 987053
535 789 487446 284140
148 980 108670 550438
296 1679 161136 699823
798 2801 638278 915979
486 2954 344719 204206
2609 3125 182990 555606
771 1448 394298 294180
1400 2996 454204 232935
2453 3264 616435 360656
962 2555 504627 454221
982 3291 308737 547442
1451 2104 654361 514609
1591 3057 81769 882949
3069 3263 281299 286623
169 205 253679 955627
895 2434 477446 477352
2124 2728 321304 645122
2632 2745 407639 336675
960 3125 740394 215159
379 2789 478635 38880
2560 2677 965545 352599
1699 2263 376103 437206
2443 3112 61275 453370
759 1592 415152 743752
20 3192 403012 166413
545 2285 907307 468900
1715 2864 173034 59022
269 557 747260 749116
835 3074 747345 408386
657 1416 707978 160703
712 3044 271551 104161
100 2284 139193 389043
2016 3317 312056 616006
1797 3259 923117 715747
2263 3022 35521 770588
2119 2292 538061 344682
1829 1987 941216 378829
1705 2882 189757 512679
1318 1527 484505 887687
2194 2566 831521 979859
57 174 469554 305678
2053 3108 608736 486916
569 2857 583792 400205
1548 3213 738653 652818
706 3322 323734 810705
2109 2667 111230 399229
293 471 762731 539020
1875 2584 231529 236232
1075 2690 121844 807904
1768 2468 43905 714013
2763 3099 671605 480264
286 1960 621036 752802
971 1982 428660 814089
1156 2561 989263 140842
1608 2150 930357 407345
370 442 822735 855618
1992 2091 238013 113107
1120 1318 444881 338303
1742 2228 709650 881125
1508 2656 950074 14398
1365 2510 343417 436086
576 2662 798511 991626
1250 2386 112309 162484
2696 2797 316565 545807
97 1770 395214 71877
384 572 433169 527747
1255 2373 50566 328501
1670 2037 298824 684680
2170 2298 191525 501419
1289 3127 436575 354240
1315 2261 199533 338955
4 2630 841403 460975
819 931 809381 862088
287 2127 286144 849405
2605 3167 268370 456901
1995 2768 290197 874908
951 2980 838456 527606
735 2138 78045 724795
23 2254 324828 169429
258 2041 900351 771943
2525 2674 442372 673822
24 1886 329119 101921
46 678 21813 274756
136 2312 139233 87925
2081 2549 671154 916529
1892 3007 25003 258751
906 1627 610563 814130
367 608 305763 788241
142 218 553962 233205
1490 2207 380204 760121
829 1595 308591 383847
163 2699 663084 890371
1772 2951 253460 365845
941 1825 877065 288790
578 1436 7008 846731
106 253 789094 545672
405 1719 320408 838299
179 1623 784617 271510
928 2456 621056 203771
459 958 339447 239832
1699 3200 57949 788372
1203 1595 986677 614426
1987 2229 4981 646319
1036 2311 91848 798710
1099 2341 897868 900229
1773 2789 703125 413008
136 3291 351336 469029
1510 3238 95105 246990
2655 2695 670221 108729
282 2183 19249 186536
2019 2111 826817 679626
194 259 49033 220086
169 2803 380616 35785
940 1366 668016 749319
81 1617 987624 990147
1020 1984 497546 75736
145 763 311909 498075
3131 3151 794172 119997
2292 3006 692996 321381
602 2441 828650 447489
146 3110 880203 998578
1913 3314 372731 229632
20 1634 330175 836786
1949 3291 307090 354349
176 952 57572 855404
1643 2452 164886 765506
1404 2480 781439 449165
2497 2565 357546 191848
259 1098 709846 972558
1154 3224 137205 817816
2180 2857 833773 375848
1051 3040 119258 652688
2385 2525 163466 619353
138 939 708223 258186
2147 3182 594993 912778
855 2506 755145 599383
389 509 672807 375566
1060 3022 513502 214663
2748 3206 607027 29608
5 1948 611937 130605
351 396 791127 487437
336 1582 756152 93180
3085 3218 693786 777428
745 1925 472072 708812
1706 2807 136064 355836
335 610 738550 840433
328 2286 341903 849788
730 1754 618791 663487
2525 3091 156876 61181
1541 2596 765184 132799
2330 2945 607226 70772
1461 2577 464230 833781
1711 2009 185121 356243
1020 1132 828734 280807
1023 2538 207043 887713
576 1151 388652 956058
994 2527 275879 771076
1128 3107 962391 983248
134 371 508050 562759
12 3130 366883 966800
494 2996 780808 997413
404 1945 127988 656035
2246 2522 807630 822007
195 1555 236145 127838
137 2856 534826 165938
2114 3042 652157 794341
826 1375 542369 50003
1243 2132 502463 768216
1876 2237 447991 994320
1496 2360 503258 791965
2304 2551 244977 461497
2363 3318 22517 328668
472 2582 471061 306695
32 977 50931 802547
2734 3305 791335 635293
727 2497 52282 768543
2856 3314 916204 689103
363 2810 404016 903166
714 1664 144171 501885
971 1182 884280 158180
496 2226 697894 476607
235 1984 624312 672167
86 99 953444 549993
1026 2241 174677 674149
266 2117 306794 577637
1613 1957 961972 38203
600 829 290876 339898
175 550 145082 261621
434 845 714079 299437
2313 2833 999820 903565
940 2959 701785 969516
1167 2752 66383 956190
432 969 139182 306372
908 1852 763368 785881
2104 2312 945828 703026
1554 2211 482108 396298
2732 2863 345663 764344
769 2151 739760 122100
1823 2379 69253 927713
236 1460 728040 729954
6 1810 109818 287463
790 1529 782411 886494
1055 2353 30883 3754
1449 1987 186237 827159
1573 1776 688646 917705
2069 2386 354850 21653
1037 3042 971688 264415
1142 2836 98081 994877
2578 3181 848653 646796
1938 2850 156317 324679
823 2406 483706 129812
1471 2346 259901 594162
1742 2743 805365 165671
2924 3162 734308 968898
1164 3039 301122 853109
255 2466 95993 750438
1569 2132 489639 370969
1769 2349 410719 738380
33 2591 43496 450841
127 3014 712700 444516
405 2846 730186 837010
1966 3325 950645 522536
1323 2232 277908 491096
332 3223 801136 998249
1570 1766 789704 533679
15 143 746128 900344
2360 3076 524909 106250
1778 2768 273915 714126
2590 3315 528392 838687
14 144 916310 683863
523 790 14428 446290
824 2801 553926 284296
1595 2193 248113 834779
35 1241 593136 664438
721 1393 493066 662281
1183 3043 723193 794434
1449 2516 808556 529951
1981 2697 747590 543609
7 1557 79196 362616
336 2878 618491 977327
98 1467 316449 581890
2060 2317 22591 687811
1294 2959 539837 676840
1415 1908 688950 142853
370 1918 587191 139309
684 868 96580 296631
537 982 483732 344153
2606 3108 767312 608106
107 3079 6552 843550
28 1361 101822 247535
2490 2828 649160 817851
1628 1718 84658 621992
1962 2116 556842 27260
229 1979 759379 535044
237 851 505922 471868
2580 2822 203524 498093
251 521 621782 409741
2187 2607 382443 276751
1102 3060 67882 338158
730 2052 549870 48112
38 1695 162308 607051
198 1905 188912 389153
1649 1825 931432 352477
472 1003 180631 564102
1359 3256 866524 3114
958 1614 216776 645336
1315 3116 131684 209810
2712 2723 697001 840912
235 435 133125 25526
110 2834 605085 547716
722 3021 622533 318460
541 1946 80842 780309
1454 1493 332777 442501
1533 2930 696405 807389
309 3252 592181 360356
876 1098 414435 38062
993 2485 945518 811018
29 2472 799577 970478
1136 2600 921050 920223
1514 2431 98204 812479
925 2393 251901 316101
1082 2741 260560 469189
273 909 206045 306783
1773 3099 989596 556333
2044 2321 95230 796917
462 2602 160100 186091
279 2947 88357 111551
2833 2857 520653 576407
836 2072 717208 867338
351 3309 861627 812394
757 2062 746908 593423
247 3103 676437 705099
279 2444 211573 374049
1701 1942 299070 578999
314 332 23144 460687
683 1119 143645 335491
365 1170 541307 21077
9 2400 510485 699333
338 716 209522 409964
427 2404 320077 909438
1441 3154 738835 107121
1891 2797 636968 373371
716 2207 840482 59146
1935 3125 718476 311419
2997 3234 400293 769141
1725 2007 789534 356813
1345 3199 393376 268646
852 3272 712324 651359
72 3272 637016 74283
1608 3198 706337 235338
867 1226 521043 860747
1150 1817 947867 839122
206 3316 64214 694807
263 3168 78487 935133
85 2791 922469 49990
455 2310 274618 952228
