27
4 1 2 3 5
12 2 4 5 9 11 14 15 16 17 18 20 22
12 1 4 6 7 8 10 11 14 15 18 21 22
3 1 2 5
2 1 2
11 1 3 5 6 7 11 12 15 17 21 22
3 1 2 3
12 1 2 3 7 8 10 11 13 16 19 20 22
11 2 5 6 7 15 16 17 18 19 20 21
4 1 2 3 5
3 2 3 5
10 3 5 7 10 11 12 15 16 19 21
1 3
12 2 3 5 6 8 9 13 14 16 17 18 19
11 2 3 8 9 10 11 12 13 15 18 19
4 1 2 4 5
4 1 2 3 5
13 1 2 5 6 11 12 14 16 17 18 20 21 22
1 2
10 1 3 4 8 11 13 14 20 21 22
9 1 2 6 10 11 12 17 18 20
3 1 2 3
1 2
15 7 8 9 11 12 13 14 15 16 17 18 19 20 21 22
2 1 4
10 1 3 6 10 11 13 17 18 19 22
12 4 5 7 9 10 11 12 13 14 16 21 22
