500
3 2 3 4
6 1 4 12 13 20 21
12 2 4 6 7 9 11 14 15 16 17 21 22
2 2 3
3 2 3 5
16 1 2 3 5 6 7 8 10 11 12 13 14 16 18 19 20
2 2 5
13 1 3 4 5 6 8 12 13 15 17 18 19 21
12 1 2 3 5 6 7 8 12 13 15 16 17
4 1 3 4 5
1 1
12 3 5 6 7 9 14 15 16 17 18 21 22
4 1 3 4 5
14 3 5 6 8 9 11 12 14 15 16 17 18 19 21
10 1 4 6 8 9 11 13 15 20 21
2 2 4
1 1
9 1 5 10 11 12 16 17 18 20
2 3 4
13 2 3 6 10 11 12 14 15 16 17 18 20 21
12 5 7 10 11 12 13 15 16 18 19 21 22
4 2 3 4 5
3 3 4 5
14 1 2 3 4 7 8 9 12 13 14 15 16 19 22
2 1 5
9 1 2 3 10 11 13 16 19 22
14 1 2 5 6 10 11 12 13 14 16 17 19 21 22
2 3 5
3 3 4 5
8 5 12 13 14 15 17 19 20
2 4 5
14 1 3 4 5 7 9 11 12 14 15 16 17 20 22
11 1 2 3 4 5 9 10 15 18 19 22
3 3 4 5
1 2
11 1 3 4 5 8 10 12 15 17 18 20
2 2 4
11 1 2 4 6 8 9 12 13 14 16 17
11 3 4 9 10 12 13 16 17 18 19 22
4 1 2 3 5
1 1
11 4 10 11 12 13 15 16 17 19 21 22
1 2
15 2 4 5 7 8 12 13 14 15 16 18 19 20 21 22
15 1 2 3 5 7 10 11 12 13 15 16 17 18 19 21
2 2 5
2 3 5
12 1 3 4 6 7 9 10 12 15 16 17 20
1 1
11 6 9 11 12 13 15 16 17 18 19 20
9 1 2 6 8 10 11 17 19 21
4 1 2 4 5
1 2
9 1 6 9 11 13 14 16 20 22
2 2 3
9 1 5 10 15 17 18 19 20 21
14 2 7 9 10 11 13 14 15 16 17 18 19 20 22
2 3 4
1 2
10 1 6 8 9 10 11 12 13 16 20
3 1 4 5
18 1 2 3 4 5 6 7 8 9 11 12 13 14 16 18 19 20 22
7 4 7 9 11 13 14 17
1 4
4 1 3 4 5
11 1 3 4 7 9 11 17 18 19 20 22
2 1 2
12 6 7 8 11 12 13 14 17 18 19 20 21
12 1 3 5 9 10 13 15 16 17 19 20 22
1 5
4 1 3 4 5
9 1 2 5 8 10 14 17 20 21
3 1 4 5
15 1 2 4 5 6 7 8 10 12 13 14 15 16 20 22
10 1 5 6 11 14 15 17 19 20 22
3 1 4 5
2 1 2
9 3 5 10 11 12 15 16 19 20
3 3 4 5
12 2 3 5 7 8 9 10 11 14 15 18 21
8 1 2 8 10 15 16 18 21
2 1 4
3 3 4 5
17 2 3 4 5 6 7 8 9 10 11 13 14 17 19 20 21 22
3 1 4 5
8 3 7 8 9 10 15 21 22
7 1 2 6 11 12 17 19
5 1 2 3 4 5
1 4
11 1 2 5 8 9 14 15 17 19 20 21
1 3
11 3 4 5 11 12 14 16 17 18 20 21
11 2 6 7 10 11 14 17 18 19 20 21
2 1 4
3 1 4 5
10 1 3 4 6 7 9 14 17 19 22
3 3 4 5
12 4 5 7 8 9 14 16 17 18 19 20 21
11 1 3 5 6 7 11 12 15 17 20 21
2 3 4
1 3
16 1 2 3 4 5 7 9 11 13 14 15 16 17 19 20 21
3 2 3 5
11 1 2 3 5 10 12 14 17 19 21 22
10 1 9 10 12 14 16 17 20 21 22
2 3 5
4 1 2 3 5
8 5 6 12 14 17 18 20 22
2 2 4
9 4 7 8 9 14 15 16 17 20
12 1 3 4 7 8 10 11 14 15 16 18 20
1 3
3 2 3 5
13 2 3 7 9 11 12 15 16 17 18 19 20 22
1 1
9 1 2 3 5 8 13 14 19 20
9 1 3 4 7 10 15 17 18 20
1 4
2 2 4
12 2 3 6 7 8 11 13 15 16 18 19 22
4 2 3 4 5
13 1 2 3 4 6 10 12 14 15 17 18 19 20
13 2 3 7 8 9 10 11 13 14 15 17 18 20
3 2 4 5
3 2 3 4
7 1 5 7 15 16 18 20
2 3 5
14 1 2 3 4 6 7 8 9 11 14 15 18 20 21
12 1 3 8 10 11 12 13 15 16 18 19 21
2 3 5
1 1
13 1 3 4 6 7 10 11 12 14 16 18 21 22
2 2 5
12 1 4 5 6 7 8 10 13 14 15 21 22
9 2 3 4 6 7 13 14 17 20
2 2 3
2 3 5
11 2 3 4 8 9 10 16 17 19 20 22
1 4
11 5 6 8 9 11 12 14 15 20 21 22
9 3 5 7 8 9 10 11 14 21
3 3 4 5
4 1 2 3 5
9 3 4 6 8 11 12 13 14 17
2 2 3
7 10 11 12 14 16 18 19
13 2 3 5 8 10 12 13 14 15 18 20 21 22
1 5
3 1 3 4
10 1 4 5 7 11 13 15 16 17 18
4 1 2 4 5
12 3 5 7 8 9 11 12 14 15 16 18 20
11 1 2 4 10 11 14 15 16 18 20 21
3 1 2 3
2 1 4
10 1 5 6 10 14 15 18 19 20 21
3 1 2 3
9 2 3 8 9 10 17 18 20 22
12 1 2 3 7 9 10 12 15 17 19 20 22
1 3
2 1 5
14 2 3 5 6 8 9 10 11 12 13 14 15 17 18
3 2 3 4
15 1 2 5 7 8 9 10 11 13 15 16 17 18 20 22
8 3 5 7 11 15 16 18 22
5 1 2 3 4 5
2 2 3
12 1 4 5 9 10 11 12 14 16 17 19 20
2 2 3
10 1 3 4 6 10 11 12 14 19 20
9 3 6 8 12 13 16 18 19 21
2 3 5
2 1 3
9 2 3 6 7 12 14 18 20 22
1 4
11 2 5 7 9 10 12 14 15 18 20 21
14 3 5 6 8 10 11 13 14 15 16 18 19 21 22
3 1 4 5
1 2
11 1 3 4 6 9 12 13 14 18 19 22
2 2 5
12 1 2 5 6 7 8 10 12 16 20 21 22
8 2 8 12 13 16 17 20 21
1 3
2 2 4
9 2 3 7 8 9 11 16 17 19
4 1 2 3 5
8 3 5 6 8 11 12 17 22
13 1 4 6 7 8 9 12 15 16 17 19 21 22
1 3
3 2 4 5
9 2 3 8 10 11 14 16 18 21
2 1 5
7 3 4 11 14 15 16 22
15 2 4 7 8 9 11 12 13 14 16 18 19 20 21 22
3 1 3 5
4 2 3 4 5
15 2 3 4 5 7 8 11 12 14 16 18 19 20 21 22
3 1 2 5
8 2 3 5 9 10 11 16 17
9 4 7 8 10 11 14 17 19 20
4 1 2 3 5
2 1 5
9 1 2 3 4 5 10 14 17 22
4 1 2 3 5
10 1 2 3 8 10 13 17 18 20 22
13 1 2 3 4 5 6 10 11 16 17 18 20 21
3 1 3 4
3 1 2 5
10 2 3 8 10 11 14 15 18 20 21
2 4 5
10 2 5 6 9 12 15 16 18 19 21
11 1 2 3 4 5 10 11 12 14 20 22
3 1 2 4
2 2 4
10 1 3 10 11 12 13 17 19 20 22
4 1 2 3 5
12 1 2 3 5 6 7 10 11 13 14 16 22
16 2 3 4 6 7 8 9 10 12 13 15 16 18 20 21 22
2 1 5
5 1 2 3 4 5
14 1 2 4 5 7 10 11 12 13 14 16 20 21 22
2 4 5
12 1 3 4 6 8 10 12 14 15 20 21 22
10 2 3 5 12 15 17 19 20 21 22
1 3
3 1 2 5
11 2 5 6 8 12 16 17 19 20 21 22
3 1 2 5
9 1 3 5 6 9 10 11 14 17
11 3 8 9 11 13 14 16 18 19 20 21
1 1
2 1 5
11 2 4 6 7 10 12 13 14 18 20 21
4 1 3 4 5
13 1 2 3 6 7 9 11 12 13 16 19 20 21
16 1 2 4 6 7 8 9 11 12 13 14 15 16 18 20 22
4 1 2 3 5
3 1 3 5
11 2 5 6 8 9 12 13 15 18 21 22
3 2 4 5
10 6 7 10 14 15 16 18 19 21 22
13 1 2 4 5 7 8 11 12 13 15 18 19 21
4 1 2 3 5
2 1 4
11 4 5 6 7 9 10 11 12 16 20 21
1 2
9 6 7 8 9 13 15 17 19 22
13 1 2 4 5 8 10 11 13 15 17 18 20 22
1 3
4 2 3 4 5
8 5 6 7 12 13 15 17 21
2 3 5
10 1 2 4 8 9 13 15 17 18 19
7 1 2 3 5 11 12 15
4 1 2 4 5
2 2 3
13 2 3 7 8 11 12 13 14 15 17 19 20 22
2 1 5
9 3 8 9 11 15 16 17 18 22
15 1 2 4 5 6 9 11 13 14 15 17 18 19 20 21
5 1 2 3 4 5
5 1 2 3 4 5
13 3 4 7 8 9 13 14 16 17 18 19 20 21
2 1 4
14 3 4 5 6 7 8 9 10 11 13 14 16 17 20
10 2 3 4 9 10 11 13 15 17 22
3 1 3 4
3 2 3 4
11 1 2 4 5 6 8 14 15 16 18 19
3 1 2 3
14 1 2 3 4 5 6 7 8 13 16 18 19 20 22
10 2 3 4 7 8 9 10 12 15 18
3 2 3 5
2 1 3
11 4 5 7 10 11 13 17 18 19 21 22
4 2 3 4 5
14 1 2 8 9 10 11 12 13 14 15 16 18 19 21
9 1 2 3 12 13 14 15 18 22
2 3 5
3 1 2 5
12 2 3 5 7 11 13 15 17 18 19 21 22
2 1 2
7 2 6 9 11 16 21 22
12 1 3 4 6 11 12 13 14 15 17 21 22
3 3 4 5
1 5
8 7 9 11 12 17 18 19 22
2 1 5
12 2 3 4 5 9 11 13 14 16 17 21 22
12 2 3 6 9 10 14 15 16 17 20 21 22
3 3 4 5
2 2 5
10 3 7 8 10 11 12 15 16 18 19
3 2 3 4
10 1 2 3 6 7 8 10 12 17 22
10 3 7 8 10 12 13 14 16 17 20
4 1 2 4 5
3 1 4 5
11 1 2 4 5 7 8 9 11 13 14 18
5 1 2 3 4 5
9 1 3 7 8 9 11 12 16 19
12 3 4 6 8 10 12 14 15 16 18 20 22
4 1 3 4 5
3 1 2 3
12 1 2 3 4 6 8 9 15 16 18 19 21
3 1 2 4
14 3 4 5 8 9 11 12 13 14 16 17 19 20 21
6 3 11 17 19 20 21
3 2 3 5
3 1 2 4
11 1 2 5 6 7 8 11 12 17 19 21
3 1 3 5
11 3 4 5 7 11 12 14 15 17 19 20
10 5 8 9 10 11 12 13 14 18 19
2 1 5
3 2 4 5
13 2 4 5 7 9 10 11 15 16 18 19 21 22
3 2 3 5
10 1 5 6 8 12 13 15 16 17 20
14 4 6 7 10 11 13 14 15 17 18 19 20 21 22
4 1 2 3 4
2 1 4
15 2 5 6 7 8 9 11 12 13 14 16 17 18 19 22
3 1 2 5
13 1 2 3 4 8 9 10 12 15 17 18 20 22
11 1 4 6 7 8 9 11 12 13 15 22
3 3 4 5
3 3 4 5
10 7 9 10 11 12 13 14 16 19 21
3 1 4 5
9 5 6 7 9 10 13 14 15 17
12 1 2 3 4 5 8 11 12 13 14 19 21
1 3
2 2 4
13 1 2 5 8 11 13 14 15 16 17 19 21 22
3 1 2 4
12 2 3 5 9 11 12 13 14 15 17 18 22
15 2 3 5 7 8 9 10 12 14 17 18 19 20 21 22
3 2 3 4
2 4 5
12 2 4 8 9 11 13 15 16 17 18 20 22
4 1 2 4 5
9 1 6 7 8 9 13 15 18 20
9 1 2 3 10 11 15 17 19 22
3 1 2 4
3 1 2 5
14 1 2 5 6 7 10 12 13 14 15 17 19 20 21
4 1 2 3 5
10 4 8 10 11 12 15 18 19 21 22
12 1 2 4 6 7 9 10 11 14 16 19 21
3 1 3 5
3 2 4 5
14 2 5 6 8 9 10 11 12 14 18 19 20 21 22
4 1 2 3 4
9 2 8 10 14 15 18 20 21 22
8 2 3 5 8 13 16 17 18
2 2 4
4 1 2 4 5
10 1 2 4 6 7 8 14 20 21 22
5 1 2 3 4 5
9 1 4 5 8 12 17 19 21 22
13 2 4 5 6 7 8 11 13 16 17 19 20 22
2 1 2
3 2 4 5
14 2 3 6 7 9 10 11 12 13 14 19 20 21 22
3 1 2 4
9 2 8 9 10 13 14 19 20 22
13 1 2 3 4 5 6 7 8 12 14 16 19 22
3 1 2 5
3 1 3 4
9 1 2 3 5 8 12 13 15 22
1 5
13 1 2 4 5 6 10 11 14 18 19 20 21 22
9 1 2 5 6 8 14 15 16 17
3 1 2 3
3 1 2 4
13 1 2 3 5 7 10 12 13 14 15 17 19 20
2 1 3
11 1 5 6 7 8 10 16 17 18 20 21
12 1 5 6 9 10 13 14 15 16 17 18 22
4 1 2 3 5
5 1 2 3 4 5
12 3 4 7 9 11 12 13 15 17 19 20 21
1 3
11 1 3 6 9 11 13 15 16 17 19 20
10 1 4 6 8 9 10 15 17 19 21
2 1 4
4 1 2 3 5
9 3 6 8 9 10 16 17 18 22
4 1 2 3 5
10 5 7 8 9 10 14 18 19 21 22
13 4 5 6 8 9 10 11 12 13 14 16 17 22
1 3
1 4
8 1 4 8 14 15 16 18 19
3 1 3 5
15 1 2 3 5 6 7 8 9 11 13 14 16 17 19 22
13 1 2 5 6 7 8 9 13 14 15 17 19 22
4 2 3 4 5
5 1 2 3 4 5
10 2 3 4 6 11 12 14 16 17 19
3 1 3 4
7 3 6 7 10 18 20 21
11 1 2 3 10 12 14 15 16 18 19 21
3 1 2 4
2 3 4
10 5 6 7 8 9 13 14 18 21 22
3 1 2 3
8 2 10 12 13 14 15 19 20
12 2 5 8 10 12 13 14 16 18 19 20 21
1 3
1 3
6 3 5 9 15 17 19
3 1 2 5
10 4 5 8 11 12 13 15 16 19 20
14 2 3 4 5 6 7 8 10 11 12 15 17 18 21
2 1 4
3 2 3 4
13 1 2 3 4 6 7 9 10 11 12 15 18 20
3 2 3 5
8 3 4 12 13 18 19 20 22
11 2 3 5 6 9 10 13 15 17 18 21
2 3 4
3 1 4 5
12 2 3 6 8 12 14 16 17 18 19 20 22
2 2 5
12 2 6 10 13 14 15 16 17 18 19 20 22
11 2 3 5 8 9 10 11 13 14 20 21
3 1 3 5
4 1 3 4 5
11 1 8 9 10 12 13 16 17 18 19 20
4 1 2 4 5
12 2 3 4 7 8 10 11 15 17 20 21 22
10 2 3 10 11 12 14 16 17 20 22
3 1 4 5
2 3 4
14 1 2 4 6 7 10 12 13 14 15 17 20 21 22
3 2 3 5
12 1 4 7 8 10 12 13 15 17 18 19 21
10 1 4 6 7 11 12 13 14 17 20
2 1 5
3 2 4 5
12 1 4 5 9 10 11 14 15 16 17 18 21
2 3 5
14 1 2 3 5 6 9 11 13 17 18 19 20 21 22
8 4 6 8 9 13 17 19 22
2 4 5
3 2 4 5
8 1 5 8 11 12 15 18 20
2 1 3
12 1 3 5 6 9 13 14 15 17 19 20 21
12 2 3 8 9 11 12 13 14 16 19 21 22
3 1 2 3
2 2 5
16 2 3 4 7 8 9 10 12 14 15 16 17 18 19 20 21
3 1 4 5
11 1 3 6 7 12 13 14 17 18 19 21
10 1 2 4 7 9 10 11 18 20 21
3 3 4 5
3 1 2 5
13 2 3 4 7 8 9 11 12 13 14 19 20 21
3 1 2 4
7 1 5 7 10 14 16 19
12 3 6 7 10 11 13 14 16 17 18 21 22
3 3 4 5
4 1 2 3 5
13 1 3 4 6 7 9 10 11 15 16 18 21 22
5 1 2 3 4 5
10 8 9 10 12 15 16 17 18 19 21
11 1 4 6 7 8 9 10 11 14 19 21
2 3 5
2 2 4
13 2 3 5 6 7 8 9 10 11 12 15 16 19
4 1 2 4 5
9 1 2 3 7 12 15 18 20 22
12 1 3 5 6 8 9 11 13 15 18 19 22
3 1 3 4
3 1 2 3
12 2 4 6 8 9 10 13 16 18 19 20 22
2 4 5
9 1 2 4 5 6 14 16 17 21
10 2 3 8 9 10 11 13 14 18 21
2 1 5
3 1 3 5
6 2 9 11 12 15 20
2 1 2
11 3 8 10 11 12 16 18 19 20 21 22
13 1 4 7 8 10 11 12 14 16 17 18 19 21
1 2
1 3
12 4 5 7 9 11 12 13 14 16 18 20 22
1 4
12 1 2 3 5 8 9 10 15 16 17 20 22
11 1 3 5 9 12 14 15 17 19 21 22
1 2
3 1 2 5
7 2 8 9 11 12 18 21
2 1 2
13 2 3 5 7 8 10 11 12 13 14 15 19 20
