30
3 2 3 4
11 1 5 6 9 10 11 14 16 18 20 22
8 5 7 10 12 13 16 17 20
3 1 2 4
1 2
14 3 4 5 6 7 8 9 12 13 14 15 16 17 20
3 1 2 5
7 1 3 4 5 9 11 20
10 5 7 9 11 12 13 17 18 19 21
2 2 5
2 3 4
15 3 4 5 8 9 10 11 12 13 14 17 18 20 21 22
5 1 2 3 4 5
10 1 5 6 7 8 9 12 16 19 20
15 1 2 3 4 5 9 10 11 12 15 16 18 19 20 21
4 1 2 3 5
2 2 5
10 1 6 9 10 13 14 18 19 21 22
3 2 4 5
9 3 8 9 11 15 16 18 19 20
14 1 3 4 6 9 11 12 13 14 15 19 20 21 22
1 3
2 3 4
12 2 3 5 6 8 11 12 13 17 19 20 21
3 1 2 3
8 2 7 9 10 13 14 21 22
14 3 4 5 6 9 13 14 15 16 18 19 20 21 22
4 1 2 4 5
3 1 2 3
11 1 2 6 9 12 13 16 17 18 19 21
