100
2 4 5
14 1 2 3 6 8 9 10 12 13 15 16 17 18 22
12 1 2 3 6 11 12 13 14 15 16 17 19
2 1 5
3 1 4 5
11 3 5 6 8 10 11 13 15 18 19 20
2 2 5
12 1 2 4 8 9 11 12 14 15 16 21 22
13 2 3 5 6 7 8 9 10 15 16 18 19 20
2 1 5
4 2 3 4 5
15 2 4 5 6 7 8 10 11 12 13 14 17 18 21 22
1 2
9 6 9 12 15 16 18 19 20 22
10 2 9 10 12 15 16 17 18 21 22
3 1 4 5
2 4 5
14 1 2 3 5 6 8 9 12 13 14 16 18 19 21
3 1 3 4
11 1 3 4 6 8 13 14 19 20 21 22
11 1 3 4 8 9 13 14 17 18 20 21
2 4 5
2 2 4
14 1 4 5 7 8 11 13 14 15 16 18 20 21 22
2 1 2
9 1 2 9 12 13 15 16 20 22
9 1 6 8 10 11 12 15 16 18
4 2 3 4 5
2 2 3
6 5 6 9 14 21 22
4 1 2 4 5
12 3 4 5 6 8 9 11 15 16 17 18 20
12 1 4 5 6 7 8 11 16 17 18 20 21
4 1 3 4 5
2 1 3
15 1 2 3 4 6 7 8 10 14 15 16 19 20 21 22
2 2 5
13 2 3 5 7 8 9 10 11 12 16 17 20 21
13 3 6 8 9 11 12 13 14 15 17 19 20 22
1 1
2 2 3
11 1 3 5 6 7 8 11 14 16 19 22
3 2 4 5
12 3 4 5 6 8 9 12 14 16 17 19 20
11 1 6 7 9 11 14 17 18 20 21 22
1 2
3 1 4 5
13 2 3 4 9 10 11 12 13 14 15 16 17 22
2 1 2
10 4 7 11 13 15 17 18 19 20 22
10 1 2 3 9 11 12 15 19 20 22
1 2
3 1 2 3
8 3 6 7 8 10 13 17 20
4 1 2 4 5
7 1 3 6 8 16 17 19
8 2 8 10 12 13 17 20 22
2 1 4
3 1 4 5
14 1 3 4 5 6 10 12 14 15 16 17 19 20 22
2 1 2
17 1 2 4 5 6 7 8 9 10 12 14 15 16 17 19 20 21
14 5 6 7 10 11 12 13 14 15 16 17 19 20 22
1 1
3 3 4 5
14 3 4 5 7 8 10 11 12 13 15 16 18 21 22
4 1 2 3 4
14 1 2 4 5 6 10 11 12 14 17 19 20 21 22
15 1 2 3 4 5 6 7 8 10 13 16 17 18 19 21
3 3 4 5
1 4
17 1 2 3 4 5 6 8 9 10 12 13 14 15 16 17 20 22
3 1 2 3
12 2 3 4 5 6 7 10 11 12 16 19 22
12 2 4 5 6 7 9 11 14 16 17 20 22
3 1 3 4
4 1 2 4 5
8 1 4 6 7 10 13 19 21
3 2 3 4
9 1 5 6 7 8 9 11 20 22
16 3 4 5 6 7 8 9 10 11 12 13 16 18 20 21 22
4 2 3 4 5
3 2 4 5
14 1 2 5 9 11 13 14 15 16 17 18 19 20 22
3 1 2 5
12 3 4 5 6 7 8 10 11 13 17 20 22
9 3 5 6 8 9 10 14 15 17
1 2
4 1 2 3 5
11 2 3 5 7 9 10 11 12 13 14 18
4 1 2 3 5
11 1 2 5 6 10 11 12 14 15 16 21
11 1 4 6 7 10 12 13 14 16 18 21
2 1 4
5 1 2 3 4 5
7 2 7 9 11 15 18 22
2 1 2
11 3 5 6 8 11 13 14 15 19 20 22
7 7 9 12 15 17 18 22
3 1 3 4
