30
4 2 3 4 5
11 1 2 3 6 9 10 12 14 16 21 22
7 2 7 8 14 16 19 21
2 3 5
2 4 5
12 1 2 4 5 6 8 10 13 14 17 18 21
2 2 4
14 3 4 5 6 7 9 11 13 15 16 18 19 21 22
14 1 2 9 11 12 13 14 15 17 18 19 20 21 22
2 3 4
1 1
11 1 4 6 9 10 12 13 17 19 20 22
2 1 2
12 3 4 5 9 10 11 12 14 15 17 19 22
15 1 2 3 4 5 6 9 10 11 12 16 18 20 21 22
3 2 3 5
5 1 2 3 4 5
10 1 2 3 5 7 10 12 15 17 19
2 4 5
12 2 3 4 7 9 11 13 14 15 18 20 22
10 1 2 5 7 9 10 12 17 19 20
1 3
3 1 4 5
7 5 9 13 18 19 20 21
2 1 3
12 1 2 3 4 5 8 10 13 15 16 18 21
7 2 6 8 9 11 18 19
1 4
2 1 5
11 1 3 4 5 6 8 9 13 15 18 19
