30
2 1 3
8 2 5 7 8 12 14 18 20
13 1 3 4 5 7 13 14 15 17 18 20 21 22
1 1
1 4
13 1 3 4 5 6 8 9 15 16 17 19 20 21
2 3 5
12 2 3 4 7 8 11 12 14 16 18 20 22
12 1 2 5 6 7 8 10 11 18 19 21 22
3 3 4 5
3 1 3 5
7 4 9 11 13 15 16 22
1 1
13 2 5 6 7 10 12 14 16 17 18 19 21 22
9 3 6 10 11 12 15 19 21 22
4 1 3 4 5
2 3 5
14 1 2 3 6 7 8 9 12 13 14 15 16 18 19
3 3 4 5
9 1 5 6 7 8 10 12 15 18
14 2 4 5 6 7 8 11 12 14 18 19 20 21 22
4 1 2 3 4
3 3 4 5
9 3 5 7 12 14 18 19 21 22
4 1 3 4 5
10 1 6 7 9 10 11 13 17 21 22
9 1 3 5 11 15 17 18 19 22
2 2 4
4 1 2 4 5
10 2 3 4 9 10 15 18 19 21 22
