200
2 1 3
9 4 5 12 13 14 17 18 20 22
8 2 3 7 8 11 14 20 22
1 4
4 1 3 4 5
11 4 6 7 10 11 14 16 18 20 21 22
2 3 4
13 1 3 4 5 6 9 11 12 13 15 18 19 21
9 7 8 9 10 15 16 17 19 22
4 2 3 4 5
1 4
10 1 2 4 5 6 7 12 13 17 18
1 5
14 2 6 7 8 12 13 14 15 16 17 18 19 20 21
10 1 3 6 9 10 12 13 19 20 22
3 2 4 5
1 5
11 1 2 3 4 7 8 11 15 19 21 22
2 1 2
9 2 5 7 11 14 17 18 19 20
11 2 5 6 10 12 13 14 15 19 21 22
4 1 2 3 5
3 1 3 4
10 1 2 9 11 13 14 15 16 17 21
2 2 4
10 1 3 4 6 8 10 12 17 21 22
8 2 4 9 12 13 14 19 21
3 3 4 5
4 1 3 4 5
13 1 4 6 9 12 13 14 15 16 18 19 20 21
2 2 4
9 3 4 6 8 9 14 15 17 18
8 3 5 6 11 12 17 20 22
5 1 2 3 4 5
4 1 3 4 5
13 1 2 3 5 9 10 12 13 15 16 18 19 20
3 3 4 5
14 1 3 4 5 6 7 8 10 13 14 17 19 20 22
11 1 4 5 9 10 12 13 16 19 21 22
1 3
2 3 5
11 4 5 6 10 12 13 14 15 16 17 20
2 2 5
16 2 3 5 6 8 9 11 12 13 14 15 16 17 19 20 21
9 1 2 3 10 11 13 18 20 22
2 4 5
2 1 4
11 2 4 5 8 10 13 14 15 19 20 22
2 2 3
7 3 6 7 8 10 11 15
7 1 2 3 8 10 11 22
1 4
2 2 3
15 1 2 5 7 8 9 10 11 12 15 16 17 18 19 21
1 4
15 1 2 3 4 5 8 9 11 13 14 18 19 20 21 22
10 3 4 5 10 11 12 13 16 21 22
4 1 3 4 5
2 4 5
12 1 2 3 7 9 10 14 15 18 19 20 21
3 2 3 4
13 2 3 4 5 6 7 8 9 10 11 12 20 22
11 3 6 7 11 12 13 14 15 17 18 19
1 4
3 3 4 5
14 1 3 4 5 6 7 8 10 11 13 14 17 21 22
3 1 2 4
13 1 2 4 5 6 8 9 14 15 16 17 18 21
11 4 5 6 8 10 13 15 16 18 19 20
3 1 4 5
2 1 2
12 1 5 7 8 9 11 15 16 18 19 20 22
1 4
12 1 3 4 5 8 10 11 14 15 17 18 20
10 1 2 4 5 15 16 18 19 20 22
3 1 2 4
2 4 5
15 3 4 5 7 9 10 11 13 15 17 18 19 20 21 22
4 1 2 4 5
12 2 6 7 9 10 12 14 15 16 18 21 22
10 5 8 9 10 13 15 17 18 19 20
1 2
3 2 3 4
12 3 8 10 12 13 14 15 17 18 19 20 22
4 2 3 4 5
10 1 2 4 5 9 10 14 17 18 21
12 1 2 4 9 11 12 14 16 17 18 19 20
3 1 2 5
1 4
10 2 7 10 11 13 14 15 17 19 22
3 2 3 5
10 1 2 4 5 6 9 14 15 18 21
10 4 5 6 8 9 10 12 13 19 20
3 2 3 4
4 2 3 4 5
12 4 5 7 8 11 13 14 15 16 18 19 21
2 1 5
11 2 3 4 7 9 10 12 13 14 15 18
12 2 3 6 8 10 11 13 15 16 17 19 22
3 1 3 4
3 1 2 5
8 2 4 6 7 9 11 16 21
3 1 4 5
5 7 12 14 16 22
9 1 3 6 7 10 11 17 18 22
4 1 3 4 5
2 1 4
11 6 10 11 12 15 16 17 18 19 20 21
3 1 3 4
11 4 5 6 8 10 11 13 14 18 19 20
10 3 4 5 10 12 14 16 17 20 21
1 1
3 1 2 3
8 3 4 6 8 12 14 15 19
1 2
9 1 7 9 11 12 14 18 19 21
12 1 2 3 4 5 6 8 10 11 15 17 19
4 1 3 4 5
5 1 2 3 4 5
12 1 4 6 7 8 11 14 15 16 19 20 22
3 1 2 5
9 3 6 7 9 12 15 17 18 21
9 2 6 7 8 12 14 16 19 22
2 4 5
4 1 3 4 5
9 4 6 7 9 13 16 17 21 22
4 1 2 3 4
8 1 7 9 10 12 15 19 21
12 2 3 5 6 9 11 13 14 16 20 21 22
2 4 5
5 1 2 3 4 5
8 3 5 7 12 14 18 21 22
2 1 4
11 1 4 5 7 9 10 13 16 18 19 22
7 2 5 6 8 11 18 22
2 4 5
2 4 5
12 1 2 3 4 7 8 10 12 14 18 19 21
1 5
11 1 4 6 9 11 12 13 17 19 20 21
14 1 3 4 6 7 8 10 11 13 15 17 18 20 22
5 1 2 3 4 5
4 1 2 3 5
10 2 3 8 10 11 14 15 16 19 22
1 3
7 4 7 10 12 13 20 21
13 1 3 4 5 6 8 9 10 11 12 13 16 22
3 1 2 5
2 1 4
12 2 5 6 7 8 9 12 13 14 17 19 22
1 2
14 1 2 3 4 5 7 8 12 15 16 17 18 19 20
7 5 7 9 10 11 13 19
3 3 4 5
4 2 3 4 5
9 1 2 7 11 12 13 17 19 21
2 2 5
10 1 3 4 5 7 11 17 18 20 21
8 2 4 5 9 10 12 16 22
1 5
2 3 5
11 5 6 8 10 11 12 13 14 15 18 22
3 1 3 5
13 1 5 6 7 9 14 15 16 17 18 19 21 22
11 2 5 8 9 11 12 16 18 19 20 21
2 2 5
2 4 5
7 2 3 4 6 7 13 17
3 1 2 3
10 1 3 4 5 10 11 13 16 21 22
12 3 4 6 7 9 10 12 14 15 16 18 20
1 3
1 1
6 2 7 10 16 20 22
2 1 4
12 1 2 3 4 5 10 14 15 17 19 20 22
15 1 2 3 4 6 7 8 9 10 12 14 16 18 19 20
4 1 2 3 5
3 2 4 5
9 1 3 7 8 9 10 11 14 22
4 1 2 3 4
7 2 4 12 15 17 21 22
9 1 6 8 9 10 11 14 17 22
5 1 2 3 4 5
4 2 3 4 5
11 2 5 6 7 8 9 11 14 15 19 22
2 1 5
9 3 8 10 12 14 15 18 21 22
7 1 6 8 10 17 21 22
4 1 2 4 5
3 1 3 4
13 1 3 4 5 7 8 9 11 12 15 16 18 21
1 4
15 3 4 5 6 7 8 10 11 14 15 16 17 19 21 22
15 1 2 3 4 5 6 7 8 9 14 18 19 20 21 22
2 1 5
4 1 2 4 5
11 1 3 4 8 10 11 12 15 17 21 22
4 1 2 4 5
14 1 2 3 4 6 7 9 11 12 13 14 19 20 21
