100
1 1
8 1 3 8 11 12 15 19 22
9 1 2 4 5 6 12 14 17 21
3 1 3 4
2 1 5
15 2 3 5 9 10 11 12 14 15 16 17 18 20 21 22
2 1 4
11 1 4 8 11 12 13 16 18 19 20 22
8 1 4 9 12 13 14 17 22
4 2 3 4 5
3 1 2 3
11 1 3 6 7 8 9 15 16 19 21 22
1 1
12 3 4 7 8 10 14 15 17 18 20 21 22
10 2 4 6 8 10 11 12 14 15 21
3 2 4 5
4 1 2 4 5
10 1 2 3 4 6 7 17 19 20 22
3 2 3 4
12 1 2 3 4 6 11 15 16 17 18 19 22
10 3 4 6 11 13 14 16 18 21 22
2 3 5
3 1 2 5
10 2 4 5 6 7 9 10 12 13 15
2 1 4
8 4 6 7 9 12 13 17 21
10 4 6 8 9 13 14 15 16 18 20
1 1
4 2 3 4 5
5 1 15 16 18 22
5 1 2 3 4 5
14 1 2 5 6 7 8 10 11 12 13 14 16 18 22
8 1 3 5 6 9 10 17 22
2 2 5
1 2
10 1 2 4 7 10 12 15 16 20 21
1 1
13 4 5 6 7 12 13 14 16 18 19 20 21 22
9 1 5 8 9 10 15 16 17 18
3 2 3 4
2 3 4
10 2 3 8 9 13 15 16 17 18 19
5 1 2 3 4 5
15 1 2 5 6 7 8 11 12 13 16 17 18 19 20 22
9 1 3 10 11 13 15 19 21 22
3 1 3 5
2 2 4
9 4 6 7 9 12 16 17 18 21
5 1 2 3 4 5
12 1 2 4 6 7 8 10 11 12 13 20 22
15 2 3 5 6 7 8 9 11 12 14 15 17 19 20 21
4 1 2 4 5
3 1 2 4
14 1 2 7 8 9 11 12 14 15 16 17 18 20 22
4 1 3 4 5
9 2 3 10 11 13 16 17 20 22
13 1 2 5 7 9 10 11 13 14 15 16 20 22
4 1 2 3 5
2 2 4
10 2 3 5 8 12 13 17 20 21 22
3 1 2 4
12 1 2 3 4 8 9 11 12 13 14 18 20
7 1 10 11 14 15 20 22
5 1 2 3 4 5
4 1 2 3 4
12 1 2 3 7 9 10 11 12 13 14 15 20
2 2 3
6 5 9 11 13 16 17
12 3 6 7 9 10 11 12 13 14 16 17 22
1 2
2 2 5
11 2 4 6 7 8 9 14 18 19 20 22
3 1 3 5
9 7 10 11 12 13 14 18 21 22
10 1 3 5 8 11 12 14 15 19 22
3 1 2 3
2 1 4
4 1 4 10 12
1 1
9 2 7 8 12 13 15 16 17 18
10 3 5 9 10 11 12 13 17 18 20
3 1 3 5
3 1 3 4
11 1 2 3 4 5 9 10 14 15 16 20
3 1 3 5
14 2 4 5 6 7 9 11 12 14 15 16 19 20 21
14 1 2 3 6 10 12 13 14 16 17 19 20 21 22
1 1
3 1 4 5
14 1 3 5 7 10 11 13 14 15 16 17 20 21 22
1 3
12 1 7 8 10 13 14 15 16 18 19 21 22
11 1 4 5 7 8 12 13 14 16 17 21
3 1 2 5
2 2 4
10 1 3 4 7 9 10 13 14 16 20
2 1 5
8 3 5 6 8 9 16 19 21
8 3 5 11 12 14 16 17 19
4 1 2 3 4
