50 252337688753 260034979626
3 -65323529593 158129778320
3 892877471326 125053771786
1 -736989570565 -449923698867
2 424058963770 61718027675
5 -963267190344 -332074313375
4 745892151616 -310665885154
5 165774871056 329279965640
2 -607149305069 841012343930
3 192549989613 -936632237657
1 -983763851613 650465211641
2 263910324518 143845309234
2 -655621680257 595523014740
1 53931385640 -713370320376
3 646472813092 690900193722
3 520723669378 453881117061
4 506417088937 -152722710259
2 182365119796 147785654372
2 997197500484 -969540022340
4 -129976128539 -990200357261
3 547474638689 678338413326
4 -92787458211 -194794355910
1 805265799714 -248592285879
2 335396379032 758290406167
5 -499928040053 261756294037
2 -738629237725 568622284350
1 -725596827643 -469060825606
5 852728256020 -31377084257
5 16228064921 576677712575
2 -697668116472 -321189562449
4 -439370886026 -906222751923
4 -107014226420 345297092049
1 561408443849 494584283394
2 -805549319982 -171870459736
4 -841190222522 178389853778
2 706305277136 -333538455168
2 -968349801022 -601643246949
5 511783255959 118478355726
4 -218122618790 449760655192
2 -550341660770 -519815348
4 967521002313 25003168458
5 -383310981775 -658230793155
4 -979397690991 -999459618445
4 568743032905 713068277775
4 405876491469 -444555370812
2 -592779475472 832821314436
4 400657707071 413660680948
5 311597713501 -721240296159
3 381176423111 -232910345892
3 -284546009177 -802518815797
1 -311620152190 750491051224
