20 9019572570 19418894480
2 647740410755 -822130488458
3 -441583593976 672392777366
3 950939259347 -324973022783
3 -43600663300 132136931928
5 -152147645140 -288158352414
4 807410818279 310027878618
3 936350667350 531389486291
3 360721164747 -290531341654
3 263977208739 252836632724
4 867995144843 24192835082
5 96501100864 275029652681
3 -158862332636 443461902895
5 -742744446419 -941048151872
4 -579649538636 -237468409443
5 -656339903849 -11543341401
5 -250768261646 -816311303266
5 -356503162179 676623982589
5 -92271929837 574774590912
5 -591010639129 462004624905
5 -769443613507 -230261738679
