29 260967087400 265612120868
3 -724356236536 920253728540
5 -831745134448 -679124799525
3 -299099459217 839003762819
4 -848712784163 -108099325114
4 -485912231562 377111941935
5 -108794348995 -171130113705
3 -562892674065 365899017791
5 -298877125170 903861630276
5 757573839531 -422331098656
1 605154491845 -435977769081
3 243285029025 -916350370162
1 -90323538819 814187760320
1 -754929265413 -78585472352
4 -915713603183 -3192615344
2 149541207173 45591528553
3 605356474725 997901271069
2 503388342095 -718584695055
5 760769254987 860655989022
1 499602543798 -360258968936
1 670542752896 -600628367607
3 195572139041 498040641246
4 -253680336618 650393421952
2 -702817614080 -886739758190
5 -963004633911 445707324761
3 328802602616 806838699281
3 716818193529 648255214789
3 413891947688 -398195057184
2 526774216813 573521605798
1 -279851696343 882242598319
