50 994782
887305 370190
572461 546304
294315 901382
540529 478142
602685 696619
924964 63768
641935 564977
679552 987216
191892 645304
203066 729912
821853 590385
45119 873333
138506 555873
530925 399982
519256 3555
621284 848685
534925 439726
844725 783457
53848 54955
650274 734405
116000 522280
199455 107225
539271 968276
717415 866165
592610 946318
660942 744542
12839 781936
744032 962305
745132 376294
988340 597553
842394 533268
186359 4154
806592 62425
40942 319796
368558 825177
375962 82654
686064 338927
819732 122416
269575 773559
89191 437357
239565 60921
884465 784095
63847 733442
493049 784283
833599 863415
702334 29301
433479 715603
348574 761453
537571 909101
905185 256787
