97 828869
602729 249115
556385 613685
473215 993328
808335 565533
863436 667914
187392 6094
689980 344647
563169 963884
497687 167177
522290 20997
594976 150668
241027 37109
92686 293085
715891 314781
582430 295863
742868 405969
56143 102502
102089 285598
862407 292580
4320 240460
228317 277083
304956 412740
150589 743740
298404 725326
784944 427484
343853 621163
30056 481076
687886 165262
395392 561807
828653 367046
698276 26842
441689 296554
50484 325340
234816 796245
561984 819200
632583 239822
280585 882085
69886 623728
161756 225171
932831 806037
905187 889440
338266 805467
357426 339635
624455 663965
386255 595992
893997 259454
409456 303551
749157 257462
243619 270734
939909 100779
883489 670386
759012 966907
874803 582376
476113 296466
908175 331765
361914 632194
295639 878942
273951 66075
110382 90924
935035 289428
989069 382517
4510 667424
923873 599351
185392 41226
637941 379342
818792 350259
752285 739513
742702 659088
772500 332250
704938 689523
570982 354256
603237 682376
55807 963951
779311 109645
341575 176738
949728 698884
989886 751867
376577 109733
766952 291244
128814 69119
674225 265859
635336 147191
387391 983054
596966 626324
200897 690366
204439 588754
769485 854967
918032 242476
261224 73128
811627 257392
889650 679648
213771 532807
259961 456502
833987 828011
34897 101977
48276 851998
176385 571089
