89 527799
283258 898568
449049 310235
778685 263826
921643 504232
32566 153478
231869 199446
474200 656808
445337 725505
873971 95911
580796 818023
49960 227271
533491 534834
63517 176031
845408 204559
900559 452721
342922 414416
713593 977045
30203 249120
385623 987184
222778 597307
351708 738098
979075 290259
763136 666928
18756 730034
393365 630973
636149 366109
805736 96789
369840 574118
519379 960247
486591 299458
908775 855141
617313 436166
302479 350636
617897 774742
798535 840954
652539 752632
647541 475396
535587 91632
448408 483612
908206 486169
664884 718876
853016 544710
21486 466838
784757 454274
337646 478025
81512 391901
630456 518015
559298 300750
437373 664679
437948 720016
890997 492373
497424 136316
808173 589411
988610 401493
664446 67777
410045 212366
377819 941422
177506 438182
4419 875530
70558 771185
264020 843303
811847 346180
995575 713332
298174 325130
971948 463711
800677 715687
789206 856814
850907 67009
930479 473935
771995 461669
283517 703143
181554 245335
678257 367008
399284 923781
613679 252822
796785 595028
917400 873797
27488 799475
826351 13845
518448 672832
35591 736064
115737 961362
231139 347664
417906 690739
556781 199579
658110 359764
838091 507640
684644 641722
48426 206182
