57 33535
255418 911840
628137 650189
645833 984122
960960 936115
981458 861509
995468 356975
222705 350465
960093 49620
378236 804963
121322 965194
624205 225126
887250 762067
193781 307300
82021 37390
852971 932244
757257 266355
827026 986866
764831 2226
934818 20197
241001 381012
801702 500455
708849 131452
733717 210105
569464 260400
556713 458646
566391 356113
507360 211710
405865 245912
231572 443987
672145 514342
212099 341273
349912 759170
443350 703824
858137 33481
678360 269267
136108 623586
590360 286089
389078 70736
771366 739147
873742 8046
292757 223220
329307 984044
891403 524855
862418 825634
977522 295647
852928 173646
358887 568881
852001 997826
372002 491999
758177 225482
168514 362498
906208 173359
753676 114569
943757 966778
149515 559808
235294 614159
112378 442495
