100 94242
887648 543108
683907 550551
769366 84790
898882 634871
6698 209014
523215 880229
86617 788205
218965 892626
175701 966080
120347 139087
773706 893432
316221 882354
6267 543564
983088 711893
575922 898433
447426 914035
868636 576180
818428 966924
308170 228107
354459 563996
857288 574311
408292 370719
452616 497821
346947 719142
826422 270909
216242 481805
636448 46933
735924 623348
37310 413799
143674 883896
131600 228944
644701 6682
81467 933972
918690 187832
359269 779030
695523 274892
241903 62708
532903 318782
224684 731020
696691 197658
863717 419072
673057 500767
930788 880324
932029 649448
53388 174872
490244 319315
22449 886140
585555 811147
238788 202659
724004 995963
75385 245663
190836 267595
23855 122542
322840 313801
173818 546924
692869 429601
301798 528330
545700 235124
199649 733301
293392 52818
787894 427150
973219 405952
869431 214762
673492 502520
352498 560015
579937 18583
972326 135256
168099 729019
930794 819878
167658 315528
989449 85748
124346 664243
631226 573255
24235 561726
337272 2783
705403 96229
765550 148371
396923 4961
653402 418563
326364 853117
252010 972314
325135 417933
67121 549774
164895 758868
130147 64683
732621 937636
544672 827424
236530 606310
183638 941468
537859 72512
161371 70743
331919 254284
463974 699828
985348 67358
489723 891511
141995 828838
796151 811842
391155 652784
113392 961589
522856 853107
