61 632499
494349 23067
280239 578363
302716 958909
762479 806520
359397 308582
438699 334746
596249 257171
379759 575395
534730 697599
695106 217188
905566 878916
203995 283405
417006 423681
937251 183567
220545 469146
16267 535206
519816 305654
156142 229307
257427 666419
410865 442249
76364 819057
712119 54031
430525 218687
516370 289552
946708 235715
726459 701012
719148 81493
92963 843496
886813 301694
324294 793116
783319 825489
519648 114094
371310 985417
802974 110808
625237 615460
841084 220989
750210 748217
245613 336151
50904 324391
654775 758156
910706 288646
603110 509494
216361 209009
970782 622255
877856 427382
228388 446383
121867 619044
9520 381871
945074 619711
233694 971269
322238 122620
286174 842370
458004 545067
226319 96824
246798 443470
627823 601835
563024 890083
80822 898061
199317 847404
340408 119036
171186 520966
