80 556031
657611 618391
486780 235800
790541 670981
765609 803073
26415 807646
458357 197072
441148 14519
263339 634680
828910 555108
721144 807444
259233 869049
778762 533109
448944 72792
46677 954739
649702 209276
495972 684434
391856 825600
793788 820691
94557 972508
250977 425927
417930 528617
815802 359056
163195 448999
123738 344658
680414 889142
298069 667994
898157 355926
481421 801918
714371 458517
184189 923938
908717 554753
22912 9718
581652 202054
530615 842191
311056 528272
288604 267910
845102 362638
537926 687914
231936 11
990059 291703
625718 936312
869966 39981
786956 726130
800165 287285
503065 322234
150770 581293
736289 414768
806817 171763
875627 124258
820724 864668
347866 297495
311641 801512
920137 702005
395174 837849
615537 33605
145465 830065
44555 221011
383167 312959
264049 346655
867746 180757
520693 965483
994671 106551
677940 86176
82445 414181
676734 641456
566593 133731
679987 133323
64744 707943
329678 271362
170179 678408
276291 643801
405383 564202
183119 342882
151066 143174
23502 24763
868228 794744
929097 882774
198031 555863
555442 120359
87512 358314
