51 503999
679273 244462
231663 158732
286586 923765
934532 591131
220982 840300
185172 744870
413990 241049
596591 644158
826079 504189
371434 776751
872474 705919
703282 947121
46482 860659
48181 640309
397162 5125
723598 115133
681025 944914
485636 2843
776878 20483
380097 260025
28221 338493
404366 700030
926584 743819
611486 599969
705205 12764
545420 680907
589781 869949
876960 207040
420065 466179
71889 748155
880620 706982
504476 627251
832975 366680
578061 846323
814068 444019
895063 43099
169310 595748
689474 216522
176923 120435
776095 75807
553125 220121
832896 107031
47838 224948
971503 165016
898048 937055
644112 713747
559103 505904
225294 499603
115165 19495
178190 173729
489118 191448
