45 29038
387802 883349
756076 910432
726673 669645
168888 53121
773273 35351
137839 273402
461119 451814
853648 953561
325987 653524
226901 453503
542785 882826
333225 972726
162318 275962
648199 470899
187403 75610
971639 463868
367791 354037
222057 98331
520595 497829
548076 253058
160344 974732
245455 683359
365625 819714
887 37748
201040 533924
738979 362888
185001 638478
719279 308586
421275 219524
406553 860481
368838 447570
18403 427233
992740 79715
667459 972617
104623 657154
555756 112246
236904 72890
775456 622502
556938 619418
514536 316407
743479 601668
402530 312643
957482 555010
567954 277688
296094 346060
