84 448020
481452 671817
699172 897767
224822 409869
263417 491920
716307 355077
481662 167850
318319 242565
85025 861183
35550 378391
285587 671264
455786 149226
112246 8434
46582 951735
402511 424337
461954 370321
594673 849657
159040 469941
649673 419438
620906 828489
481939 213589
883668 901075
487805 911033
948747 994999
799953 683323
714144 653936
564893 331180
393596 855482
380044 434268
46603 132560
354828 761072
583409 481815
50900 379790
970370 884348
703435 407515
487807 894073
615432 419392
530403 583792
955456 253684
41128 920039
220727 117661
779585 209434
475128 96844
304774 635301
240263 717999
287273 417411
50167 185357
337477 830184
220512 958600
513889 533122
93339 363282
337731 539621
435409 708259
98420 688687
226524 732941
758155 318087
287855 315833
235805 596085
246576 675070
837674 920057
970020 467049
880196 417353
637699 160005
182615 591736
166132 115820
588784 539811
158089 864260
831459 145838
509130 174334
350772 149870
921301 827742
937755 813972
92999 145535
144766 18224
654059 139772
734640 623059
977774 587292
714585 182878
274363 49469
721737 982908
534589 385832
700221 452077
574206 998782
425578 163018
662138 377774
