36 998799
699165 644160
921749 749613
157180 699149
167916 756632
603407 268631
465374 788215
930679 810315
403813 584524
598312 586918
42915 512130
316559 782463
482485 714945
682489 861132
281529 168977
715209 660871
631903 382579
90338 390684
741211 75232
525461 80014
461816 337386
799887 525178
88438 334022
629035 690984
137086 123904
977785 615558
674741 216868
5444 445886
141612 178895
832321 907596
515340 362109
905361 938160
850314 340599
707363 730418
420423 398624
589334 911008
104267 522034
