37 139674
133659 76754
698106 75425
814190 629708
99610 734686
417939 146641
977475 18385
555165 344112
984487 798848
946664 753417
317475 77156
45780 252423
963496 499582
536773 739116
790972 486606
831141 535684
489505 331903
358108 607682
890962 658337
596069 235836
928745 595166
649418 130887
986661 73441
386992 936037
894279 317323
689947 329076
775993 719955
981984 570102
601271 244896
494837 457132
817442 750275
778454 3452
886741 97670
14878 328610
52165 932965
66381 694788
628571 772830
445021 850821
