53 768622
471904 705470
692229 303600
885444 514296
933504 291235
787535 345309
387776 71429
523374 27450
62411 865108
525050 749668
768314 35181
626324 731591
815389 286414
181054 406317
271223 78014
425703 389860
464189 353758
155752 962823
903522 768142
535430 837559
716109 65785
94000 14401
8609 244918
549210 972509
82482 505919
139275 437953
623135 351713
786735 503409
348276 681758
225169 820770
169131 412652
940980 950900
578231 180384
50346 731405
160743 698377
922023 736764
610137 714837
256714 215583
66906 515578
121807 162449
152917 537569
45147 885538
249280 613122
451281 549637
975082 589410
49822 613803
688716 484767
423837 755302
626826 921861
602875 272300
961384 731153
702792 919323
666280 920531
487789 469327
