42 557563
766876 315923
974133 997924
527573 205937
658295 702462
857408 544555
170625 712286
93831 580585
327005 136386
483596 280211
756336 654440
383757 852814
974987 689340
719520 968795
2520 981181
967047 64866
453630 646576
861529 885622
654834 690673
890044 322611
452317 99118
895058 347706
356923 931117
33081 393267
701558 807903
765974 397683
550679 216185
793263 717123
419386 882284
969991 911384
400379 804499
426670 284386
580787 853158
144212 424275
501354 744533
237955 164237
539132 986018
676069 129108
602007 978026
266308 416961
748459 14231
480455 244911
862195 607458
