85 49882
59701 351234
304253 365020
502369 297245
902635 452013
170661 95650
235813 805531
171712 47618
81587 584678
242532 672541
782704 954749
191343 423281
854442 754011
72420 929680
807637 110640
65372 826815
66606 924902
872020 392648
51723 412365
657264 802700
337768 563030
509639 412883
633000 445006
680468 625792
273974 101788
810023 660242
746646 6052
891455 432021
717790 592560
812662 756478
699010 114326
930700 650310
752340 167822
9847 664326
720601 430024
889684 674467
599803 852266
665419 798677
410774 76973
183415 881268
611699 903455
96517 668301
212871 846834
766620 847983
979862 484610
977692 113402
2567 2281
731645 519816
712312 432935
485764 776360
800208 47226
665908 713056
466105 420905
507712 713526
385868 750480
692003 400685
706497 437864
762683 721866
910633 200115
30930 26667
996750 845355
731685 895222
151789 132311
392365 390031
498564 272827
897161 905348
568306 321676
381694 35099
434870 890995
26852 232843
153901 116335
446454 299304
717455 383439
457917 458592
814618 181089
410617 960928
736595 805144
101477 378846
992292 61023
360676 122439
867538 810794
476267 329506
96544 591724
28086 422019
260543 200826
137484 762092
