42 755504
341174 250672
36405 293822
662516 111774
802418 626971
751605 37737
701384 936748
217381 757850
556824 921720
304242 629881
214734 845176
175765 677507
464414 827440
404908 118568
97643 53473
722800 886169
640307 149165
712084 206130
194260 399204
582796 454810
305737 51297
18251 444512
193282 599084
843001 5718
536359 832374
323892 899744
243591 339997
774579 492243
454666 183463
407692 677583
767941 92825
612833 516043
318882 930483
646651 205771
643710 865179
129722 766505
801663 306897
109225 17189
846324 573231
192095 866486
937505 420854
151204 34009
805727 790195
