87 785241
298480 99264
597213 652594
624804 753695
845035 50192
970588 954933
741040 792025
793403 219766
775501 643242
693785 436776
317843 827256
109761 453772
945842 43985
145791 741461
314770 91956
24715 761437
499929 362482
549911 211306
922100 325397
202630 968069
480698 882529
443813 287047
628202 775386
235882 931330
941388 427361
174776 321454
420856 546851
464885 214887
681726 655219
985734 510392
389695 231994
499374 447025
178894 571768
506027 604094
268409 987021
518952 375707
59301 205758
606636 583111
915304 301529
736711 641798
938800 683026
345198 925937
340218 602791
285673 408847
506501 692658
746667 217849
325229 484868
318007 491383
510416 417186
94732 742860
231548 642937
831462 800330
729210 948559
573877 536825
352984 284114
662349 907991
123591 2922
33645 114871
313320 7964
236764 472599
379254 508383
975869 264341
562910 943565
521262 885837
984330 449351
800382 564326
810473 411228
731621 941065
398781 771346
335809 58128
772050 804477
223266 730988
516434 840685
716822 161944
970170 322975
266037 908738
297870 862965
808980 129726
103051 395054
825579 436655
374261 325678
534286 533177
326533 389183
536902 416663
10636 637458
50694 591212
537416 645720
78218 851605
