65 504252
281732 171157
688985 592576
514457 987096
755501 82075
444070 687756
768161 183558
34211 22800
545912 454304
463328 398339
665972 405029
614432 53886
331074 339042
964166 161116
437716 149434
143657 523004
273001 561843
396576 127693
578626 685586
593082 881670
190791 839270
58924 21733
901347 284428
584172 876553
37776 768107
156760 416812
770365 569865
15270 610556
359822 382213
797526 151667
412110 987716
700404 932416
712085 290447
31592 818851
850807 916656
217297 687553
21428 404582
708031 278453
942347 742440
535697 226487
363269 939539
139214 347870
455516 933644
181917 196687
798980 862544
683740 42209
943663 154685
810966 583716
722251 246934
297408 974155
487864 437057
796434 206205
815331 76332
257845 60256
852384 726314
24474 416912
463827 915354
352158 700700
439924 948549
533769 461563
335835 189728
127332 496771
322125 718814
519576 372279
616253 23855
387431 948365
