74 833316
702529 203982
878450 114702
56582 691040
452537 810161
922555 460184
37603 21387
365540 80347
441114 645147
782017 135991
515575 245169
589600 350846
190152 884238
634261 573305
123943 726414
845841 588934
303281 931528
386183 328242
499098 281160
480373 875691
890080 905099
82161 8989
697026 491653
153790 642361
760490 369945
797199 151045
669970 454215
628401 778595
103743 469714
168758 375048
727805 362733
582231 165779
61917 860658
170776 328876
500388 170097
339630 34345
101445 733921
490326 603528
965716 486596
361636 277291
100917 541811
810141 739932
969181 326049
611143 255671
174460 30200
608087 42558
637914 260001
903112 985236
694594 392252
360706 90382
564816 945180
148783 213066
588164 571291
61520 224094
419928 479879
258984 712762
237167 919751
180513 809145
806386 844117
333030 204418
896890 888645
312401 545493
63636 40418
587063 989689
823923 307517
564925 662156
605464 465679
959598 768281
240406 279286
685529 631789
70206 858788
89426 369396
414943 194593
326599 853013
509422 335092
