49 682334
320525 57973
461830 618138
649196 555154
902136 889196
932055 567128
207852 510457
370424 247754
847871 728414
534563 583587
688648 906567
252375 504035
597086 388200
396938 923905
715050 822127
499290 794072
313705 790510
594430 497838
947982 719921
149810 424241
7519 117920
913294 353680
120859 493192
84375 436526
663795 23771
289742 140120
292708 790777
169709 828404
309817 230687
762302 590094
441494 977753
528014 312996
582687 223261
529455 69818
434371 557249
869056 145340
147144 479898
802007 38145
243946 483276
333371 374427
448434 423560
365291 784014
395029 255154
996317 875372
163178 213861
406187 142724
56871 451412
77120 280715
326109 716665
247188 403818
