63 984164
473409 975433
351570 477028
303668 895115
268862 908145
706568 79000
667947 77133
503367 942196
930918 92256
660487 462097
787695 250948
628424 795263
52158 740309
810136 599949
677621 530619
873229 737908
344505 735705
500703 120705
502123 952112
722451 613183
154467 657706
856420 5518
115372 333370
992938 144525
609712 879964
221442 668512
521939 194551
995832 593410
384672 120990
658187 851032
238740 202990
681371 5342
297913 909198
587883 404298
672345 360865
63827 295354
835041 889221
238681 304422
776637 135646
802929 337781
792220 195262
733775 513293
297924 257429
755644 702196
739270 870748
774865 426529
256031 387538
8303 244633
597958 840097
654585 902096
40204 303200
558371 44742
44888 130129
529421 968961
701070 118679
657857 718315
23829 680581
720136 998510
314049 151558
890953 100263
644024 360231
861778 386552
732189 844065
475240 18341
