100 1000000
323205 942454
112997 154297
828746 298679
301302 585134
558176 264510
227625 846121
31991 164162
94452 783355
320457 660786
674399 966531
428983 890094
96184 945123
356901 195954
551712 348516
182435 853080
117078 962993
35153 124064
26460 236809
972571 160353
946233 674252
59418 337975
114547 638870
792906 6300
194738 154300
600777 829570
83313 150694
262434 26561
266205 983961
818935 51600
335046 984532
624267 303120
960281 820410
33121 985954
589231 413351
784662 204380
681946 877049
911109 156412
12217 753976
132059 499670
336201 1847
21259 4443
991864 824004
405945 915243
679997 855884
510365 470573
221762 791795
400550 859828
199882 579959
492856 414148
323110 669989
690819 820300
585110 932161
705342 351792
29734 311381
396386 813810
381105 248119
446280 171147
142922 369830
194463 497476
13813 28170
589912 66388
704144 318161
918190 470848
8428 154245
412844 423212
684645 454239
514058 773905
994353 710804
754002 203469
928275 442946
384076 281446
882937 759826
332809 522368
466857 649521
874100 674784
934036 803181
248410 210809
1833 120487
575486 604409
653755 119486
724066 417026
736757 818249
810805 374915
617131 990209
63856 712058
69167 286075
255252 631754
946246 929320
349547 225161
269047 551510
749164 804357
832286 84219
50433 843207
859809 346081
483665 667523
766457 736747
350326 435776
292362 773955
759924 37504
218561 249591
