100 1000000
461406 253448
852441 816239
957496 964531
679161 313718
988052 240121
702860 44710
72026 947878
400328 559020
303490 41121
763742 719468
429590 375321
144053 62968
869665 584333
501030 655839
900514 826838
657175 689407
852950 199063
26097 425482
983347 447111
635792 68734
900268 901666
61981 51567
900336 49772
948895 778198
4689 106941
534611 774640
778280 26744
934831 917182
711629 770445
587044 575986
738991 103402
529542 889011
207187 279155
118214 977750
815644 730757
882995 367830
291559 710046
405601 17131
326536 99348
378094 240310
107086 564544
589733 99071
557632 654986
205089 747252
818276 573568
270426 958962
34773 15852
221275 443027
315329 568926
384422 562929
630729 403926
19298 69631
908800 652136
517179 111630
431501 66281
605498 238880
611570 487702
22505 674505
70762 47402
651852 898102
778645 420070
381491 80312
923947 871193
559719 444244
15244 485376
8755 675717
100557 771087
363855 559542
252336 28679
808173 304523
585982 650306
197096 579723
513494 161743
850008 589859
73458 527652
677677 884650
136047 214818
861305 284911
556048 929224
203546 859431
957213 782191
255533 612623
396201 381080
836479 590285
955980 75232
298261 830498
212562 361647
708766 600127
830120 852293
341604 244279
213736 147942
196982 264510
467218 548232
774763 413178
738810 708342
529234 475163
815635 571274
276526 194328
177892 843861
903363 553675
