100 1000000
343332 316485
404333 426204
866474 743179
865622 370882
207292 668489
194350 732356
539835 760271
535491 610992
820761 380821
760373 775346
50453 867135
73466 979911
664767 742612
576808 697280
23504 270313
846464 306596
268378 612872
344998 633702
343043 843619
556616 401490
520532 319223
64579 882563
401759 525394
291540 256131
631000 529275
391560 635066
874464 859781
774024 554769
690082 636883
96848 668725
253296 31603
169144 794442
284524 13863
315494 239486
635009 274396
550544 80794
428784 108761
909625 32503
15620 742711
142170 25764
396405 627296
315219 161238
861492 206308
353769 275007
66397 925929
624072 730005
226329 33697
480313 226696
838217 419334
545334 448265
389577 31767
653891 144953
102439 777433
613452 266909
308824 673217
833421 812126
204099 556016
927681 521585
759777 19015
618575 198405
166848 674021
190971 741200
221912 48314
322993 609755
82214 594738
934503 302289
290020 869713
300587 616365
15692 818419
900665 177640
871708 905356
748485 329303
58673 460499
196537 525294
159505 551075
525968 525448
867351 18093
837651 180815
424089 81487
597172 828137
571602 741170
422340 691205
53507 770392
985473 510922
698368 483742
425478 230661
196174 792736
357252 225921
458948 14862
801338 64832
892785 74612
21079 856387
330606 279882
845325 772399
484660 725582
815397 48998
504779 755315
536548 491663
345932 964698
727801 575335
