100 1000000
585555 811147
238788 202659
724004 995963
75385 245663
190836 267595
23855 122542
322840 313801
173818 546924
692869 429601
301798 528330
545700 235124
199649 733301
293392 52818
787894 427150
973219 405952
869431 214762
673492 502520
352498 560015
579937 18583
972326 135256
168099 729019
930794 819878
167658 315528
989449 85748
124346 664243
631226 573255
24235 561726
337272 2783
705403 96229
765550 148371
396923 4961
653402 418563
326364 853117
252010 972314
325135 417933
67121 549774
164895 758868
130147 64683
732621 937636
544672 827424
236530 606310
183638 941468
537859 72512
161371 70743
331919 254284
463974 699828
985348 67358
489723 891511
141995 828838
796151 811842
391155 652784
113392 961589
522856 853107
679105 126400
521000 201545
112054 400660
416980 554609
488873 573881
960549 605141
873868 216549
381031 58951
721127 438513
10174 200751
66020 947337
352841 469105
632080 518521
43007 636968
686564 269654
185575 706960
888514 280982
388318 699225
242254 677652
901145 358659
730310 910278
700479 176731
729487 232190
242773 13511
913492 220222
490659 262717
31549 426353
530320 870515
165155 15119
128689 662817
588629 1545
609494 270653
354042 47432
789293 619198
407546 784749
620537 280342
489959 638850
368327 12087
544626 169316
51213 156321
13234 182476
912958 23983
671512 852025
906047 603425
857937 460167
706341 543754
538545 20707
