100 1000000
692010 823342
17634 99368
802315 66313
934859 131514
909319 197078
979741 745640
985938 219567
122307 819275
122545 18705
423601 573717
162869 332494
656131 805973
734005 784941
114429 437087
847799 163215
561497 838881
293522 325228
692299 236906
865879 171272
936154 183606
549831 71236
590560 365466
688188 595690
323798 63466
522856 231618
866375 634985
800657 725662
802199 420202
45445 54658
396854 928487
98973 328262
357015 226600
764272 702288
95635 783430
711967 190632
548295 263578
435725 161162
573400 454697
267747 869669
825600 502346
901704 927854
959014 359105
87141 854881
453364 569997
523754 8144
503999 800422
679273 244462
231663 158732
286586 923765
934532 591131
220982 840300
185172 744870
413990 241049
596591 644158
826079 504189
371434 776751
872474 705919
703282 947121
46482 860659
48181 640309
397162 5125
723598 115133
681025 944914
485636 2843
776878 20483
380097 260025
28221 338493
404366 700030
926584 743819
611486 599969
705205 12764
545420 680907
589781 869949
876960 207040
420065 466179
71889 748155
880620 706982
504476 627251
832975 366680
578061 846323
814068 444019
895063 43099
169310 595748
689474 216522
176923 120435
776095 75807
553125 220121
832896 107031
47838 224948
971503 165016
898048 937055
644112 713747
559103 505904
225294 499603
115165 19495
178190 173729
489118 191448
755504 823327
341174 250672
36405 293822
