100 1000000
662516 111774
802418 626971
751605 37737
701384 936748
217381 757850
556824 921720
304242 629881
214734 845176
175765 677507
464414 827440
404908 118568
97643 53473
722800 886169
640307 149165
712084 206130
194260 399204
582796 454810
305737 51297
18251 444512
193282 599084
843001 5718
536359 832374
323892 899744
243591 339997
774579 492243
454666 183463
407692 677583
767941 92825
612833 516043
318882 930483
646651 205771
643710 865179
129722 766505
801663 306897
109225 17189
846324 573231
192095 866486
937505 420854
151204 34009
805727 790195
764776 576814
449307 52466
246803 181587
890971 127676
478098 640463
923225 716780
162848 684873
745890 166250
173969 603712
592762 600728
483490 120514
191198 256405
94242 799795
887648 543108
683907 550551
769366 84790
898882 634871
6698 209014
523215 880229
86617 788205
218965 892626
175701 966080
120347 139087
773706 893432
316221 882354
6267 543564
983088 711893
575922 898433
447426 914035
868636 576180
818428 966924
308170 228107
354459 563996
857288 574311
408292 370719
452616 497821
346947 719142
826422 270909
216242 481805
636448 46933
735924 623348
37310 413799
143674 883896
131600 228944
644701 6682
81467 933972
918690 187832
359269 779030
695523 274892
241903 62708
532903 318782
224684 731020
696691 197658
863717 419072
673057 500767
930788 880324
932029 649448
53388 174872
490244 319315
22449 886140
