100 1000000
915571 341033
186753 23648
270198 205905
288224 963413
786213 826757
379694 443930
278337 300335
530948 883977
883536 332865
623737 177520
524625 689040
208224 675734
768394 406059
888317 446475
169766 681743
334272 234363
618386 149169
376995 492465
170857 434095
200974 507148
192917 53461
57319 949058
949878 493533
334387 565407
78939 624476
559422 495464
499017 615860
184166 210015
48661 132463
259360 214295
392294 592331
806876 12108
889713 731757
811255 401895
309224 584654
322094 151781
7529 602698
454163 12110
821090 284415
523745 716550
373387 373293
774138 308553
954601 447297
157477 598499
120394 349354
745381 895748
816057 394518
332355 57009
354879 315425
614948 55888
370963 873441
892682 149519
870391 29130
827835 169184
82038 693510
60106 165897
422001 387586
914383 343711
374666 333329
548179 669895
379863 415733
416756 212084
762754 498436
592253 651007
514084 937919
225725 327688
173923 414297
312884 263965
300452 120416
980568 648231
921426 69606
785241 629907
298480 99264
597213 652594
624804 753695
845035 50192
970588 954933
741040 792025
793403 219766
775501 643242
693785 436776
317843 827256
109761 453772
945842 43985
145791 741461
314770 91956
24715 761437
499929 362482
549911 211306
922100 325397
202630 968069
480698 882529
443813 287047
628202 775386
235882 931330
941388 427361
174776 321454
420856 546851
464885 214887
681726 655219
