100 1000000
139214 347870
455516 933644
181917 196687
798980 862544
683740 42209
943663 154685
810966 583716
722251 246934
297408 974155
487864 437057
796434 206205
815331 76332
257845 60256
852384 726314
24474 416912
463827 915354
352158 700700
439924 948549
533769 461563
335835 189728
127332 496771
322125 718814
519576 372279
616253 23855
387431 948365
302361 656900
529972 275677
304504 263055
452851 477157
187793 684894
269780 862775
144469 260426
316877 225520
661281 362214
260446 30809
721775 235935
554465 637462
498601 234622
254943 424737
815402 19775
917909 361241
544048 98571
685927 315208
466298 598243
88745 339341
727178 502214
526354 630379
19367 564859
985275 103841
621654 479489
448020 861841
481452 671817
699172 897767
224822 409869
263417 491920
716307 355077
481662 167850
318319 242565
85025 861183
35550 378391
285587 671264
455786 149226
112246 8434
46582 951735
402511 424337
461954 370321
594673 849657
159040 469941
649673 419438
620906 828489
481939 213589
883668 901075
487805 911033
948747 994999
799953 683323
714144 653936
564893 331180
393596 855482
380044 434268
46603 132560
354828 761072
583409 481815
50900 379790
970370 884348
703435 407515
487807 894073
615432 419392
530403 583792
955456 253684
41128 920039
220727 117661
779585 209434
475128 96844
304774 635301
240263 717999
287273 417411
50167 185357
337477 830184
220512 958600
513889 533122
