100 1000000
985734 510392
389695 231994
499374 447025
178894 571768
506027 604094
268409 987021
518952 375707
59301 205758
606636 583111
915304 301529
736711 641798
938800 683026
345198 925937
340218 602791
285673 408847
506501 692658
746667 217849
325229 484868
318007 491383
510416 417186
94732 742860
231548 642937
831462 800330
729210 948559
573877 536825
352984 284114
662349 907991
123591 2922
33645 114871
313320 7964
236764 472599
379254 508383
975869 264341
562910 943565
521262 885837
984330 449351
800382 564326
810473 411228
731621 941065
398781 771346
335809 58128
772050 804477
223266 730988
516434 840685
716822 161944
970170 322975
266037 908738
297870 862965
808980 129726
103051 395054
825579 436655
374261 325678
534286 533177
326533 389183
536902 416663
10636 637458
50694 591212
537416 645720
78218 851605
504252 117855
281732 171157
688985 592576
514457 987096
755501 82075
444070 687756
768161 183558
34211 22800
545912 454304
463328 398339
665972 405029
614432 53886
331074 339042
964166 161116
437716 149434
143657 523004
273001 561843
396576 127693
578626 685586
593082 881670
190791 839270
58924 21733
901347 284428
584172 876553
37776 768107
156760 416812
770365 569865
15270 610556
359822 382213
797526 151667
412110 987716
700404 932416
712085 290447
31592 818851
850807 916656
217297 687553
21428 404582
708031 278453
942347 742440
535697 226487
363269 939539
