100 1000000
341721 733871
201545 740876
102723 326984
382396 770473
771576 742582
701308 186096
729263 515108
770129 246141
528302 785834
406562 967038
586748 856110
557611 40915
1977 433352
498810 489882
110248 982577
565045 313235
768622 215975
471904 705470
692229 303600
885444 514296
933504 291235
787535 345309
387776 71429
523374 27450
62411 865108
525050 749668
768314 35181
626324 731591
815389 286414
181054 406317
271223 78014
425703 389860
464189 353758
155752 962823
903522 768142
535430 837559
716109 65785
94000 14401
8609 244918
549210 972509
82482 505919
139275 437953
623135 351713
786735 503409
348276 681758
225169 820770
169131 412652
940980 950900
578231 180384
50346 731405
160743 698377
922023 736764
610137 714837
256714 215583
66906 515578
121807 162449
152917 537569
45147 885538
249280 613122
451281 549637
975082 589410
49822 613803
688716 484767
423837 755302
626826 921861
602875 272300
961384 731153
702792 919323
666280 920531
487789 469327
558263 402092
947105 748683
860071 402151
811152 627155
331666 879071
844986 464099
497754 461229
710749 373203
846128 944771
966283 41787
708766 235520
835405 904579
954310 422886
375186 849327
280637 224027
40621 579347
421027 14684
838494 365039
396585 383415
997867 774064
250199 788386
704073 951178
595430 132404
25364 136428
26190 803397
703220 867626
421472 365523
232393 299116
45119 489754
480410 6669
