50 85267
68452 89201
84721 50471
62390 57756
6882 31297
23814 62725
92247 14187
85057 14972
87541 92260
84991 47374
89554 53007
3143 66355
41907 57543
59065 7824
88967 34258
10585 8165
97995 75987
13894 96946
23970 97194
96383 69477
40329 83641
1975 77125
69313 98361
5805 69558
38045 60391
40432 55148
72711 67502
59852 96548
97172 3517
19342 50129
46334 5098
73793 40342
26475 53425
22722 48702
58644 40226
57401 15638
42648 33086
81561 15470
63152 23760
7279 98045
82586 61141
5517 69540
12073 96339
11573 57554
20769 67700
69947 97501
77358 70753
22359 38984
13330 3291
15458 49820
43713 93920
