72 26
461595098 231762860 280945998 759360062 105755679 744115582 547545668 259947882 828919989 614915703 503705258 152035305 447883272 3311459 672784152 409671617 738303865 758704933 890544215 749017167 517099997 649725234 239689192 106316995 648987132 302378003
165342331 625528480 566058259 969956839 373521016 797750845 402427219 335493342 987493497 895469894 161336928 154552767 405722574 921010491 150830546 80932963 14075639 871832047 740863415 853611575 691872814 191740938 186080015 279974590 643245531 56305544
3375183 561681421 86400797 741466680 522756063 501085006 850389576 881837630 52506268 253196605 26571105 829255314 158940758 447984814 71181476 99364735 406991443 359819525 606660351 898012964 769705930 47835836 551496340 413401590 506112617 593513441
372170555 133741372 426392784 22693525 449450749 922965906 436266260 828723086 732631194 248288615 213539133 857362069 429824516 140957055 288392648 643004681 190759650 641178993 429952549 629066843 263585550 238226985 965536570 426364560 28603159 748770408
464199646 160727234 340592320 808850751 374111 647835551 261580159 880929944 853884925 470951400 817922303 163460525 940414828 640554228 776429470 802086287 858491734 585408298 880128240 110893984 826068951 421565578 124716090 352062489 608942079 613408549
384022264 256459909 9258580 852503968 508581719 660908612 633697101 131754934 136837819 629371657 730814936 509408435 32373819 115445085 615715284 873084921 894475040 784606489 139394200 408152959 514594666 727252464 624532331 987062349 614258251 389686243
598295049 663301377 678619817 531642314 52581156 160851021 265901472 105649106 399202017 249462134 465237758 423591930 694948183 371921623 980638150 457003157 795515156 458459228 632260782 130705611 916373911 429463559 852755104 208864023 968708567 820985967
655744316 98848714 557082810 712576828 630866773 417272199 675572127 84551596 698811760 572920261 287773397 34331922 438706760 54463312 473314849 972085585 857285964 478197961 196401980 414405989 266848031 648965921 927483475 411538394 980200472 125905442
810003077 15363923 279612608 4980966 533981289 734278917 920678486 396018269 619222149 420294969 881664846 72760268 604372440 328038349 787625421 96484169 727906897 95920820 988957743 859356224 930997077 899918961 530953090 835818481 434491453 835314848
474752520 508431343 753187029 669524078 153621433 201022114 434416095 708911900 110625982 148938694 111354766 455808127 321282039 963479274 705232907 619828099 990993270 149956082 679978996 99981987 175303426 524153750 556306648 873172083 72865429 27152865
640827836 207117847 34722015 268020402 57867673 982515657 93867456 546287678 593433051 92261206 214395602 991467916 779317476 293417633 800341468 674762487 677572743 477402655 720218464 286504624 831004301 436286298 304118542 136007482 85264179 316873583
247238735 995795436 192709034 301447055 762231483 648607603 245209750 453555073 370811043 832975949 373654160 326035999 766998408 979127630 220836004 687165908 359905953 776690207 155859 406884645 678407002 736903610 515377810 562284837 590693839 365936880
671235914 661944831 665549653 650780387 83695318 654162287 276692210 209315724 149600776 229395785 281718240 219292726 807808804 745217009 675237902 618500609 461781602 727122658 636650655 232642144 701369456 597970216 990648424 381170075 210445039 312198629
558496886 634963790 267250929 487116495 680704646 883207912 944772994 337593008 152784780 851589677 401247260 443249637 193661485 287767989 226320688 517117664 164778308 227897194 129256612 45849255 309455456 956027662 151010896 354474834 858370629 240156851
486583424 207945872 884513127 892539201 206301301 22535715 5573746 600691955 17151716 183566431 237094084 971243482 513124981 327857839 980270321 721325657 151554117 303642640 379975999 408731559 34280036 1416597 851281959 358560848 273466968 681140961
584717530 899423924 378527129 16567984 422611386 68655495 723967507 49702222 630149852 547515471 839042215 137828638 165352589 538285545 368358825 730134804 636661194 603653893 319584099 166775099 522089670 974247589 826451089 221323569 435153256 591584418
450767588 648188582 33860042 552503335 629041023 140270049 774767803 390143540 141861757 724173883 957016126 599649308 191893609 448636577 627405321 695279111 134726340 62678550 774253063 82253681 970539650 350002735 463486679 901346217 88222605 235717013
111368266 539042387 31600193 935643782 465912296 671557607 619625454 813263189 138926956 296836655 65301338 521341670 304497988 349191885 746401084 632201011 38183186 464343475 532538562 465870793 224215085 203433896 305507340 839808587 771336737 956272842
438190766 431476462 189750058 935680263 63560242 232036604 193123517 933429410 568029332 237345617 46074880 388000437 804575428 675582689 644403789 890164137 427863335 937931056 802419635 652753343 28174871 882118872 960810869 804340618 957249630 948754439
916491913 465685107 405768639 387557630 482103321 866243892 21425518 146516627 510365190 180923997 182891666 481675440 783513440 683954387 875803338 190650066 862804719 112288332 55144613 846350474 365809069 182128596 966423080 997660671 475216714 490502730
632997197 664921707 202218151 631935715 810585726 172808858 682075227 288662439 302807326 173046638 955042609 245112303 435542528 585661533 551973544 802790126 552618990 524412401 992969074 994055204 626550819 276397639 790100469 336496620 155507921 133328785
892979917 293378544 254569885 850510996 99346248 839283119 741824030 96691498 607580136 100920062 414881889 877167298 974524133 914660996 437522792 59188955 146937001 315250236 991586726 792647052 261806674 314861559 135198596 929927679 410127923 165362135
642590688 33858290 135513683 86759126 425093769 805311797 902388972 990240061 821544132 12073006 281111789 917820717 711138762 667526232 685123705 471873817 59418951 716992959 606331238 286897226 96093149 363821189 642365375 438274394 185177503 648664417
754372162 347102393 394798742 648955419 529450211 34061100 923625280 283706385 509671751 516495944 981975820 415169206 627004234 595096315 368523487 546539021 348228986 29797892 303891346 602483506 414436249 462804086 984186993 638188241 859320094 134008377
374633917 431328173 195731381 607075465 802968875 25978139 263137211 568630901 434981988 139378052 256275651 38480737 491438979 480888551 405620755 599676292 498289562 40218452 961004327 315870315 654677805 844766066 484256813 183374196 688115892 415062778
987878024 219575380 930369822 600679225 511576910 5731218 806712905 711355794 115129802 706764041 205966219 194334714 207310330 280261226 894140972 506764666 208797457 675037624 666369513 606480049 950237687 799361482 944485747 90205263 98076100 850893004
23485678 672586651 860903496 760415422 53834355 693277422 940084359 861479924 288914574 178183222 288004405 720152468 642558144 861624692 88798014 386020379 156082174 272560446 819937857 296606168 217860912 810953534 58312975 435662192 747200435 335545521
403739185 980619864 470389208 37575400 566220896 54023518 418950498 644248010 582931723 938957089 407704076 967686224 286773972 821950612 85182465 215215880 538059283 815478143 316285538 449716372 750357841 162271998 845156292 465645096 243305423 184905728
304577199 551265807 436195325 389386185 602181664 809997349 974358531 239357040 387180039 115495006 726853179 79743842 931498954 515094847 253743540 524846045 608405697 152790112 890472625 408307062 253160631 612753136 300341544 268150420 911001199 313196592
618858820 499138802 245168157 842939383 637896164 936515617 228673513 688664876 88249625 738322947 34372720 155650640 314841772 125261137 554921282 457568754 593586325 862384663 349904741 320258360 311656325 877660211 81456592 631084124 600827741 208745945
134732273 230497581 221072309 493881361 730583080 559381386 939405398 901953847 618118730 672261099 912028608 186153851 379670559 504884184 368606629 891279711 131922915 534985839 600459628 540542012 49990857 117053666 107160239 806852797 726769011 832145143
875391933 56899425 565656699 112051078 363022361 646061821 188942062 132313855 523166969 410445112 754239180 311424993 394510279 458613518 376343945 635271492 691615908 577877838 961153167 280798544 867409120 638292252 604794810 939589060 291851139 42710639
221490650 705514608 568262600 457383060 240474421 499675067 124654492 64579753 116844034 383588637 278255651 989635107 77300974 623175078 790032948 653844809 133861275 458307702 857355992 86347702 646623005 950967107 398997967 298880219 930507899 670171350
89712650 534267514 829532980 963010446 297388594 168446764 698834871 427101147 83906848 313907932 10443753 784646852 691252323 520487754 604562339 900136546 99008701 675056778 961479986 299666018 4551846 536550786 538622934 719991943 310130888 592595567
431484483 220773670 318216833 2261856 586722082 807673257 59958372 724324026 663836561 313300237 635098808 96735666 864249759 897691235 234349559 615288534 529446609 692416850 729645393 744487557 256043168 823045779 813182247 370343282 484060921 632562292
237361040 308856613 172358843 928598870 736489687 235437689 623162940 267614767 539168762 608681503 160927173 407244041 913508141 791726874 735080977 434617729 62333013 736514370 4079826 729319753 478798222 481396673 788888364 537911974 377976230 852384664
723226168 520721138 304168607 345269275 42129283 361121563 572244016 721227633 693034380 52894243 554508869 841711381 314029129 587678 16854395 705471576 508751779 461552183 88039333 213832924 852356597 726306347 65794122 271697690 761705617 688591308
383643428 165157085 995540027 674872319 472778914 352852421 65426348 247745726 286308967 888902086 87093264 346529175 613036489 391098278 864361352 268850732 900517970 110133122 320647081 709286577 666780227 743290185 251016700 449429617 563760396 929234239
685473916 64467530 556596693 297645180 294875163 471522092 813033465 585112939 702852413 978328221 271838597 763321419 78182970 219895096 622683582 117619633 908377056 182209833 393953688 320031492 96834544 840415923 380235839 781247232 320360349 922453162
862893970 694052916 61160464 349880569 645359267 14242692 367415526 224118558 935609400 70600871 61246640 167464105 650637645 203553962 866955122 199041473 317137296 862230635 924607268 813287326 697747940 728282398 563844660 959907600 217615070 941447884
418415618 819792119 418879307 324387535 984865635 224450760 244043944 309343320 996347679 530448143 392632233 60507369 197442163 603230183 598101683 110577883 907936144 382253955 136951393 412351450 122575898 110344873 608449026 354624867 649238441 370656050
805031961 205772621 37407307 801050764 520182492 696531005 795030272 281917496 441946806 917212720 401222205 147053644 756659910 451745013 108481642 930548209 51112798 365231280 825060452 968471526 710144132 620123225 726899195 939245819 200576116 202597435
194878069 276548759 681418779 929473653 405351178 164279091 112723358 376715132 530691942 628857053 622906577 66893463 727338025 466443702 705301441 565327970 775778154 736142964 895378731 799468876 421599536 665412833 944599298 739323417 76645880 654703194
891618029 811817056 167551794 346248272 969368262 639311629 984966596 426964170 271057180 764981473 912459397 136861410 668414898 577233645 844819651 368579908 388775934 292693787 441068222 125808818 761265067 328585893 254701098 504367234 517035287 616370332
848396465 49136926 524338133 83580002 145435759 655397507 263482157 597903920 669078644 686970563 858585239 600989585 527358278 598223491 519980612 691347941 298332 745465725 618984853 580585695 207781796 589452543 284093857 502324999 998409214 488852075
512872372 686854713 74121150 342513589 890874826 367704613 350502446 658395112 426357528 41068237 612197129 397003169 106681476 561953545 747925762 402508690 696069928 431166214 89663547 592656641 375558355 436374723 240172238 42551878 644991623 185528466
70183752 865221456 679289084 937000349 397347112 407310369 595611932 972414559 990178149 906334541 881939077 510613287 936965861 425397375 342287882 777277593 855759111 510297333 912426546 239045676 939111450 102957567 745006520 240785068 769699299 211608964
725850121 992195769 838130716 103816828 861486025 599208263 117628143 127148407 915630414 291056157 55462783 974757652 981831971 404607062 247789151 768659595 551430279 547677410 874238488 802528292 780221932 389369606 459645352 628851134 397827960 577330392
854141694 829758793 424177543 425081796 366480767 878623564 869055783 726204170 753822340 644941664 456375962 416009789 208670170 23037618 681352664 995283397 412726848 234416261 762002698 252252510 7683052 141859502 285870352 554069143 537928455 814632470
835500028 745075028 65810476 25701692 45187989 827729485 787570925 15549616 837188565 847842701 841766990 857696153 800702315 14129907 481585480 494620720 866624058 328551604 134410055 665240131 119041496 127583191 370107565 720655795 584315920 138278583
569465165 408390902 766860128 6933893 290160368 708147093 953076604 642165444 232008147 952044207 542763465 391461323 814700327 717890933 461092835 856338247 275405712 310623660 748483607 584175542 774299559 55540270 217161194 518107116 2665080 756472169
994776720 171753874 577816581 799534558 531463541 418157986 182491073 174379171 654909112 220657388 240331029 874113506 341579691 593123477 235819486 7556440 685302101 408749715 63388397 474562263 805777136 365546546 773095558 991601860 253352043 110311058
96369889 133246105 256343784 790728486 242821293 750897508 542182207 98358838 949232008 688147526 798852218 72965470 765474952 225291510 765290071 286208013 671733941 972765244 810992585 828846087 981729164 61493878 907308919 61603300 536363902 60946966
173382716 204205454 205710446 199132705 500388261 202696391 55624247 361858225 104897654 401833889 424171812 374948213 611987237 671890691 318539382 536351788 807603294 998943531 847524578 658466606 950432637 558237223 213886736 555547107 893252375 248120922
640347677 476283721 735859569 608741118 943463962 480007282 242375943 268945052 786830474 995166467 718960903 584885653 751743720 552076727 581858771 177268381 856728351 110487770 254247811 183332154 409909264 930607823 893311585 715552329 526364688 54808203
467078507 588396666 742485862 534378519 62883540 316775631 390681297 718589713 523317891 631132449 113262593 251745579 371714706 744697499 863899674 547492523 254780368 539504189 338320436 528468202 498262592 933850970 954304989 13611733 904059288 772383258
300205973 51020143 426576835 649010169 414509904 40962125 343168351 726917702 232665848 775052824 303813184 707123877 963838185 148739855 684128747 838232462 96175219 306775938 34556956 13570251 233928284 488080472 758556992 890520574 902477147 826665866
472984315 299442969 859430558 148102822 298527908 243487971 498125381 160115533 869651396 601728378 954213860 240470453 669681819 86673612 674017029 996148007 84745371 707215132 930043812 686018178 643556075 879355779 60580529 120017078 738587877 556187757
99456658 406720330 738916504 643855896 389675934 609602775 916397894 554104600 337621155 854967179 293088231 604081878 626555744 163923879 400427941 389564940 131939596 492160513 77484638 274920266 348973261 651368067 325497638 380306293 923278914 274505386
764445378 647962179 150665722 956470792 388932141 965118656 381244923 198819522 581733142 214915019 424591932 656666642 266825825 200385177 601743658 55728326 67416738 946008882 562586663 93224895 403253413 202186479 453152262 760628851 825198569 626099458
826776465 244544364 313629471 758090990 307615235 111191751 545739952 334657803 123732367 858184374 673660725 366243076 262665175 463526910 391987197 388264024 656531573 893968506 818429834 738202332 46001013 251096982 922167316 627930423 679059417 591707348
285455364 314749796 888492052 378731083 740340858 105029940 932721296 231558947 798814664 801607369 727565864 853001754 193404917 545586460 31185070 515227650 26294588 532214905 427075942 617433664 212549258 221574398 53636489 38822223 152592899 886825247
870844612 770038075 670779261 226651173 264480182 188726823 506257155 634158250 352023157 629959879 566010195 119101214 577313546 175058662 256270433 78960710 683423728 115773410 16000978 485591991 772371609 653063979 286696834 113415775 813715945 791634632
32969214 59527421 100064953 923917777 206550283 738186916 892274773 368919286 489552413 341095228 940539646 67369206 903404768 819302401 358464617 434138921 39718835 206331394 325106239 652403703 346006056 6135459 241899163 679776607 588555654 826831387
550513295 558851953 294181191 232279031 994277535 806230228 242356634 392569237 759077188 647382337 839451618 394957994 425569130 389580806 670699829 281803197 170898162 557747843 702500061 393150121 55222577 850854064 982768859 88301343 598659439 439001494
184670815 639196962 407488361 559045073 103835217 961846153 425038800 757758485 657477068 443377280 332840648 757357478 961756829 976391 275214442 158782174 800956872 908725873 780033858 248523691 197037571 354882791 979697873 923761678 363653178 723788259
300230668 950154397 534852617 771290549 993079259 357509377 10897989 386040066 746632603 362663033 156895604 682649407 449333661 254837334 183031888 8678202 804144036 681661565 368995399 888926098 147928427 101546984 252109310 547786042 914042141 815519013
5137866 938357754 919234011 111576789 780341813 314875630 554783290 220467246 718884479 476581637 968989890 370171258 992860442 933270915 765111920 473170070 500394541 107197567 2534708 922400116 429842963 411415398 437942388 757362329 375729625 498470774
328762760 399590815 338929091 195094596 872545852 63083444 874568135 289775671 769772369 913311258 602406416 617359626 105093883 44296869 234790780 880795214 942901604 113471040 802617375 157406693 871473448 773611368 899938750 295212680 715778008 74519727
793084501 116724802 426219639 820489018 861295762 928031475 689400832 901172548 723830359 71314127 63680989 639133337 701588283 137176284 26358897 607950108 668118282 150604151 670705040 201655617 89731649 480360656 520409346 706046099 148284563 467848041
710123267 720501295 413053286 584100507 951611078 726365512 889614423 22250768 829374701 974505889 885468082 67425610 959143955 968529430 238161658 553375771 91281730 886742803 368807783 322780459 618219133 510994715 577840227 923622774 111427384 625666882
671795212 542908875 585054426 606927796 849443766 827151694 259434818 120581676 861576806 124938742 518739263 783629437 320407895 850893584 712054551 971866893 167565433 340017594 708465921 618281301 330157293 126215017 145077675 722309218 637437322 468386403
