96 59
638024782 422746275 529598952 129361209 868051568 492133988 620931934 938848938 210327469 245119464 5055694 615083361 679971040 895409433 121516062 92665443 148801432 725020089 682363686 384355275 511875736 183253466 413797938 969919301 744212567 217705059 474353795 507325076 438494078 774082962 840492750 805419020 987334508 695039861 88357307 769402136 476857013 283838063 153082471 57805493 354454943 50598330 560852194 978214901 328322723 83453407 297096370 431013502 703033074 827446079 349272399 919985929 883387118 16925326 106054821 981928419 279726764 882507602 546974101
801908591 8914041 872337000 728752243 972944545 42727250 314821248 593039753 941526404 936275818 285837468 258716563 184752054 92749992 354732181 778691650 812691175 123132198 996917142 720133305 164558174 428176307 127981215 968072211 778834547 891037266 566748419 241822683 859341078 756316857 599749866 913222289 202519623 490526419 165159376 497355308 269629339 461812542 533672708 152254611 451533246 420954062 384985130 609545763 988877035 272492552 613602746 189621804 404007286 380193192 350095742 803505012 186218563 486328091 202783512 54155442 990905164 607583750 946571385
474414868 647276062 746286525 207013483 377866938 735706716 59392972 503307529 488675128 633267259 933263474 72014402 584717848 490358533 36188449 755420761 596438870 359331734 201286912 659987047 723721186 148959970 579644777 798183640 185407521 636839533 902295659 361897450 497036397 754891473 356713289 448768561 819466640 666226236 279193848 861133078 735390029 767173359 688832165 3433299 339792087 82533312 327064109 132255608 685590360 961126553 827058340 859261546 313938540 37383414 763618511 83577311 380543651 450725483 263084969 920575714 866694146 336454428 777242850
286850645 429426818 413774915 119435611 840651114 315111568 747568814 184838571 790958122 132660620 905140543 962313885 382837742 91347530 264984938 874263984 126635496 522941332 344922042 802001814 739247515 410985125 254593612 130089653 37216607 468409263 8320850 585389993 86944990 110487126 50741649 556295104 276260762 943555636 994131171 738281852 553930597 950280019 256336054 402223381 539127014 638591158 693095052 880947956 431918619 43338448 898734713 290112057 389381842 219592202 176078760 475530039 503925550 936234306 410160342 333749747 332695592 828632135 339273941
136512680 831027212 499682910 229305099 862865477 163336440 300400832 299838960 831673581 787085152 865102105 556302740 13398134 328864397 271173643 777374230 7497451 359469337 429804969 583786542 40289546 650254708 328526844 798878628 247641799 797151330 194806146 788043222 217946055 52055931 230579626 190208054 837089766 376542122 807944025 794281674 145579954 440360879 366104936 439336107 529309933 218480285 84273955 51451526 528320270 337387612 137488587 485435166 443192257 703811624 738917397 15018440 574004067 300488464 826237098 933837549 622950790 16925816 707194533
270456971 679141747 847357079 751668504 740443829 767152803 591255802 445562503 368521231 18185029 732988671 596148586 422784594 661921980 794185819 797294768 563075790 561973278 116043669 925033527 392960739 571333814 944441992 757058901 603105415 779748482 603000549 37397330 767029443 992015029 599002799 926817259 194195510 45301302 942463165 576464337 725148048 255780384 787399995 840552232 788808728 105924160 619217961 401857032 413053991 520760730 336542682 601933568 545088939 630214885 353615223 197500302 887953061 345026314 248358266 835572904 297018795 827911593 622695987
253408566 628457575 812806547 733156423 958185109 18936341 731786577 178512683 806325013 101721609 994232220 451563437 445827196 968280615 605097443 871984748 273772674 965541737 318217928 321435739 534688083 151096925 76673699 738155330 725816336 406720932 600246781 294713917 13792590 150722165 953136662 41673787 656454037 545670935 581566817 995095680 515192290 720159594 710739459 539362595 709235749 236213087 341621847 99338129 969044420 745284475 720878956 650542856 854700566 342421337 240775045 87339293 863515881 579868709 708310168 679623223 298541309 204068641 803349712
838262801 446075527 750668323 640720140 963889212 148657583 727203349 128755549 672248474 919189778 480665972 802101644 263335396 240510528 549237458 72287121 160091685 424971327 42269013 725813789 767159101 762088454 967595829 791513361 806634848 423804675 7728706 908207621 905371540 533770134 779696731 580157634 907927606 189195668 665890808 578295240 5745526 816365764 280996001 980389577 722275798 812016485 568876404 212906284 883282607 274551463 494788003 247296651 342601387 551223085 136759540 732385589 907113036 355560849 131429439 177813165 86027364 387002592 773740020
234981929 8938139 149303066 15660690 516805395 35494381 25267635 278034737 899470220 221879593 288369685 452577273 903769828 323026803 433976860 71020201 283552291 212689602 703434392 893999377 900949124 873539683 699455438 492141975 492697588 972832628 625576440 670759350 341708183 897192810 774951360 921613435 101406276 411296907 738397385 85758727 904851204 549697141 173823526 640007439 663688087 754055829 525899489 144034143 198911214 516503729 582131318 364507218 671257522 101315935 922965333 709102172 42440892 303918731 796734819 813505153 349403035 631999989 330357369
927924443 600375569 611360689 913967332 800981271 303911830 108213413 861574627 407096056 778342356 243597582 924323885 445208275 494867241 797622011 636100712 872287762 199080488 582847696 48561075 268600242 571788568 846428613 464848413 948425924 223367283 493278821 691985707 132721903 6766440 667712272 639287382 676036332 905180250 606374521 630106507 449019145 899776352 791782952 321309609 523246503 636331715 375208696 923993350 238386108 832571266 410690458 126321131 747838290 687868369 634595601 602759443 164073990 58682261 143374644 944641072 258978186 218196714 919589168
756116070 250255907 911241373 811010563 664843470 883963179 536391859 470599426 937341685 925372304 323546848 228390996 58905434 988033107 426603793 623816564 529540083 913045259 864110563 990694323 582907049 747589728 274085161 641471667 850506199 679595152 213978218 100924653 128088271 362636268 906321248 878569516 524938325 579502428 717020282 336300048 966795042 280356055 478833498 655171724 892671074 105349100 23487832 894870633 25142326 546669629 782810622 660956609 985918515 607753726 127031691 252893828 585333729 134405242 978157936 254221558 611261246 199739534 277027029
283729967 399103288 733079340 854620949 90064538 203778614 898625498 442441277 234035318 548427920 543761201 21082513 42782808 260194578 145008478 687076872 666493351 925903230 145183395 552943307 91672351 836794631 509060567 640670138 427028303 810130134 879056098 18597863 194280219 82550408 321794883 101822488 700552762 870403758 101889162 963293001 216433592 299853643 704999133 719517480 620246134 315554394 347508087 60322968 474286501 975738950 602459429 733734958 258194255 363689072 447194311 367586487 220423886 634497453 656806869 532740528 511207763 430389957 580839639
383334348 422281312 130880757 374322156 824948082 262813774 917769838 150545220 77035837 278511816 743040724 12233638 281462394 201177422 117926335 244310251 742216621 24021940 531029821 199422081 260417804 992396960 522373198 798148585 461850882 83343887 600262503 543073080 667433134 658978256 764441840 33246106 324227681 358400007 72287174 509082059 641977380 373301164 980649913 322036892 558575664 744352522 522154511 834777972 351418227 195309120 4275199 670483148 366234130 144975299 132805431 3398322 267998689 780465370 159592535 146137927 189400813 512125985 918092660
752683841 911646707 772482567 699461270 265699946 255002854 745350991 863212602 853832735 357309805 348566931 474851792 647538641 668148066 755662268 25369150 829177735 114918228 229768843 472214107 11920475 224089862 39618836 187023733 107273464 292310510 435274046 841653708 816607267 599127478 317530180 196437780 950513455 167125183 238719798 546236151 599126151 226180249 29018489 225729937 914286632 389260941 48305987 659425778 432379939 152087571 551293472 643356320 789221664 409607516 162316656 673569810 367571670 16060873 75939046 994571062 236615316 927002225 962690314
780155883 754367420 104944799 474394552 246548872 843184194 202524242 669436575 538093908 831409457 641633980 236517316 578718987 88152870 924895940 658109948 739769183 438558931 537956228 507785077 873485941 853033341 11811019 66629677 995403364 99911551 960288155 521026681 28486586 695623365 307850412 444497280 406166006 391693650 436376808 787508670 123548175 647233466 525260781 442454402 829384939 169443752 659094670 756344175 956993001 645597274 345729362 407718143 313012568 945513760 687869172 809001723 322485501 886132192 290990305 709611524 524158097 724060053 476949437
739578126 725187137 724649675 60744158 49971680 914267948 660761125 789215183 453552021 761065449 203567832 553735887 799792925 89925886 849644845 412289359 376725949 234430314 168856835 662462840 594511755 392177436 913054282 903209891 501737459 261376377 920227721 496930526 332706868 282004954 743562328 824230254 216427492 832487947 829100007 527180615 322847080 449885902 52156790 915305622 11390589 600736342 417010395 289733176 599611570 249185997 38367487 910381632 631604715 126566606 22599265 255234165 841991392 191718891 711014801 838313169 474497947 53261608 145797046
339769347 213563902 271268222 438586121 307041262 514307643 634993753 878138712 116290088 383305050 373429275 497153668 663688828 654237110 147891863 821490435 523780456 745451392 815345046 508770398 500851872 542512443 604139861 974025652 733483401 767432766 935662853 327374902 5588927 738162485 257526602 485559209 335929743 436804769 425460413 497731815 132641405 2921299 107187306 999423582 955460032 10968309 783253586 966449295 375898305 574950017 161484266 248280720 94470048 107501767 143136923 471324299 574005167 864520940 350937152 7905341 296881653 587164902 644655019
624582007 653053868 705758721 768684832 888045217 163090626 111012700 963738327 955353906 805249628 75518061 34266494 531080249 962455887 990609785 619518134 671508183 600945318 747004957 747877777 765988547 578313759 295630280 519698715 535100101 435297965 790458942 516608718 786391355 304129783 856528406 7362843 200871575 60966360 521945405 269772776 424729566 712658653 505266034 451898125 303345450 214876874 448318151 426710 362653738 806075413 300587046 582149252 873914525 436389737 202010058 727631052 324692186 513799205 783113154 412832342 933279308 930011867 469234801
91049023 329375214 139468753 341501201 258521751 827077843 948421507 593452587 590847716 919237792 644189983 635520544 12226206 844550160 469116679 392152484 943864241 427309423 518496083 53623869 989438718 627828512 143289932 609101000 734425817 906546200 631471346 682677749 829226380 854724704 441222520 455756486 805447635 608982422 646798274 285326612 325722463 387788140 549446638 604015114 313632083 170120232 850940104 425244328 284459210 123615011 921106004 46949441 10378575 631212874 885576776 700307709 556808035 237132192 737051791 357524056 414917882 382925754 156935623
440585633 589831166 679147585 308378052 495601788 632312523 825887092 690675723 27348320 761684145 589020067 465813079 538343962 449079414 838875573 156497176 438530633 869731025 445208483 45617647 48377311 538023152 637685499 753693748 494415782 894162163 529074526 912408944 381290425 943756398 106729729 983080931 733798406 523274475 939283248 181106431 598011603 252354662 232497351 430147563 160565558 841333711 123546807 942582785 828108188 437021068 748039815 875848016 594516035 172534772 430515408 917756698 156880319 502148564 235269568 516445783 286966137 235833070 121891224
239269425 522550827 574754422 28341038 501258886 132428389 449281939 930859628 713179241 586464012 437906916 454459087 570605217 91722197 513660920 488534504 491342889 116202958 539309012 830080991 998898350 201485782 599410546 895812587 958891796 304930592 108682556 666629339 760759282 476924340 72613525 657779600 862637585 639785710 223691856 114085760 608700656 507892221 253982007 953789749 159452995 67113573 46478469 640441036 322179952 232000638 214374508 741421175 634563601 12248050 859044497 859654395 184198772 520042563 710937739 357130291 315316510 326099267 383778407
703155083 712923204 543425945 220969767 430875781 34098256 601784643 60156222 626999608 76291170 650172431 8006421 163768012 976442060 328559648 18209162 956595199 941428117 558617199 357983852 137065891 270016759 206050120 603559680 332588317 157598178 222340297 264654463 756072168 669570679 941437286 289245845 587899664 725294221 698503272 970581988 448779192 690615343 991796329 821604479 873393044 993783835 541290969 886026863 927054447 839869509 80708476 799071282 102105511 165181522 354780394 644873527 9269932 109622302 569901838 643872867 857982853 244070966 277333672
193205903 603232074 233137246 729286859 519801095 329834667 373137421 83670367 569647628 727904871 46887148 890006432 904141139 471567318 288824155 667059357 445142661 793194336 197925612 104763322 574545341 809673476 661235430 910485294 512714765 161779410 994158787 710729350 348022777 13094769 942339762 212067104 696971770 373782682 973854230 651888817 864644348 47195546 200147461 446750656 195565280 874146260 989137865 678609960 435839739 151719229 872059235 715680666 114770069 83898591 490395139 575995929 601824619 38986070 318481041 759902844 145560110 735630678 676785192
87454447 129979650 529340963 497372821 848687474 66446336 327305239 183483100 79421016 134870964 2034463 129838515 844930762 745749407 881683774 216737286 163558210 163550902 403977481 490911601 969333776 724808161 721158186 562716873 390149592 573652093 623931870 62469779 145065490 953874651 400701815 447781771 898779529 362813630 62830298 529233695 380725981 570895841 841619713 178450930 442247937 419607663 963147386 353277017 485507005 664596361 265924582 816480481 650497581 946833348 420519035 414915271 328487744 40717224 746215555 217735806 510311482 195784242 340426715
529385005 157740338 397736274 806967413 683975726 244851605 688990830 694916310 500137361 714221217 215348446 893345432 764990103 804223467 828416621 320461033 598260023 504254425 177503198 270870283 689517980 766411305 968349029 276300498 104482468 877330024 871075114 932545833 741848163 603346044 921110474 128501389 797253278 785517851 83914965 611243920 391522641 675778129 671713105 188109655 734670634 729895422 63417909 927438877 3145227 256124502 382555375 333480878 168297355 226782815 384181215 687507436 349806454 404509814 793627866 727456590 495831113 794489035 813269928
930026844 745695671 33054176 16129157 140545332 840263974 17533709 318206628 793764360 641740338 427718911 885562023 962086302 846178090 763476533 790323497 327210191 452260750 927638914 842971956 650605576 316343959 910754446 777097931 876168140 292293039 167439445 716142946 552318767 450099444 172759462 466497632 162343516 820471738 304068005 891026852 243298577 620337926 359368777 836748797 584888606 29537299 986464991 34256305 998280426 540962001 583451269 426323191 607448046 80831073 766763696 50175101 742582071 338008986 902686118 204629474 654829544 355074439 486016773
216596541 87985078 668878311 398636090 935827092 126926186 124318636 542515979 215862374 820836195 604711805 615183886 864823330 142035473 167992371 548588847 540233133 56632955 320940895 446258734 298091744 252325050 870220227 276407582 868833800 35855484 617182165 800776424 519663717 711957890 973102143 136865222 484851883 353812002 281637473 789157320 671283587 461680069 887384270 408728914 145204747 940922730 418821578 417682844 666796626 945204258 726173651 470544177 502118365 150537106 618080789 349428848 657674789 646694004 196335860 193754126 311627031 87208213 157928070
45874067 967881106 468581849 995596054 678711256 92227052 681375155 2885539 960894863 862840942 405210797 384183902 862328251 390015443 334853222 134309680 474539571 175274957 889997455 710710321 638818852 889305472 813294957 111089202 110876812 549438981 263187547 482169652 621866688 123485929 227210308 384853231 765236966 877028011 217876525 699009356 122776700 603536705 348061609 739178219 940127439 447942804 74168163 663715230 187017605 581485311 147717016 925808364 608461588 876682196 433364122 177899151 44676936 701002199 382649678 549816054 312011201 573706177 935796143
945234884 839212658 26566846 203669833 295680079 92634148 723116783 85146558 395953186 978591473 141200361 477897029 230771579 528817865 616454965 392282918 980706254 678230512 694236366 441895999 129369664 868937086 215356838 180153730 38933548 49757662 783882785 568234612 522683298 788600143 558771351 80106416 794852323 886522982 794393047 976332642 72088038 207037066 931784607 14654413 926010583 676733047 820427557 473561541 319361170 784181948 644342673 818446134 66844204 19241533 883488896 939796891 994764907 506908337 828323971 95136903 823843401 634217764 36323742
144664608 706214261 457274999 554113993 942778271 938917585 784875483 335653234 914116049 495622389 13078874 729360377 73391513 411391659 703511118 408842291 964531308 78747505 848957928 388078824 820491475 102249978 603937706 209255765 351380204 127753901 852422637 489618859 514687722 640367140 689443932 128146318 145070993 181727663 701842551 828128406 606650042 106759119 149667858 79260881 975773141 495270587 600355283 472399679 672002658 377465054 547364279 216922709 11910775 413693782 347509645 133384315 323370301 330495095 872259449 189086350 721002867 513250886 317925491
505346143 617620458 178631935 119464646 662056753 324615687 294383504 705370257 531103807 904578116 646902811 107708489 8444724 572376238 652243064 123334965 790706352 271091048 482186928 450592753 707917514 622407975 949851011 863889132 604255625 603543477 135517411 643516137 345404266 171037807 168207991 546777986 523323357 733345479 850513945 784468384 804516808 302192834 56355417 125440516 541705218 365796218 388101367 455934914 684563417 121895325 107906924 135018177 500776845 24258540 18078050 494954044 507283666 779322813 407557431 9833795 917146450 26098554 47121535
31217467 904981801 213452576 527532159 196897882 882951015 930816705 802737331 152367148 923526802 285771522 795262280 497032209 292366113 543720350 302418850 188021180 407725570 332291041 814269656 237269941 874464021 331654957 711561779 542921688 928249774 968572792 232947635 132406228 69969687 249171916 713340554 491965869 105537291 123146438 644726686 493317179 598700093 828637464 262329867 291135401 372251855 848333832 657375647 97300982 329220827 737249774 478345565 624476535 254780142 185740474 475051515 305405779 127293063 656862315 963999843 719170566 516961437 227756953
235086902 521190367 210828310 377156588 373860420 865930113 405310033 704783522 546175765 192311398 331549085 373533965 645238115 547487063 657993663 472729363 70156958 534355189 361668209 589438380 381348711 283928116 59448285 527241576 283675157 897784538 976067366 440801511 771266355 610651653 966402783 551058270 617488895 202409634 432528785 829486873 334331629 578493431 570005562 360618483 336269859 393660441 412254409 299141599 875556858 277385847 6164643 149250403 606709635 256197709 549931297 157989912 807405311 792680242 396086800 504093483 487411302 559340939 9073711
733609439 595388386 894807829 987254196 717768201 311863889 149135711 436314312 988264594 190015430 857583693 106541574 453289465 808999943 70611607 871533312 875858639 299212049 739855431 873047738 333564472 582996368 3934527 711895597 904412784 619895656 925322161 720107205 203321668 140431407 997969573 912569572 477940885 594150320 918081654 142867037 187088601 962322025 876842837 226343161 927844762 507697165 145935813 800728821 653548020 595259396 281661725 319616386 64121115 944444390 188734473 101211460 815155923 851494916 532218121 812245204 749452278 482596831 545919729
606036286 632272114 784557743 82546024 715346052 257450056 41998813 664287593 449254937 928162574 410370953 393913284 442303334 12753774 956828933 210855326 760533576 36704549 266463063 954817261 551302032 864735237 639462331 910204669 230693250 600830579 345075743 821715693 604354646 966729193 505578918 753177139 82867387 845048693 905842470 158509844 871497295 647876153 869677481 599467309 143791144 393823209 864126192 710713325 640812878 621249872 540707307 613720344 19148606 371612363 681300290 285270853 564707945 316383948 172890575 520641121 150958258 571655768 253609762
134302763 697928180 333688202 984223740 965346485 707314810 779389454 70572244 726817513 699915653 47484326 325872213 493531394 902247882 879687849 673138142 826249999 947102705 83397759 16558080 744429939 503827735 676886566 258679044 979434855 847257421 561536176 882359651 62886263 931221014 73003971 834193483 300846593 672715501 920682519 999931937 682437561 584615869 912167420 396910330 694135336 956073319 937154001 386684704 711331368 447206464 284898958 947450771 751866474 410844816 410654267 828734085 24558576 757067539 999787639 790896605 247690387 448657788 713792242
578732981 759354750 467266286 801070066 487721692 26177969 760186497 205770962 358592853 394270847 51301827 580760191 786417366 421187600 546902836 815373818 586602826 23757280 789197512 879777496 822328144 98377534 548762217 312889797 6649017 503119310 462237811 982097148 989843725 193026055 67435574 913248977 440207879 630458294 372641912 912053287 413344277 42194553 202506224 874346746 867704537 728651845 236226508 600893143 385149354 829231585 242665004 865382751 883228692 883746665 234632356 727294664 87857236 178711755 930034366 233485403 39229405 814458957 479312502
359984375 801237973 723952901 353492156 874776973 181801880 819569504 589328374 854447522 660938036 248026524 628698235 124347856 128113132 734225485 528204057 254765124 335204022 502632668 977864079 287561026 369251005 952958979 508832532 230185885 83391967 140679762 843662030 680903487 373327151 639341229 364474972 283735463 901119860 68785356 25384013 873476710 114259881 217471930 789919399 698762657 950369659 67109975 449770849 100122258 851803086 243783638 441661672 726009863 450951992 305439807 681226398 402862818 965722756 432011502 723290966 7677079 261765937 280230674
809444826 534651313 881118705 976503855 222967141 533196877 569275690 182974621 932138026 81454236 623570808 113923590 657172939 378373990 307876905 828092908 263500258 118691458 44119999 911860256 480167035 217982815 365585522 648766796 267472536 585685887 409418924 652543851 266998956 867727094 829439371 578260555 765371681 255728367 995766626 585047058 706543826 62562855 515964984 632784822 695076241 734652784 4816455 345764228 137954978 880044592 6454910 67681690 725012286 627272927 161273600 562975852 256378130 122375053 577632163 972687683 703517373 785788505 6985330
862708409 31017045 813915131 60046380 234408254 447549923 403204155 117947586 390670742 577379810 255601783 175952861 748329305 26053572 189724193 756681045 387164018 46377581 20482367 627365819 184807073 193193142 175246570 372394704 795066361 455605739 703333839 266384908 733713762 947521613 268352177 591551256 573975576 703842194 481975524 155081300 282810666 758971232 475270356 300778322 412556284 660335061 285436540 888950616 808239301 483761666 54709232 374629859 75614994 717263979 105673683 725139743 214407233 668167561 267123169 351274607 56861191 731592264 251013479
75080939 696275691 72331401 789097926 611628509 746145480 490397089 422070516 397158723 7787855 318765784 634307578 482499665 825815682 896761323 584904055 169547244 985717563 785941387 546901531 727378223 995640739 166082524 692377389 463955946 672007099 640173303 229069574 830376734 355866070 928890216 635534740 744956290 850291485 634177200 414183128 538459649 964828170 498394564 630841192 585571386 143507693 115391372 249070317 631175935 706997866 387764581 776688294 568581846 14068729 216492448 643109860 973587067 164117605 766512641 103740556 152482652 991863886 871270976
966360984 746289179 402018471 548993675 915790230 54192912 802683704 310732802 571800871 449335493 786742557 737231162 332617601 725257848 249000773 762426555 430227694 266321052 487021300 40958850 757715275 386279256 433745473 593897856 272715914 987152646 630004889 989769240 919926064 240615605 561959738 609094821 195669720 718421160 125257145 803391730 403504302 351938261 970332796 54681024 781079540 500333415 236264769 413354307 12532352 226138941 89200533 120127397 900654396 839819368 246831966 205169538 900152485 548685489 640830802 471350891 897583949 266370577 409444221
502778211 598282330 669310774 451089343 623746917 537267716 825060356 403086924 428894171 35816986 131488786 136400426 716709672 124291710 379473705 101019062 430218528 546924964 448367561 593867551 442147723 997389079 777577380 645791466 412703397 535325173 207211553 725525100 680051105 450821486 998868186 296104019 7535905 880505160 112582174 820779294 316106688 292060766 741912944 835457952 396009608 291107100 520007686 218154369 149369212 884756485 833684811 323872189 733360656 511840814 420803421 594468131 422224299 882081728 204232591 766599383 782349356 904937593 949819112
646270672 886057058 170986028 383846563 659473499 709567123 615890236 546986669 125705878 235586806 814582565 233737771 804955382 209651769 965616372 511551985 227332033 725514747 79919561 173793035 287980181 389746515 233601372 726419256 277517023 364997959 682151030 986311530 243132517 733028694 920374643 489436231 546087869 318589423 640880839 488523947 981947091 86488311 824706934 727717924 540677479 507510856 158980505 941566837 967255436 841688620 254078688 257339155 360046123 316521446 969094411 155200939 154555774 609259049 502230640 466034842 346584469 443313055 412289657
400586355 842032340 196382563 107897890 785277 598593651 804732807 282492543 504987698 151536893 516752783 916453172 870176706 243011793 967030004 902745339 930691726 102826148 602001315 382626338 532870317 920996861 60504699 816119562 352715882 271432120 857183699 551229097 43688131 310832772 499643377 588951817 797912556 929813349 149933972 523715527 468642250 173088306 234403946 244537492 587055737 864277016 88884123 37652408 684367047 731951637 944732733 287115402 122045622 410325886 881507293 662305785 193003006 847543929 496303868 278101766 401585800 827504772 406885263
71992647 230404340 516862188 477235583 768019302 167031572 553387863 330737959 89661856 535652463 421758011 400121305 98975815 766972095 700915556 14200921 975559233 216753779 856745074 547292000 401163654 730229550 149815128 182619162 478709669 515557446 220840671 616125609 551912512 862227270 840685857 608061600 328266635 264116332 832249870 256799112 789893841 972252459 58423786 912261470 131340527 49153707 438736333 520719123 932527831 141462596 634760225 621944587 970248719 445973511 42670376 992339359 392998191 945559861 70835060 262676379 650116711 745261253 792918637
600006336 537872886 142193122 896699087 212236867 300725940 43594859 312519465 483539276 495526025 923349874 120161374 549152120 825889523 279274429 567402536 753011032 327611269 504007240 720012176 796104944 60019810 956873409 737600375 728824888 822287046 951484939 559075601 58962846 91411325 281587388 644552293 973009539 197751658 799585694 48161998 727493561 736038914 384137265 694266749 927504395 472570318 307664168 240647668 124027062 614482157 142169832 971014796 863740904 305620879 66603532 667395312 506255688 276436603 909517283 827553440 812561517 712058762 197186288
291637615 27070821 208374825 480008554 231481862 34176816 122490331 39895994 876968031 284192323 331230389 615537919 747579978 401616134 966346209 890160525 59457515 265571926 489804827 950815081 657091642 456823300 746550839 936270543 397810049 229316947 615817625 736437933 50119138 721073534 701776059 98320677 223413711 397037104 250687403 347810319 981406864 225226762 149017226 430988660 425001153 638384416 964121102 412648468 434415312 266621820 726028288 935498721 147401603 707858842 543238079 550256770 630448241 506095338 436828348 916646353 383866500 940164178 599153404
460837469 683269245 824657065 53947289 152346601 335741296 710270781 171398977 81123307 832233795 959027278 540501685 868752398 450562868 713944465 645988172 429499568 925379664 909552301 490478957 157800293 755932669 7009217 442747672 502572402 607547505 756401116 370825310 759433810 873306936 253486468 998336485 451079221 434238898 320226608 926198117 872475260 649009554 701775310 15195181 840570431 302399840 366727486 426311582 836830407 998729464 595438804 222941103 119317012 448075785 888316890 68534632 248299863 736495767 510028300 925838695 31708537 647385466 911668250
267503198 677055891 770765533 549075497 992038802 52550004 574554303 173312082 844300638 102448159 166244725 651181858 938155438 38520905 625080358 187988505 27456645 903459551 548706126 354681387 848607863 592814462 19461948 874453570 996288815 315011833 984423059 838259129 746257898 69241303 123152077 781695202 655904251 973421779 150132915 649391490 95024453 806444378 977150694 622258000 403892420 212316688 935425114 750351993 64830212 269618507 38164693 828145695 452384424 480138135 478742901 374720725 349873381 654230064 903713575 118917413 457091076 779776907 253730096
324141066 967496675 838857165 462189480 904394102 978718325 605402962 86607866 263920333 815977021 143385384 962457958 888517992 97218775 962484113 878587264 430310164 188930928 152706181 938045614 2292880 861552457 708948525 327967917 405085714 710109751 939523433 769711372 654534083 938211110 858598987 616073647 1132606 844103314 412213914 462328141 822739221 22449420 575871568 675530739 997858124 166202811 125866013 769684864 942682588 426423512 458744801 708297767 846957105 790694449 647318837 214784240 162727085 208997287 975965667 167912502 67148067 300234672 436905578
124802090 11566428 71003605 773240955 204751695 884701590 655412533 282877310 977618172 572329727 139093248 903735566 687578589 545802814 101437694 122287993 113962610 943907307 390134790 706295873 612154255 94410514 256711303 274040989 676765914 383773109 550624514 278554104 307548497 753599815 321271437 60089457 885364673 49885489 92640082 296951642 265102160 237633360 387406606 813109178 288892403 392504437 168328594 702427851 973563128 489824484 96827718 295106172 677211006 225592534 91174305 561763823 419922680 970622711 707764146 262561788 755260335 428870888 552568986
399507373 65221949 418238910 115241487 349308096 727105298 664880257 581719771 571059240 406478066 976663214 240732507 827385997 765396852 180765878 324444673 529261767 789394565 349439101 248579539 833169510 474868707 980958171 447314153 995261485 841821603 885209886 284046066 640984211 833561260 824926086 878431664 558768193 174823226 887018440 848464759 140081302 905401691 860369036 674742194 969766438 584862581 90540271 677439327 838647606 609267902 972192514 536129422 375048258 240662467 484232777 788069861 471497848 387429602 182446140 266290975 61996603 846273743 80324297
821749640 159709088 257058067 705226448 12189059 367028468 321499272 381484710 72230404 982204212 9638366 67657363 86141207 33348243 583534106 954156372 165216855 7579384 62795538 203449497 295739255 892328061 528652786 343286664 829782717 537728497 226180537 93451064 839958402 46218071 443823037 258579255 354305715 994779749 912153635 907893253 506231123 403021574 593012840 430305175 720646391 894992344 964926427 490203092 685114952 856604335 700095008 380846363 57201541 763863312 73066414 43964092 168412414 835724471 803487826 582934394 554300314 747278353 565730218
866529295 238953298 357509315 228805035 903956392 179455923 877861409 246880028 999285861 194754144 852573111 555681305 902807003 6947726 671791044 480927376 557354385 966395527 982273978 304577223 550552454 862884903 904659136 898748372 9130665 45378914 270593584 390561315 797048672 686261180 884914201 909782005 261224962 88223695 297807806 418448347 374023005 623826377 853812756 424687935 67829040 535189483 840633928 11247323 970213042 85708555 498415159 222897983 27387146 681305875 730742517 328526159 953051604 792281984 371623751 405338307 246296994 684706275 276711976
13960870 68964985 113642595 849693000 313048536 676445264 150637114 659718536 750383500 521831829 556216884 75027839 894326730 381653927 442276147 884436472 737180142 384439644 634601133 664711282 91189031 819057021 708050732 181440927 919509753 355902790 46421709 894137829 285982140 722840807 663616962 513652704 173265178 652060165 364212432 146118878 621452437 139152953 82926546 927699809 691069438 7790480 282335796 26312609 734047231 782904073 630995832 466268167 263128211 339297562 561797044 86593971 522451336 532233772 359186450 188890360 21199620 853115674 837858128
106481626 532691965 197606838 908689982 593354391 301576383 96547652 735799362 739557403 240771434 540711677 624296407 41182858 732823666 971269262 112316169 797075898 52156701 890121878 958620667 182003638 92082185 144292139 757051233 682857788 228907939 195100246 395629830 728977984 735925424 87394962 949014600 410713703 527004872 313467217 679810711 326429069 751833814 599824759 176784889 647427647 21000602 161286109 717244809 391787586 933367335 942949327 910775283 456568074 444813413 127678351 833038330 533530180 726605712 810438864 9717491 877631564 523660983 61059387
144601927 574845111 530841918 958652653 834654453 108909771 70389596 429559543 918997005 738892802 755395230 309237213 507370806 9749643 483883618 181572632 630779433 85379529 937470045 150666900 89459251 136546002 727700246 438260018 595470007 886866673 404617832 144673095 78900650 791296036 966573060 118824475 19218453 343057822 640266220 207497068 670124695 336837702 881070841 818401256 249412065 678830903 688254807 666401206 464877367 940039742 239351044 90595054 347587317 449386079 975381076 207590428 352234760 156733521 964171888 737427137 913732465 344423165 376289234
90406354 378263238 99663875 478959818 36056631 275188913 538890292 86837756 532304205 191998063 984694809 153499360 932293989 325696849 583350379 604495937 114895427 419429182 255701657 291998399 724105119 740590384 600364869 446676301 992936359 202353074 707077831 985426867 975294843 189056873 524756904 128836877 781265840 804550024 722947368 573380682 573938894 366488154 804071866 799432365 853638610 93117372 16747395 770753104 927037613 425930143 519411422 868272796 325585090 39933067 313858778 486144211 431637868 650972183 996509114 2155142 119606902 758238066 57562996
664801311 241897121 740861917 698166835 109636953 288703521 357004591 721089750 550290882 789629728 101576784 965970286 653016896 450906682 767721406 377892291 493724809 297729792 777860107 362351568 265766313 218863221 183607900 602546243 655033472 540040596 899927276 238424830 446755650 330412488 155308935 767136153 952560373 989155185 682383887 316671453 270087670 748038246 73460475 737473610 760970868 597567598 804140499 470345874 307546356 976999366 166262709 191285788 103614155 311482782 131282387 724631682 883312295 244201628 179010547 36316691 359356679 915530583 441115885
464361554 159214270 690324189 181280049 366851189 690418548 130216237 40059710 455114726 478691877 752351678 657289260 788810950 690586528 516669943 519018531 146111589 18241288 664854452 20507874 731182539 20762711 473897928 133979705 216319539 349518550 608487541 948774543 131341706 761067943 32221685 562826589 509221620 943147579 163184373 213691312 434114888 166356700 41769749 655383211 556277135 181524261 924747113 163713539 690156936 855355012 845673211 558907521 21926439 357880511 836517702 538955396 780851730 12979820 523097276 713686652 987871267 501891447 49993026
717764464 66921449 628251552 519119023 500204409 959634470 616037114 443601744 515051589 737729362 123187310 548907111 24383893 216656919 152457782 380029095 678588350 457948115 820214882 125908666 619292716 382022937 178327894 636374971 496368603 803979824 478740042 79079868 764059612 570005394 421351369 752162370 202091990 525835886 207433778 653774020 412355202 724537639 997116474 433626927 395427374 269342676 755069288 157015141 733065531 745686718 410940568 327707321 517208224 506326244 92979321 831261812 340214884 128433274 428341263 133160532 714060327 949760869 55473969
318685192 677890970 383345601 781297420 666845877 71123714 855889499 939507358 664019828 920145849 303258936 790704444 550102993 612140205 574385676 219529484 171315789 177886944 722824900 401869708 864794846 195043302 35113469 59159561 867099498 11755114 39899530 473331241 234564687 925254825 342409969 503244386 45559006 31572725 910919663 323820672 768243675 506779699 348947696 526975523 701600767 222507613 562192791 533421886 845502582 657997570 510262588 24460954 985111906 931291585 802031465 497277520 782782038 666329297 625657437 673035347 729040603 510603132 584835465
299134692 683800814 274067104 806349333 802049308 98769280 218345773 729953116 898738533 462617845 535380137 848698219 314238977 509671334 174462895 488263046 837882242 436401759 625282667 940038820 301529424 62521569 866228512 82964974 852618279 665058913 978129058 973481796 817606806 221535239 380343516 806322616 512705408 938948976 952174924 862260752 982158495 868988717 168914818 558725960 233268988 174861122 737306021 689531150 895066488 975816104 674295021 955055173 639303 622810827 504529450 616273794 915660912 962501644 967898684 884713362 967200334 974680640 475783832
724871666 228873746 58333231 743035850 919051605 789021502 410263318 422412781 745732642 304882219 551342373 448990005 466729204 408243844 24556546 603833957 939424024 8388553 463911237 655096665 730576146 799661005 582995706 233519486 175701272 89767737 776836642 447731797 908501909 341021703 631764273 151463412 250194344 618059783 344841873 569914244 94283170 487936861 298845470 929801668 708823948 663260417 462139049 784969604 558770591 365954365 807548533 21738539 593118921 805611571 928459197 742806066 159920943 17924181 208385580 845694887 606971557 934845675 199351395
360200363 261202232 960774288 971093110 574232052 268983205 419035061 983662191 532096332 37207519 146277661 503720650 525691920 399068557 833627743 371553016 556484017 119741065 627104872 311645148 324615735 530584418 440900086 445901393 757855929 367077339 341810718 460631457 29255654 610208106 688735430 923229711 651406463 817491385 981292 488838479 778825178 527742249 651724381 582075145 622602337 56328522 643958207 666606425 593856017 475588452 779899272 369619794 111464188 822377714 779076420 389186422 553314247 135321122 123357779 23441471 483169836 462136918 152556136
928734874 520831865 836059813 611096075 844907111 906056976 518746202 539578648 621801210 420773605 297881460 394144574 607799709 330651139 356399909 416173185 513155084 334404871 948315220 526702521 25073911 850126499 467990043 157616401 420983427 466588701 541765705 353596552 815808714 945271757 564736992 101058675 111678550 449447842 358849432 143219705 343278762 666916766 434209883 820367254 266949817 30056533 586216391 720240536 871350637 909966195 413320879 545085605 797687329 595392051 948984218 602862131 301052711 849184232 914318659 793988367 724524100 636724856 840518423
444728791 124494639 128055515 984158138 350063488 423278101 274939809 990941058 57301968 636347928 850665321 236742906 902317028 347654091 856195435 387644257 678391468 346159032 496719343 415309096 716834666 624852698 700518100 645227640 83856951 643137827 30185482 916296618 423261310 74264567 240540696 33792460 299163007 723589295 667859607 714589987 151984333 971356440 112338100 46955939 930805969 446398449 587375538 757520761 992815429 802034545 342446438 567537538 82516409 537338302 793927353 164466129 482548753 789365622 906820650 531594285 826815748 410565674 379684425
223233168 335943327 468067038 669631037 626605993 794916033 244982411 133070399 394689371 212211101 82621086 540123677 866628924 352085050 547056502 697241528 686843159 791460086 719548649 520158598 963170666 696675839 180681407 554272017 952116713 171051481 561958198 97698677 114065401 276752859 55266173 627679718 284895030 280829617 178679865 71590440 362579437 612116699 328230402 984657173 511778722 17153325 340654567 679351067 829689740 813230925 533017062 579765435 989632788 803725369 899692917 257907979 200723546 815562942 446620668 318723637 950273712 39914497 484370776
354194422 836198172 417140730 671183962 897433120 534584538 537175540 839243590 654746392 73943512 984194319 101273685 304385624 387630393 597068990 607335475 217038062 849212371 681600330 386687617 120132604 86218929 289752652 242886228 607035190 297770897 425004343 624161972 315451751 173455718 58002380 651848478 979136236 462649047 825923747 239594499 442653751 408882879 251710889 325445959 90183245 243492523 239959196 536399042 321186633 102760799 569684881 290406082 200865495 175882065 932375919 253939848 533209273 211483948 387603570 499585222 49273158 354643535 806552232
775580199 897456102 22907724 255976567 840756679 288072599 510898793 231088405 133236151 109916011 706043426 336968975 975708027 660707080 54043557 194433731 773063307 289731878 121857364 517060837 213643989 886597653 761183559 80310014 824858937 725172276 272059847 107239400 205913100 493090427 877013460 92987475 414328214 777114866 399668128 454613316 942326932 268538679 300025618 987286673 526432438 779370237 911246405 797756774 813495586 818637959 345392134 880458946 661875439 580511025 151795289 385048571 265875371 858494440 601894644 802325302 484296662 178176940 780346306
468837360 998608741 421283861 332575073 699067768 730084928 123659211 968885157 959982962 220433603 440899341 46792723 625380949 738936897 146228779 214835814 674673134 242960764 534225932 793932558 5802971 146166063 794628777 563981740 469672465 25887364 421477264 913748376 73228631 449486750 91447394 325742683 677258184 19466769 902384981 578184245 560356181 572175717 197242802 377437848 211933761 594090390 896936024 770703531 49163171 621954455 423305271 442571720 334427623 954578890 568132822 769578494 422938957 769818249 719201999 702220943 566810217 550640289 276211789
570555507 490331809 253222866 170428308 859985620 88912051 911218512 808161657 316504464 739938604 484207173 137273318 443824570 379236081 182662732 247168088 568452121 650733498 576273912 586793057 503514536 675187346 262558027 950896678 30002708 783211097 226655807 150202081 98963009 203832898 121303361 347565408 862663366 412178005 627176880 778419332 641711212 383213550 741110371 644536260 238722738 2889788 177387040 80975271 599955020 207517379 860737062 768512589 909461920 77572058 652978852 858265063 155471176 650991918 435604287 244869435 613708946 479942717 730581392
669489185 683133955 598872284 875698596 262632456 246108623 554028978 891686010 970986097 698649187 287819963 807258760 684734323 995815132 276260293 49652279 227106870 796615565 645151478 869610594 166598520 31459453 205706052 373016283 465958923 583040486 521402107 802628839 657917781 7601848 608113723 360994749 837937102 872867603 267262328 634170634 885730693 486153425 102490616 971625839 816919708 521519610 530434136 128062210 524817351 275872589 609507080 45840841 683656402 875352254 740901578 177228354 613466392 179660786 343960375 305756638 697129484 97669317 852257594
324253569 46544820 216028100 63237011 803213316 906190120 316917939 106448725 742644915 896461592 457033481 413428840 517456336 708033092 649743983 749937160 6928654 437370881 306555205 175594308 559771670 281780923 958429469 874807168 869133573 999781997 212959550 781996275 730400492 413187370 366503714 199491882 700024399 109425048 999142648 990048131 203990951 168075120 202524195 252208563 319107040 913135104 364441016 24166465 137115355 575566505 182460164 232170760 62801389 381404512 195752965 669221817 125091423 865200433 306093548 50829398 969065452 867982007 422503841
117191608 769209158 48711846 922031678 645597707 237896848 289603650 975088531 811472717 380749797 532159461 473165985 593207250 14701520 208522621 901111327 781046466 494470098 983963403 143694073 651744922 604473056 871546661 320448203 198853031 652991970 131869044 921664618 437768334 989309493 554527543 54418523 970498247 333334570 125083071 659675482 982379293 566446981 153925873 919234261 692379184 93189630 419908551 904725871 227696883 646175683 760360143 143593341 949538606 93487605 977880746 962629516 661977084 585796390 682433166 836701401 371281486 82386913 879067333
83087831 321751911 56806690 617468204 36497581 122909023 620926170 494754229 689716149 282681760 291349101 49977061 612056575 739996524 643003187 951279190 438961612 967529044 403195130 428999990 683735315 914280642 871104642 156382919 199137279 932286065 546719232 522969821 723838318 591330543 632692124 150584931 748574068 252150818 517730802 583693270 426498518 439804096 813182613 480969672 683636368 739355349 855823495 80584542 12735568 335380545 208750275 143869651 104787704 625528119 594379444 62140915 894850591 438309056 884994747 218959521 774266769 188866870 840868012
546676049 903952331 798112969 174098001 961787278 593732736 444803069 829501414 736853110 550406422 987835946 838806171 760792377 665173801 90254331 597522710 465171357 391460616 954511344 831537646 578487421 71843379 718955228 904325681 242832453 262654435 672243303 728962527 80389496 795810178 456054669 418420844 259156266 706701102 814438685 755735362 531151239 156271163 362095162 805003836 614832202 573357998 605562590 812744749 870585670 109011138 133614162 759341399 15320801 799499111 206298552 610694132 532909204 791426238 2140801 115543217 554492268 503192990 740116215
274050350 816280204 283212562 880979124 643006591 555113385 973745881 511834409 145272750 660656524 733041125 895647257 934249526 782607508 233865437 404171803 687054473 723277105 209678490 587216667 10594956 780553322 990000813 426495193 8518678 222320216 364609496 300109672 460993396 737469609 306858129 957047217 808547304 48797982 203750274 942676974 24869925 621581 842616331 726672431 457117397 272832735 95090879 8152792 724112147 208598163 570508770 613499681 874648818 889669178 725946354 764054421 938691060 133407609 518671387 806700179 714836883 434136842 719326913
505506000 704256443 330989371 761827834 1107411 990597454 501723757 952181777 384931960 313155743 688764310 972273157 239295854 437715447 845377728 750475271 384874937 919952916 184254344 175298048 532603184 364453541 985542047 640211464 891269376 494993103 391116620 824863984 319390759 674857387 861836777 48399033 978052090 908161733 953232482 919718171 510313119 776707231 200289209 282372095 125282196 522535212 83221892 286302725 930887718 83208789 693020269 772899583 675077627 834812535 929096881 525363316 815351177 595821283 437457570 732023326 821081244 976391261 595177253
586549868 349493972 141129118 655428661 310205185 205835812 200405458 559440734 666746675 234909012 410504987 87990850 96086669 373754496 26996492 598524184 303920973 266052504 464961838 613639976 40428775 94701278 991646078 140910928 546347136 652699498 173277933 680336002 618915699 899877801 755589087 297832516 212981712 566079450 246143149 821559598 553117912 980598416 681379875 421004655 184830338 59490099 41218050 160148809 69991674 966112895 426183551 719023505 653590812 360813314 21505986 938427440 228937469 922090914 31905384 171138212 184834915 411107862 981677570
702720639 397716808 78664552 618513044 497409511 237321819 358998649 836763159 597128213 670472062 83122813 794788599 194042326 319292745 554806139 415958677 980685837 424865926 293066958 949217222 603248175 962328243 130443174 555516754 798683845 35756163 965991816 773864566 513312238 846105181 800639178 59110754 610118106 801985243 402834712 274947004 559481680 780685645 669907442 25120028 270001705 150127668 203337003 920926606 708073938 543418311 340040044 559959571 231776718 182318705 503359151 199910688 593358898 465723216 756983492 849345309 891557928 333408440 345700815
410144486 621105772 956015790 429023432 464406606 94947794 3607406 656201209 429594264 411022782 660346854 389122436 572306684 563173034 100305464 277395419 352293160 390439076 686516796 324581958 428189628 904027597 428420091 472756064 907391181 419981019 672187445 462273946 377572451 365399959 92264668 494769591 730844410 104811360 994714007 134563150 323885061 459655591 263764544 407562572 203840102 783649905 472335206 406295663 196138744 34868440 472479948 850986444 696458502 314674570 644180456 751239497 540400336 938009928 871411301 292446244 55154701 586018664 402622625
94468970 523018852 172420692 535785520 700415616 437670897 649423881 633394263 974363550 512964551 806759065 271125138 644190800 466517096 961560745 495671566 273618419 73847375 772734964 503305519 627028030 16482918 734004678 165094412 911342006 7542928 643129729 650080494 158197304 821213728 376554780 469731285 607606643 843082336 777188767 942052339 703185259 519825164 917660072 17786414 507529976 875251924 927281129 761179554 47087173 299969501 569522087 499580445 879569233 74524737 589977917 887801506 84159601 564902026 776005783 2104295 48751820 557298235 443715511
325639382 818083550 209101895 287854388 797519119 837651189 667193752 895254198 189494117 575633847 5310857 121240443 364686941 593872026 676966509 40059605 470593202 981195883 482067974 836313770 402465748 523689416 857776654 457719795 10664036 773772198 118190770 620258109 949692089 170484683 801234193 209902891 76063582 712308564 281482689 577491185 806257553 476480305 426419019 276960987 458382790 516920996 305189034 980261060 785673763 627392966 6518224 100790431 41851649 200307202 6500898 567724274 760055153 699403928 275493111 297097558 783813556 529941275 940325916
173428473 258378690 415013364 178376275 481571611 767803333 315491549 420871631 7900052 766082203 593630566 247902393 440045389 295698519 772160883 740714927 758767810 898700479 854132155 149984831 582007431 61079504 770993739 139660657 160216512 863061046 803920642 425311802 977455271 319404501 265394194 494176778 526826249 912940099 318142597 928903999 385264841 664743243 501548214 634041263 236216412 222625643 684712660 803606819 694188876 523607638 356221282 807758806 538677430 256808820 835231674 689697530 455525835 83808861 724173957 591740723 743248466 346448226 601983044
798091546 777322789 501025284 260389835 258337211 646549167 822638970 806511296 582466839 343506805 369751856 126717472 383095971 383984778 360272707 947897531 523311559 743455256 272695557 983617971 617464417 192087006 354725247 586415873 749557055 423157677 388375018 53476336 157531304 203483114 746868277 19235232 320831700 167475216 17065347 510963076 343000175 970238251 208513706 398077413 921336602 490659421 129601204 653258332 998949866 515870044 422655329 598679132 696143335 576163570 700031396 987245990 743072910 133044092 337477666 387794 214742608 619251052 210173878
655744973 962831633 516635080 251126256 147088469 634306730 72460456 742389137 106676351 418875239 478669243 923771152 475524402 693781641 417503939 176037656 247983273 672688836 569723412 871937800 725751029 721231555 941682969 969061233 643276409 8888224 116012239 581863580 929956460 710680428 377113160 415223554 950970715 866630573 287187242 930027985 695929764 411370970 959170094 585808750 648773115 181813729 641701793 151106029 317421033 48155810 798599142 139774363 501471304 144433778 811192817 332968821 929356232 360488857 960401357 42100654 784376174 6869716 993666328
710578221 692392720 943876051 814945154 26376460 632383450 185367996 390267730 990303002 399509707 723465126 242084832 407465562 463123256 561630495 594424860 738156674 96242505 855789223 699684102 633189757 900515447 449443379 532086323 862526954 934029845 324016555 520686159 834071962 425597380 972075884 147469205 427979797 257110524 965306054 933383769 699823382 160741002 101140606 260701055 629131531 658564364 975081806 382389505 326076310 132855671 672109665 559448684 140083726 193953426 318921175 265907555 38234111 203547768 976372551 925592091 530721702 486652186 902205496
959649246 891404917 256473787 588199078 143038344 869855125 168506994 270509956 386443277 286569567 819932843 776446772 790069489 361382626 780396966 105465872 859052238 651377761 6889975 239478501 961291730 894224850 616119556 670517619 49699902 748971615 462351242 394750702 525825768 962611689 48138265 262199424 783694778 880524160 542295443 587623877 210430512 103547372 900575153 760483149 778508254 644576296 285696894 816619293 821859560 854559201 466731482 941564206 787077769 210954747 252594680 712700397 325015436 928437004 476815840 251015353 708659414 320731615 497519854
151925353 426838490 699953651 372422737 39325635 119706915 56135674 997650829 298145798 813030094 193298522 658620665 643823969 886011149 655491503 892724802 39894905 927400101 779693383 944221414 15886823 562874224 343556004 869900474 147203256 345422044 810692862 983090789 342819563 758552683 416177087 410069986 611154679 886970417 124266245 457852674 939069762 471748953 469809955 760004072 462681771 713868448 745566240 624801675 728745217 773049560 965995062 941550135 844330889 215557991 576382548 591502348 459683196 833825989 690214557 102190462 159404166 660047106 751911655
614363091 513395529 800264253 520289597 447383976 478642136 353813806 692936798 721245037 997387836 580810141 533784635 84874212 105057010 209762024 233182332 18661542 771437931 749728898 319078652 586333342 98997899 964958318 830354505 19992715 354385707 859237320 117654565 686634883 786336920 548962108 811253768 386790251 443740945 624116621 131697051 350015359 846112844 993251344 996965182 289435857 428827633 931726638 274736771 475180737 945675294 657405157 362306736 502955914 736450529 37044040 352630594 622611637 205385153 213140731 776674917 891359652 561521206 552207799
549194620 955051017 729118764 337484492 973379487 329138795 876475269 161434522 536404504 456247464 208401812 408907799 721685221 312536686 807006626 63663948 6658362 789500864 282368876 12132312 164883452 955243383 865148323 595060843 288060486 223834558 192563307 908805196 507987432 132999830 768643036 742666196 514240483 608782416 838663812 700977905 633647854 225002005 40271844 463222692 820759028 370092129 260771054 361601667 90473108 931896708 167030414 856498488 890140064 902603808 890562078 728812287 811811230 982785454 497407471 97828140 320324938 624559865 279652295
75839907 778713618 334895776 83021150 964948830 238004376 845784984 728544992 492690667 451204404 845536169 356319598 657755371 233608816 785944044 957168028 738574997 55046026 272165715 40127476 296554544 590183669 633219873 218670450 336761756 185373912 889069422 198820359 121916618 321615245 221865380 161397527 710382655 506754083 351061253 79080442 493649814 646252253 788705570 720480894 499291643 613640625 630807141 929032547 183551152 760582858 826348168 870363870 493484427 659336455 8847644 838097175 372502390 405838457 764932100 234924715 619656431 751156969 173645303
498036522 496132229 340456015 149472001 4803994 200033121 562625372 921455874 321294578 517163962 170599921 177801773 548194976 356693344 594565542 736632203 152476420 881642546 770673220 90825078 92937202 65479336 249372747 502575134 207012660 231578698 687273325 954363399 676109574 950591542 12367121 324804745 773227672 709707166 781735633 407775311 99588752 756621896 977700092 326770137 747261829 978604812 7557397 454345210 686741637 252248154 133842002 302848602 655445392 4379825 905063966 529346036 706485274 672906025 737118359 464572825 910606221 120673770 470994704
511327852 904931781 917322419 200373392 348037733 145196946 717267796 724429394 613937870 895485241 564556340 757444675 297775817 685017331 555302603 233855368 208282055 972012397 465770025 90674421 259415058 13329991 852446062 224776086 382085444 186064021 54466639 871223594 596513486 1090401 886339992 356692131 446216818 429625382 86972324 154155175 688872650 459360087 177700583 257398290 721236415 997371094 728208997 964017266 648403730 510606973 27898424 336355977 126956246 64742041 395317773 362973903 53566451 502780521 33439143 893401070 936291493 651872420 106711387
