103 51
175111572 736272057 365370749 648400012 641557803 337918226 16083299 902762805 215362954 505774513 970719320 932967654 840777164 821433839 823699039 26552562 447005052 759559865 3049262 749520769 298948379 831787794 675453104 579075087 548056733 436302479 116916612 514224619 947723756 805795801 456632699 781683385 109652836 247513391 105160733 55149297 645988437 341943521 618474789 990127197 988171141 805586390 910791937 145563295 86273451 569096199 804717395 49931177 520423413 87407361 48818546
663019587 380711555 886320743 465812202 263615624 62597353 974461038 399211000 329213033 324302513 759774304 903074318 38113832 272697815 388055322 817663573 579071711 965365579 226462093 624885798 646854391 785193843 121222976 835381648 220868273 781938342 968294092 178211798 604241569 508981170 981437023 64767470 899569709 595062358 261568058 966376194 261114386 42217417 644298547 503017203 62518496 969956657 92211508 372123857 610055033 162766893 522571194 132356452 590025622 473128268 819082326
136488871 624085058 969152660 958568239 984207175 758955100 7357436 963983743 262787880 861816602 906757105 183114770 361599456 228818561 668540885 541706698 841587258 777426926 970632827 779976221 614304693 225547408 464709805 287947669 210568451 766152683 555886502 943207503 47680138 63815766 58020760 170950781 834596070 605449598 268085800 231937252 232903525 559389409 503653613 168146271 209952905 211666516 800394740 853969754 817488010 662787198 686909503 648713303 59935698 767918426 929565249
385182829 465000831 649709753 456894564 373465283 374316004 68930238 770009987 956991514 361257736 696952928 719665520 204445505 123031845 751684075 452914031 792361374 773085994 398025599 912844985 578076076 105885498 981905807 180971771 372419447 5930795 390626660 377992404 14467874 169640712 659070360 346351194 902294369 380190608 999126683 577282966 801355775 851492532 932894514 786607875 213979226 959408156 409503475 668655123 888158178 604637091 910495945 226508202 695551133 614051287 983671670
760512161 26815398 809870458 528294412 600544836 99230633 660479236 193617011 30526164 210237289 775020318 125552103 335117318 155996731 806178088 177277815 462558083 359155336 82526900 314577031 406015846 48960079 693581576 868408143 865329345 56037792 863284640 826429785 26897432 421038370 542745771 309756423 718369764 232561294 490234761 317021962 524689169 334631729 727277395 339253484 351870848 792179310 674479443 294195592 1185414 824465466 330572679 71411340 235278187 676884894 22003491
931370494 482616812 889439033 954296076 185263796 775191738 560665532 229325405 6057690 191721977 783413355 259703014 310001776 291347394 563649443 597462440 602564554 679013025 584836430 251288410 955575310 742699031 787108208 309147367 232124857 482142489 556832414 281146862 273740571 131458703 110897794 608454977 460783318 381181398 538595417 361678694 875933795 393067327 33652596 53628697 422263436 71471757 237945274 144967112 985918963 927405435 862902821 111188501 960317322 925354548 642672961
747014232 871912217 158606809 447001520 385359131 352307132 860875007 399176360 136405916 405244514 141710894 818140787 361922638 219936847 231631971 432015598 965487960 412486554 842750862 173595146 651391252 735271344 738684693 791200335 819158673 132389839 617250384 728122196 942961170 256405900 524830475 43633736 975649165 781711694 975356423 270473324 582108973 594045648 32795000 507949463 703836113 637413283 802742664 83205809 428620682 874920361 900002515 850742840 916072993 838130587 962479337
970764478 471623566 580839813 120767184 46958952 843120770 369646917 925203840 855573105 348041950 217976591 708521572 878650789 801180218 859114475 390713823 562348774 495612511 769784886 143418821 860391083 660635597 651172381 174134750 158494844 377947702 194716197 309480038 89138039 662889729 458352038 343265424 381026510 251573192 157053771 804708606 546481223 464879322 734174611 740167243 441599674 868394426 998967635 70682497 548125335 571650974 991690802 848880803 164069981 260281841 426535212
850595621 107153188 977221841 742537488 239358062 25437972 8535953 755416834 80245853 585970156 456134968 611618041 599820737 335398780 719793409 407076930 394960096 189225515 714291417 481112059 843704817 909950834 33426405 961013657 573593506 875695710 345544441 861308259 383586706 599305234 92879137 666008308 588242136 138996291 572441628 538404797 887687802 595902906 208527580 165086592 570612727 939521238 30643207 490675414 44012990 163304455 802399865 236549034 563408308 514368084 370545088
379568060 363028403 198915030 479835294 157257504 976921605 137652283 257983883 362762428 151593453 144511300 304862513 307034317 981326878 659510599 657244398 486045026 476395330 428223917 357583701 232271072 562055284 712077173 912588461 82579068 580987846 972411823 59791728 976242372 781168316 679823874 255371470 845255191 418914511 679059752 761423144 366045480 391836652 260171116 163206293 899777919 235560690 818774322 66191712 814770168 555821624 40754032 75342983 267901249 900646916 816525869
842485310 470763104 70769940 375123721 537547370 85506860 317235993 82432437 57714471 708531919 589096760 44758646 271340867 255386698 917958279 904658598 198075584 727494897 485314198 650165043 854032726 242324203 478543331 589052191 556872942 579721139 745126500 26134526 171431464 778588826 656758274 139483259 12925654 654076738 117058328 875222227 217931903 343206436 31586552 594486616 70328541 326011659 335609958 458640111 760464991 972237719 356258843 921914258 802181288 787733436 605491523
967388880 240049422 858767936 246186495 981582408 241752348 495629632 992011236 741816369 167109904 257663659 696960123 444062677 503066205 708571333 77113791 817820690 830517802 852807334 818538146 349446104 765821394 322257081 380919688 948304045 446976867 912339262 841250505 300289836 741646367 256590024 633763636 4111233 257935101 788251839 131061895 216328175 921138472 778723294 311836152 948866890 818487935 566727350 648421039 562579325 697429524 204660778 702182985 987940358 974290605 188723697
254628183 323455605 873324870 116789016 854433245 162773745 136089485 995167869 349755347 135220402 400993893 115098965 192098727 228529800 102981732 166891942 755532986 22356307 636200532 756218062 285420510 360174216 798134709 88986618 931347934 982987955 892167994 888692912 391405558 505367023 613672264 419469126 146317911 165665904 759454330 194143080 181069989 234170105 516689439 141986966 816091768 594951014 225823930 659739299 49804766 423702820 76157057 346303031 875612631 713537460 409560544
104050510 775019224 612689708 281886195 39497143 359454537 780932277 255375119 604693398 589408775 699050766 854034233 383322595 356205283 963150599 895774893 794597097 546706720 172823047 414766169 205398215 670031353 283605639 402467423 768100850 649025817 291835541 524557975 643966897 698447649 313954386 430595850 797793440 888571429 283353204 111143032 549730094 337895983 334267589 934127315 486088735 394784699 208070306 547266498 829314314 921192505 144402812 784534815 358751963 520010383 319622491
127294329 597900371 778176916 337289558 687383187 20564099 414486166 382153756 352835555 181853525 232323029 692348014 136187668 8106499 535389958 867360674 184745604 74219422 842170320 675719714 849989063 237807496 48682066 606254571 357120034 892342778 243575195 784478479 560811792 596692095 968619057 774268467 84222145 575153783 683939467 122795793 968701078 348918165 316644247 659926263 485799334 681978466 418252085 179550535 180003133 172775096 320500921 928769525 855368023 584201287 458778477
342087692 890407721 147515155 101585676 441388585 507606425 795475443 109174857 942659326 158986689 365226260 444753222 468301777 192897904 121848949 803213341 767873786 213729704 818771561 507149147 336428648 293364001 370414104 990081152 261233693 395133125 287163389 610433664 93829294 902908978 549132905 726876741 297255364 248964155 552722431 998311722 801976477 460869479 28592182 709102977 242981515 665111665 339033050 747683599 728921460 655826630 233464716 924056459 955451984 250151690 488784445
572851490 705819567 602418067 711975863 716039926 305302064 527152876 290802452 831600538 926201611 19757652 555460421 979485592 506008712 937961021 512750988 738318315 461001350 309746381 351678466 356900997 752125173 772325984 4506130 923377866 986251868 458814468 641849596 732596755 349352532 160635387 961376851 229118509 340868106 828309565 700198015 914170839 131124417 976220403 898069820 627971399 720839758 354537213 118812697 661041318 991727514 282316397 389433594 722529423 706023204 914525450
368471191 555493524 344809852 109123278 161574651 927003577 287452105 309848680 723065861 152425207 117647428 642533307 354046442 741663674 294706363 446488157 701092785 229587044 235864335 6479897 650027445 247438024 283692470 272756078 946930727 52000431 446353978 668373517 601039242 352774231 774893495 797457246 139268405 989713646 421396833 569125116 865715157 398403867 973238012 416184116 332043752 206139766 243894114 857748363 993794626 917841675 46778625 788353333 113408652 367428572 943102042
627359134 489916864 230677340 180838019 749301989 821770415 767766772 217288102 377063516 151139963 812333697 440593792 542847242 34479389 253099732 633641955 795116585 840900064 693995569 799114548 318669224 96390116 934128849 225222893 837621417 368862364 808382304 864881180 562604548 863195216 127430015 275451875 488423619 129546396 22574147 284091894 920604324 868457199 878298292 231905568 592418458 213210893 572876367 705766334 847335244 768043918 475544453 946973250 318406549 286929500 711952954
299742129 909572866 925330233 796341830 4252198 437351511 907509303 550448631 120506701 362147339 767587902 796720269 473466600 784774855 105648009 329965757 558242126 621733354 641358889 516107055 905506279 765922824 755013249 557956864 513194929 609957734 500760520 770187329 701881278 357412480 936541322 164846197 830334900 555852420 493042471 631742743 186314315 606203348 695653459 332705810 80531411 845287048 830808980 273262151 661272235 598121194 225211335 994893323 962495435 837640184 488556444
71181222 430708539 913968613 732710933 361009621 596103833 262331544 808315659 230458952 100437912 292658219 77876137 838991397 47631483 12426605 664134383 848579203 786363550 762537057 125489200 18727152 288836846 596348093 652254100 289327084 956913259 56473196 952959127 565354347 508578989 246281228 182662280 424183639 504022108 937017713 585092363 928872972 357963703 934031392 435417752 127195355 847964430 800109013 622131449 792661127 749716808 85670141 55924176 274763210 541718110 647925053
817096975 912611793 762037214 388827113 887299453 49554108 858083177 809894541 551169848 994710048 951572277 14533480 625447470 216689028 382033547 393399788 267399842 208542951 981606474 981337408 437670318 886100280 709459298 251741374 410449851 795922653 858055514 540661365 958335242 978744877 524288204 567501735 908829230 957262326 911327715 664566604 845801616 375477751 931860195 666540174 601833194 132603751 247530146 530845003 493723085 928614253 401883911 402384023 452090395 72325029 421116818
145081143 206572429 334567585 721618900 107694118 762434862 732818534 316059634 321472788 197170141 878265579 297549606 664689890 742698704 489458333 898499134 811971111 792617484 47113438 326080027 41293742 862049517 128781953 754415156 271946486 423941797 393714768 597881616 522530992 856126133 253529991 330458831 612975429 446585717 924402774 319617954 852545870 716761746 496459362 752053839 256842266 84750218 917957444 548353710 825912875 404542514 808416520 402017838 120636345 346652977 43001520
42980945 408923949 250477698 288889007 170582315 700307879 592689142 178007407 861622759 536653690 161830831 627464139 484127554 816215722 284487847 937975189 697367054 347683189 34947879 606337553 768326577 790564039 266001232 641945208 655472803 655215812 595304853 851030135 718743283 15263554 575287615 948070061 866667203 101916236 528890600 13995824 789938375 465600160 881703168 423372809 9339595 448280114 615046732 936510899 951922218 864217767 726413921 811861920 996051543 397295579 33404461
263707316 992453464 508797019 50538607 501606856 460609093 494694892 570722362 860464168 250103758 828913154 219579254 311789590 621691059 727477834 402214751 31195973 920400969 381986080 883494148 752648030 756126460 452508697 555507657 620385406 359310535 195375739 367688678 7362486 853915069 235423680 225962213 313573770 388055684 203080727 883951655 498971763 450975445 658821859 112641888 26130781 238050302 201725242 303308055 476645417 744677728 142226023 416106279 82468908 735017712 759743080
936203073 542876334 303313850 416964208 529615208 772918637 871788633 205844838 574482547 408570647 909347713 457717861 565369486 545332179 540219510 253925690 974237113 573428153 321815442 889039593 283698760 987478357 501897923 551674409 173174113 356901928 163587082 123490275 571609985 525558567 98984445 362972086 793583863 153986874 599242821 253061750 566514792 616473534 966233121 730974377 614253385 169675524 91853538 992979721 667333736 909054160 951191661 845078788 162604644 665730778 208692156
969532223 53959216 398651728 419538781 685410831 182269332 256530770 504462321 38489086 647863724 438927221 86014126 726157388 615560039 989036609 994422750 787446124 15486473 888376499 49497438 484564354 861503401 901531836 123632416 494694124 581083060 262343615 421314985 739103414 131426152 4673303 953534611 175795492 164671578 507596431 272912652 430189612 775464177 988131560 374731862 1012729 306657000 41258582 592347205 871135081 109143504 807243011 303741892 917235344 952182155 675690891
249345872 464983347 609152722 119439743 55806843 763306318 438536113 645368802 954240363 958949775 129198086 160551855 188689752 580376536 556344837 141328464 121034513 279975873 549806262 821021224 951403640 80826643 489563253 811474699 385815553 48781390 821490034 448588481 590898999 261807908 953391 256903047 923977016 298908924 268271109 939815565 246346548 571920240 674711967 947884152 562990833 963056335 727755132 192638434 733130058 782235804 871255153 488121301 374154923 277152268 61509157
969549908 268266903 445291148 404387732 354455763 769560867 662076474 782768013 131790010 186312056 333109351 760670516 721562597 288151636 858059803 925154432 727422758 304854409 444414097 107434686 96277698 335460733 756567478 748808972 922296560 414676905 781952174 41811679 204786270 146762010 63551568 383782014 286893227 369032947 33057189 254924676 664774894 93884649 126790764 754024802 95437870 606229957 872890265 487851482 6013415 216177126 832513490 521474437 272904331 50909116 129819121
672362574 262325759 15421518 256848261 114552821 895447578 32041909 465825616 538765966 158189353 487953823 541624778 688760063 657852014 925655501 81650588 958664069 118060188 512470165 859938855 389193775 124655197 790293344 572277243 511936866 399442124 984639789 332375392 145007699 308965371 649264397 82455248 782597008 897484655 772434597 479129978 895323512 200431775 853463215 782074817 218393790 457216376 288223609 747110843 278664426 907777756 389965156 996100019 311602391 164376862 34458982
424889000 694462262 652010119 156213641 749167308 493290250 154480597 505036650 372224517 66067499 749663927 642619578 314742895 193872835 700905042 108569537 207536343 995399891 205416383 496787414 928466242 986795183 124380810 670119400 198049124 989369726 86299444 938589432 575528746 630634171 449750451 667524764 885580593 753099703 704784877 257056126 43697996 519405076 876650048 10155483 36491009 547371083 979409917 157615109 512462349 264132135 898982888 352931553 790245596 609224008 62594746
408523882 9373457 696784290 732786591 721185324 678577156 126047739 819453113 887922121 677812543 868654704 845186459 792649592 961290497 6462704 400890318 620785793 474074811 161328575 247049039 158670786 294133141 66365941 448094479 901451821 128305898 653908477 78693746 58279240 226607303 683028502 824027345 454984619 254151280 626294997 288350200 447442310 4033756 146639265 9499304 135587096 235557172 256332598 386818070 228250937 755651928 54138403 411641706 162291153 497804889 361379660
225903169 775750750 619269376 888875624 376179500 348304498 521238086 835678852 350539311 1133619 780928986 197213822 15749954 335061210 27908254 196907914 5962452 572606772 573054250 932247985 282568771 284340260 16272456 567574605 306432100 880343327 952090998 812938895 805980162 83801262 188647783 34318329 189218391 862137072 410852994 57329892 408572820 101704725 910848866 724338940 998999903 38169316 80137044 336020926 619821904 862221622 539780316 575772929 531866995 407218296 417096752
341338474 187417289 418283565 983025083 801968374 820367302 945864298 292180124 818994548 249913556 481841753 120992548 898711304 859070671 285043894 268628828 829730474 300135816 975513173 356426620 406207141 519838786 70172314 623009397 925676824 132927544 37130751 730186345 689722488 730366229 266412690 159590189 669656076 922975610 518721652 864199374 64282736 880136059 278412891 111230985 761549843 545226530 206981648 702576849 279677881 934677739 767655666 582132940 607010041 853981767 115562098
696248279 515202751 153950233 545605269 132133502 139774924 208268091 994009717 37847685 607542065 95725818 785266368 460462946 868787416 888423830 393131575 515656383 201721339 318048452 251419185 836229885 33947563 28372524 520497429 368894380 874865482 12144618 185023715 561390100 767000337 138172177 121297836 841201584 396016267 301590563 243189781 633491630 141390616 119090586 729468377 447330928 18375787 503616611 705964612 43074573 572801292 529739358 832203448 463381200 274863831 330599135
648427308 52619448 487964028 380050224 255112360 631490807 516525309 460794637 287216586 177233012 622536242 42569510 262939460 865324617 751153992 956191136 294610011 413416517 3594814 760937108 132330346 531452778 494998887 603437199 97629789 815157360 960083434 634586897 938331446 772110913 568833605 104953102 651907212 726848635 209851590 98523504 810929671 761383409 443069457 298613138 782208741 101002538 284930973 792007110 187030648 297921760 678466102 232181201 614269094 48468611 862557308
369470826 308425320 638021812 215357283 869861054 559580235 615843786 695624370 514503919 592684786 718143056 738526596 492745872 213512081 746484613 715484361 89545771 912131700 272410586 491681222 117399227 733318518 655411064 696508049 197630514 114016395 10133176 973515926 539984884 855715382 681459880 917007125 328680282 471215123 27759501 808243105 755306033 165773135 351671131 78164642 904788280 729471786 681177151 51481556 151188645 392084348 220203286 375081158 129135777 982233390 340429299
273468764 118496711 985884860 273381021 840877134 838948777 994530490 881852174 687133607 398267211 921232972 762388981 301431622 958614438 124374444 871515957 568365408 670685223 917841575 523069540 967419644 366335789 861756704 379325261 492438645 672123022 640447372 306843246 443545084 459527186 539536757 271601531 341974548 509769719 976276984 789064665 898982932 936742764 321007686 758203684 241890985 854190358 159008294 429019049 421174353 912015245 329343602 22427372 761799136 763075040 439759253
500452900 795657471 90011661 801940500 199638714 760950440 272390538 346494210 309300942 901277100 660503487 534726793 70715826 738611501 343388809 97699944 123866220 268967716 444119225 28786800 721459256 401226972 45881491 541602054 891974404 455351669 989166160 972262309 323162099 467141730 732547228 715300697 966353883 45075435 979419928 56529220 578961863 545265580 523366105 95878428 290576757 693004564 661438183 945777067 914611672 825534951 389149375 370005326 509058967 838824637 920038098
553869431 511807885 379897216 202079492 814295084 777660743 481336306 348630317 576267909 538365321 630296613 838526875 463637809 710653129 679987457 205496718 862051314 13265330 641063105 726778299 719571740 11901859 889788278 952786122 558749722 427040046 141109122 943637976 409607145 553253017 624814623 615228662 843095963 150590560 713064406 39796648 593726166 460641201 958092040 486905190 924267603 351874798 310557289 876911646 76251231 737964079 728754559 693319856 345729885 333945789 316333351
368857457 418862145 162819736 417750545 681589417 414464278 544964850 888103743 121147669 619318138 286649522 545182346 565368933 952130845 115811827 787357469 39350719 139311174 797927298 676813304 318999610 819403341 454933859 510332526 312072036 62435874 333728588 995876519 806863293 534286533 3707688 652157983 216251706 313974220 450562453 979341861 740339138 513982432 884420710 279060061 579378612 424613183 446035235 142926143 217228384 126434876 694507908 109483157 36958857 858933691 231777786
17076225 283730666 819909558 546419750 576998773 388650669 616817082 725385056 424270264 436285429 576372074 640515889 169419496 499308630 275606267 49784281 262043379 605171543 50143671 107877066 299872796 589814007 171510906 939646250 904259452 781550629 602333240 993452117 412156799 869164871 364787317 847576666 688989283 264013492 19160011 837147257 496917692 48429370 499022440 103274923 291854835 552522393 881531533 54661402 410321602 539180037 721203472 776290980 335976377 691077288 837664731
422650716 198874045 398544413 368862314 218640905 922634884 445230839 454778961 562389414 83001114 826234168 823297972 918329824 564215902 32314586 564505038 346570651 662164869 501014602 371620714 753634670 764243095 394611431 605969773 812496930 333396205 946166664 682716490 67962166 566131129 25291507 789934476 149846366 221795454 71585383 566650448 330391808 570918804 928168467 118516680 753936053 575988390 790999452 756669113 161106894 387380019 570462875 512633597 264875725 120245520 78327069
934978051 138248167 696324324 304188449 647798602 199074697 20666026 720153117 523040489 532394704 310968883 900482938 945073162 613252623 825466785 700820755 912828266 70306637 295576557 569802426 33382363 822269636 919286115 762164660 258123971 302007140 47899169 174946615 653921947 84875597 385125019 953523955 925040496 806899289 519706138 997164422 883024228 185922191 493261112 381168902 532837166 178490545 268816997 6411132 325679254 532313263 462486118 579551587 580882682 220127282 854680784
377988653 393537997 807573266 56790161 29301950 427687186 923154912 575813224 723384815 813125093 700767837 586909544 479981836 87902962 157956097 414579577 574192215 684451580 139382901 733130711 98443139 173643608 623943705 126762897 470586425 881422959 566347903 420117003 222545046 213080640 185131246 101552508 939565995 606876891 290050272 592191857 404200956 282802919 546803844 549184840 602967554 87690780 123939645 579350198 891524265 73037770 430657568 156490818 538045906 484271441 478361722
427863495 836028626 272160423 431382088 797976310 299957490 509080277 406530750 244601298 557533677 752073338 982652609 507192626 398437492 982499910 554272620 829518658 807437485 643964800 203315343 214683138 72443568 543453313 686278955 622218693 301248265 657641783 635022839 24871348 756773177 727131043 51547102 793835593 607498805 965380699 826842239 398709204 533656805 748979977 317098668 586081530 514729638 428887786 223071467 800205104 931969993 871939919 833095160 451811140 690136082 385490463
774078785 419528661 5553465 133879379 356458345 405345750 5862252 659446905 155779781 622696207 802268107 921733427 622199778 575327900 200962283 170263477 529442301 567577452 197182292 145194057 871491465 116444867 848928771 365841102 989261997 693198520 924007657 306929973 682618307 943109304 238205801 661307907 4819419 42107393 318407390 705792211 68888374 390840360 799949075 607283921 270702539 675941268 34546889 831016767 298714565 117452288 563920949 91683828 651232258 286792445 216527742
897682903 841866902 325424749 17966915 968572265 157738310 557973257 955890964 993897273 284848142 350595293 770889204 640223341 90146203 509950407 107920606 797494079 213845458 566261755 405946173 797610878 984117319 243724929 63837554 77537033 34472135 115490741 803669841 283547224 426831823 555155911 647749796 642207987 513125138 538479929 125947303 923958776 326923254 787046756 20140426 808013465 648815127 547179763 335481587 7092892 139101635 490051173 748959865 4847833 797100157 638601871
37299498 585756608 477456251 832314648 575152389 873873872 209650216 817982716 66573697 611994145 281718434 996283658 415129093 707474651 75879997 386296422 821278829 971468733 345276926 778871047 496412556 362560151 78040352 909291578 449668004 72891856 991412115 665661213 462426351 405485280 470271608 560273701 319230490 587054295 385967270 885172888 575244485 57660629 565241640 381061908 48567300 950750864 243684285 171243014 905613537 799528657 984785239 619583796 348976343 213233142 682769564
544617268 918966872 637659250 886273640 838280178 515754313 551271753 103647305 847216942 122572673 658541205 334617346 219637500 361990477 883731971 934718729 881900610 43336175 132020566 949671688 440938813 555363866 369392355 120197215 705914876 387911288 709634580 563007392 683131107 510457380 798919654 24400146 952209194 548581680 859668842 59892016 539127644 675089697 973253703 843319591 725034457 990779246 789219126 361871195 661477716 875672580 480343173 970050018 693603157 31345093 11654805
322725127 803874999 961122052 99559516 599827401 473469995 626515978 73100260 29433433 199484596 940013461 584999114 118012064 399385129 176172372 409817792 309275318 466535863 190665324 603871755 897194348 299304540 747042294 504545797 28708035 37232493 79547262 180426140 251344499 991864081 790955398 27127249 132768357 704116419 30482945 507201595 730600761 612658132 90185432 792732034 434262209 494182886 533418088 811200484 110502020 747701106 872182786 239309235 625763388 678510147 761310314
106644436 474392152 797593593 438883417 475987009 61168763 296407176 186269435 978669704 292066811 443823798 473435250 750786635 630706787 197394080 601408081 873786302 904821233 510833205 327351841 992591404 650060825 854376377 981707743 434065011 217272832 959441476 441896572 242247555 207389441 887444033 345988188 820575458 233837356 280807919 943372248 306895147 224893378 310647779 916211644 355169418 966085050 225707396 405832137 621731138 731700288 339910542 456924468 724380711 988229936 269965456
57996069 845490468 57577887 783196014 83185465 728973239 898155091 243123679 779826177 390837616 522306118 353929455 181519233 794907766 219506471 560075647 515627442 590066689 460029400 866147008 192285440 844450017 444224241 429404860 428039372 252592117 849146172 796973773 313474027 508826293 525366839 11747364 140498725 237806506 922764437 773879363 112395703 137431280 867016381 769355651 78877649 388215994 13979465 657937295 527042841 470164430 556174217 22363111 710612775 203295749 810663934
747047519 302955015 763887821 175389919 364497309 706205370 202735527 821784727 776724382 57534900 774051497 417994308 7968305 772587359 436690172 931337786 120047994 407513239 474982751 786821246 540955249 691208493 14264482 78136652 642335585 231891557 398353452 565150098 493129833 532116855 979460726 309953906 37878270 183980561 297352590 213605060 890409319 541624019 90113429 647647121 483001152 779160018 654833473 50624665 595137016 948087061 60391516 226533326 963093586 83993371 579043907
430489815 550505448 886656852 923046503 995143566 813787555 455952547 225001167 390115458 321648196 454584291 200641685 334686582 512469215 44836958 845196900 833370080 818470235 379076183 165901569 435261803 435032819 882956162 22897087 78903925 280755383 158930311 188672265 688483986 373321740 567733890 185696988 404577543 563995432 703055238 592730954 221501776 886748567 436105493 587719928 97797018 287960249 6261674 317915040 440701769 190684737 465450031 401358992 552075636 964162231 929382023
205811498 929113444 730777591 67395589 581786978 60720921 92107185 175494643 330119235 342254533 723050471 12251661 947807850 316159054 343765873 5652227 709950601 800075216 669744764 162282234 898790374 763577369 754474759 976923148 446977241 71165484 28330852 579411139 888289105 960495807 683861693 944533666 928959824 369852092 599823757 895568540 864717162 8369603 137786403 340053403 637110602 746293927 626429731 312706298 377209390 156351469 822633476 472106252 883504486 394896464 273732498
948972435 429623512 782782783 647351917 250794569 236176255 328727389 613087625 263216986 360208360 354717441 532084909 693960680 169971891 564497588 898431732 798595718 11262232 401103797 167100238 131092926 457038687 231144568 787995392 793943179 908008295 76714786 591058464 231297759 252887328 98789391 248155162 981122079 497383185 711034445 102518830 443926434 893323986 738021406 579031023 906406197 357617043 362663290 893745605 364861337 982414484 338089611 456339308 437891844 99957163 321208878
515436659 801438620 318586305 588887161 93738174 598431231 127710549 218991919 876336901 264413630 964264183 559172686 14360914 340893661 679609294 339314818 863144839 157727573 103435795 152503215 423688662 390184851 570326932 604641131 396141383 659591414 736471602 576778624 432604725 762805076 654122083 41428079 49631953 974204534 412153264 379633640 527441310 723500183 666684216 699110740 265989619 918117097 42334764 351516235 383105148 777735696 80674385 581633310 564412346 225854628 14872705
27051342 57241726 752121780 181425450 395182098 970858610 584353598 721314509 416141014 882064016 362336440 579459712 602731959 473695656 889548682 586676845 672805383 287975647 966074257 713708113 669513935 455252011 440312222 265829374 108157256 661368536 621551093 547025881 613357409 821849094 772813519 43489116 250376765 673807656 799897816 326337941 160455858 365793926 437069745 974036389 594300362 425723324 229318255 55844675 814822725 962022457 375424026 439574839 522951190 546237377 389556783
514951135 446878946 536296684 178764575 246355885 778164868 19497380 466288334 928504742 769422476 21680555 801005332 2492900 112112571 131317011 46867519 956817430 2416264 392953539 216749968 256823803 693582238 562919161 965403065 939213291 254513244 282235331 505905509 999016782 760733523 906231172 672604080 596059938 639837900 316075894 426896043 7422073 36060480 619728930 849013722 988076280 192763357 117207529 644330165 557398874 150286600 627863935 725329706 528696811 182493909 964131946
636353049 854258958 880487313 176904583 701010391 633770936 161677369 528432518 540308652 718350834 944201984 22808937 296105813 199379802 446022605 710098185 402753410 688481186 51782842 387371921 418883161 108478224 786751126 711113217 659786993 30176509 363670372 721225644 366250712 427193430 46099162 554731706 550850190 432380446 696610531 960601255 15892488 223015402 132117534 567617730 186514222 48414819 934646364 411947183 487918684 752188872 525487397 845137638 848656613 674105961 543569972
809100593 879549323 196813613 835004919 465876274 931742985 99462669 638642192 280598234 873406090 854112407 595186646 164126963 531400238 200861804 723299029 513626520 527962508 168100290 668839753 453878968 92363819 647983586 448348839 159483030 984718343 373828011 872625685 967629899 281033747 103101965 528342253 419712067 454607025 226392719 123153726 961019580 473633851 405258186 442397771 315702858 853325694 58218988 879175946 709574230 253630522 976042294 597629605 403169178 769558435 343342206
249722621 659685542 121034979 164569006 386290466 985688671 675740565 897718339 789627868 842855034 20603980 832875471 795193894 80394757 255128842 506202231 107912621 734128095 160923081 863176053 764432725 563645243 563793142 532472215 441873844 56484897 864829424 943584190 357998485 874164717 811535246 693913952 423537783 299653582 698718870 61028103 751666956 469514056 165182023 910567120 513138618 982401715 320201936 647554285 794975005 934297017 593861078 562903587 454935171 157679580 853855474
185672269 239400558 153215726 373952049 374558423 126360342 436436886 219471506 316576067 338975461 202125778 753564300 973371816 263583481 42774896 211118725 680786222 960013221 657906835 816350043 502631571 142525680 677586484 947237599 314240169 124327188 601329823 93943382 245496021 667663104 285130226 516310775 959185298 283527383 142040737 958064751 353963756 923557487 684429813 90641759 208150278 232470483 812763784 388895709 183202964 402833858 804993738 653626351 944284001 45661229 484099967
533715475 677207243 307207356 62999103 20453306 879114306 519819594 758934005 402625992 781158861 914120805 747327329 656738070 461840516 603434447 239628694 545004273 997122327 566501120 380623996 489913752 239878213 347464097 794219343 354501313 563143526 527355410 107652382 204677140 630221026 392474085 644166477 911616431 72272056 964760160 185185811 157330080 819205880 272075519 519764733 734155630 821168713 477402097 869461353 552450705 115391076 616976022 85705484 348234485 160070294 958300167
646785133 384355452 878680130 575657870 27228007 366189688 990055773 777219881 323851179 86540853 40370417 920721931 958067516 236850541 513692570 23057180 94814449 681127122 844966412 905359220 454156534 580480135 836898187 46757092 322219339 901174951 902513777 686676589 13043267 959019965 78330027 477466310 545332999 556633930 875895357 717482202 37507089 683298371 847122874 374600776 307760561 766268816 157305548 316753378 807521931 322829455 791094962 572541998 686667799 462776718 725438653
961097704 243193120 842562644 574292178 712824446 347809862 500599449 479480811 110921362 110662780 231660681 740113046 250104956 929125770 666696517 413778804 611665606 265120396 508615009 463396283 269945518 66109553 377799527 894011317 250616487 691986557 241304659 87554367 655097560 276302023 253565974 810926667 43231131 554441916 705892372 570989918 538622463 712108954 778800549 822145554 372456519 736883958 177764503 425216405 880373353 219829046 836490154 944979753 801398928 743021080 253618451
253856930 614303643 416117546 633963770 510426859 155881883 715346511 81206780 976005249 140481625 340004928 281772457 13933046 565583309 661885192 678407943 950957679 159778984 206070407 274340621 225022503 109997771 741928177 124741929 513279210 28182990 699397964 952382907 233597083 119159162 475489269 508752535 678100910 510940239 799194396 396827015 774184878 521691647 383523139 37097159 502130104 654595569 111036355 535637895 876574462 777630143 120078150 559399021 460749126 357028792 711463502
272134672 496537449 210962271 121055149 631785854 404124628 283375594 328229131 529787575 539333386 157941444 786443620 517156143 549725727 548535307 731889543 275145296 46923071 477650194 55013016 641337334 301005861 676459232 145742478 824296177 870587044 723371696 154502838 338230662 599775522 39395439 358495278 703270894 268137752 952402241 742746731 117177558 819547539 270095357 680804275 364777438 805280694 60052908 749712292 235934234 501484854 226197518 280322987 790667412 250091228 516407829
864138126 152645831 481428743 182056551 63514083 336132390 136635943 324959200 367358614 903541651 401381699 562391566 550878055 45099496 905119348 266074547 832518761 234039922 944195944 985257287 514064005 194739824 635091936 70304116 310160885 931011224 749041202 437842840 786519753 559500179 790975431 973110342 306264933 589703805 471694238 880509381 298795265 680128870 697842376 267139215 310797864 100130771 588104426 136329172 898393402 196952381 44426942 787489781 768888554 429859728 862038674
221987593 332768960 339447726 671179975 203679579 839605655 195606506 20414035 151505385 827334176 879020174 198273856 472597223 915795294 562915925 713508650 252925498 611464488 793418481 889062853 52260862 557592747 485469574 392531285 419905281 197657829 775234349 747108661 901329733 918506283 689510770 237473361 695084162 844281764 291804375 723138475 972373153 498681803 737626447 240785625 989232194 725651184 864049859 929122949 115390263 566962360 69400977 142892780 918733575 351337369 48020743
781030496 827480428 186386271 376044524 133168582 418411733 824460202 448916216 820095769 241232101 797886061 741063000 642721253 642819826 142482545 903660331 734369228 425866375 877109712 797661191 501731077 836485090 665078906 528187764 473484504 988156534 516697779 588974959 239931939 630229354 926371219 19196137 749720536 6489625 636338565 217905222 790040956 950791312 873927368 44212703 543528874 673449492 286970353 848513664 66597518 971984793 937492583 336915434 266341483 501037131 10887910
914669394 415793686 941173769 305703933 336075232 227449208 154764773 195327120 244017970 559387663 277665957 231973974 390605782 825176429 691792709 986282587 498326483 834856376 79923571 923144064 540806433 148305961 968971794 61727478 963369516 119276429 826551224 391282887 59809877 924992711 597945647 302463565 985742961 305366860 88891383 332950201 94313288 206252965 868768451 824308621 721613335 184487920 304409592 241838370 668438799 365429344 479316529 925974819 361615827 287467449 304295613
886895376 921341438 447892437 195744287 438320829 131413403 120452129 166881933 730349776 701622699 770560032 825389170 592152390 12209827 862780903 931524845 369807854 848404715 697928351 897087056 161739500 346936160 118339847 277863585 874429752 592153554 31410160 723413020 549870365 266478471 320978111 596917167 594392250 136902070 791324654 25913724 333882500 364382221 272471434 208233819 206965698 295109420 202867126 946083157 874339088 932215080 939663656 193235498 955339485 433514505 92925351
268196812 690447340 276258891 487941779 957823458 753145303 967603041 194521437 665056326 592595847 155608109 107590666 693394823 830908349 752536458 44214196 48212328 522254221 877408451 625864969 134646623 782651102 526202904 591695050 671923991 409567467 453302080 555334221 762847982 745851076 407563234 280453116 747061368 584035790 410052635 300472276 778529018 698000447 168773371 848284647 246109679 253469603 243213063 814195930 710237575 754218330 872065209 997005928 829944611 234403607 394864379
691165149 817350618 719142754 610687408 582678683 469971192 418146327 190505004 778048152 170697337 29105893 190415798 43934430 432073106 794053585 896023053 851272203 667241257 335425968 84500960 194275022 50121816 626906800 520244565 903474800 177746670 934728399 4144259 966661960 825331181 74008674 513445879 649696582 120096269 611059856 354373427 392040041 517553720 629418453 232582442 987688265 880469004 966165632 87972038 253377422 134467676 950650164 317597027 126420598 955941807 894578539
241778001 564312915 78317248 336526318 496733781 234042379 344659196 319672670 266977832 844562327 486316295 192745647 792883447 160326276 611536695 517098919 424774113 47094645 417254935 725588324 995686780 566596510 562075878 834737875 591642705 909510475 886393366 271381818 891447131 995583575 39622605 733672111 976640652 396882101 857324135 186095262 431634761 526355691 329148658 336508486 68486889 157962386 716544432 366160701 308551993 260223703 979630233 733883880 276600059 596631805 153525206
94073860 590146658 92355801 672440391 785636640 166218647 171347797 280542718 455842080 701167416 163854573 333174466 459875516 82019028 773356597 990993549 898189822 790738288 328177745 813952014 221989064 731631621 747611003 201819944 563960140 223043583 891706752 920879473 305594002 117924287 426736195 207188148 892901109 613265178 974394937 337888112 677570726 45890521 525966572 762201430 319082536 114449975 169671033 405132238 636132050 735491430 515542289 310303859 865174864 51386378 870968699
233521554 161710115 245376188 279943568 844501680 520300572 98036872 753293758 23545089 543516901 855258991 285273734 360803825 822637944 586011366 260805887 307337631 452158629 345705045 130621776 684456797 136978833 232781210 138090809 493752882 985410098 189310851 561616523 502620504 548595668 39262807 684030379 693322942 322708886 409149518 124151315 473282950 249852142 505652756 205869777 397181576 871313953 326068042 168065799 139774670 31501516 927193861 400590953 317062166 469779550 312839245
197656514 94665043 529429659 422210207 161660783 556407596 804061722 870496876 972672482 511378556 278978248 819585944 687118880 826755792 673942628 833588220 959890500 893746924 752768768 226732004 219254778 661292359 658235270 417687697 653405444 307678346 572742705 273547960 150515129 754937364 494104848 84343553 561675137 145498233 81108102 999266441 734625114 915821054 954571725 470383456 254431830 258733343 136082798 493672716 19722267 104935178 829361610 40695556 639288673 32312865 16131988
100805942 83437688 543233148 870340181 690322562 59098047 750577765 64494311 660004669 686547502 830270682 312372219 676587439 233778637 46217742 313532563 846081173 204590139 368209384 529581704 563849119 814524712 46749314 473318661 554423795 812479707 503198891 327273738 688755369 413208236 776177254 387802602 114413900 439497611 124176745 337878477 100963935 369924728 644247967 687382063 184453078 636355848 428462502 430975071 249471385 554772455 493303122 601404417 901372933 730389840 356189224
914548108 509338730 17854871 24866276 633191629 628660622 616937887 825951987 813573987 648390184 490753892 383607546 288922432 111874918 966737011 790729549 313120046 910808935 301292141 533418360 863954760 476951490 25941896 565258682 270608252 140174334 944334093 192078213 835535888 226304536 154360283 955792384 291479066 903287552 739395811 825184389 191814663 416519963 472556458 294227235 361779221 422407362 233903818 103343900 312380632 848341186 962867313 960870760 126094265 500176091 806973664
762334513 121615218 66509889 476942061 345965653 706089107 146947614 997868673 656735208 563358721 613579278 450104603 474503343 507547505 135467681 759712332 625890213 368843761 615166428 386172473 693673082 106105952 775640504 322014748 189890575 390569969 445385378 866335939 670692603 987678892 180408314 636290320 995698185 167052781 814149780 992975479 905083576 981598947 449270585 732220291 537915833 196597522 505061159 660157521 743785333 482424530 427321485 417791763 971548805 137308621 82358032
893424270 22985272 411143045 596493385 666548892 607270672 583822796 313892933 497242795 755594053 766462793 173594627 783106109 608558912 208947706 624361978 466975078 456518689 696720813 300203664 86567761 232322106 522060933 971153572 838168763 641802642 408011131 458104325 876404342 480691300 973704923 335030264 73923560 213134749 989422787 315279798 696702345 105188705 92399015 509614315 483263849 886869382 85295824 969218617 277105063 111737879 752499416 3808691 302729467 257317330 835272751
136957282 764095789 755042987 269672345 237048772 496668059 461261895 3246 943444551 789997495 526908034 887990873 258494419 622779783 833657833 247950170 571722557 678172196 497656897 640881860 516858325 571363899 602539774 574494335 95391193 753909903 808067021 727198663 732111103 197599349 946820362 202081195 158765807 902215766 279256138 232777615 91753927 739661872 165786835 148359082 190689941 849960470 756022815 783196041 24743904 69742251 937526365 143945354 878552608 647465387 724094704
295233634 298532929 444203619 289714926 667398552 158824485 359950900 357011874 322025991 751670047 963510548 797832970 146302816 667033720 938337804 633753177 961818021 386608109 729980347 74434166 158320048 898007087 437455569 376702588 765322154 146327906 6492821 124163640 861604244 727693214 243778912 767597742 115932609 39168369 140925216 584819861 769225050 11066972 358735830 450492630 291586777 122876753 234355224 729179408 153966222 133109052 741990288 742606359 843967773 762489207 2362234
817963121 941104638 844407891 34002730 529394904 253173756 849912214 106336900 591916218 944113591 374982392 355872898 991422652 706287650 556202661 269449138 55851315 842009861 430245310 430721205 772509353 997405052 463197912 917589698 346258526 740618870 983758971 124753440 467369157 731416887 753328548 45280943 102298114 9670102 259201603 8990816 280463987 58681792 525155262 290624952 831674660 724265011 81037164 409205330 97038937 850512068 121951515 330856282 783092744 468906969 85723019
573043218 266403932 314537264 58154737 292119120 745109555 558488150 248333685 876862718 667422625 287356209 399726004 158774937 320122987 500081271 167345982 45325235 570518669 576568372 668621593 527904114 971300021 356435016 90908220 719344142 835415237 621227751 355755541 78415190 791592533 649745687 499746564 576245548 238203182 286901557 20503773 633739268 717773776 171017584 889874794 752597865 206982125 988174413 700771559 802177657 864495340 631564577 112612484 382193764 915087463 3869338
796950247 116944112 91430573 557229367 974979239 337404152 591157056 523120587 890181842 866065128 215788376 863822846 547811688 293405507 493719647 133926604 646475229 998471966 730204276 193166596 452898203 697299618 189287656 100047818 738648190 451328909 425891523 272622357 658705750 900557746 487626560 180404786 195836008 190302580 991405132 988782655 623684590 123554895 672296203 820096689 68238994 206894416 237567059 671415246 105760247 51471768 122826544 771200820 753316656 713326812 478947166
20757584 377314119 681509352 114859986 225882856 414876600 451886359 935538482 372467090 583365363 350854877 164870232 443425338 749732061 195914814 249885395 797826208 18056015 743706964 815481701 339668695 235664534 28232652 941745798 221901256 79209969 870682473 220467935 677922221 507355159 33994368 808180177 412473494 993010606 664650875 920758764 561810151 781013461 250451030 356877176 885367768 353259163 813291813 949107951 286707188 373269381 68034188 151066496 834181530 940017164 732475717
790318478 499119487 727082012 523590046 157728559 649177898 975336087 535746552 412117678 826106743 536482768 56217417 221204746 803114261 139285009 128177563 863453301 493835016 273833493 613642379 784662741 553403687 542256014 580871627 344653382 122694815 927437728 537371552 974876565 250699374 988189540 69258084 859369159 320502761 998001254 483064837 885340048 880774966 908200232 40320132 419021277 148516819 791357341 648869496 798990923 575564045 902117806 998583944 342947501 915202698 620899257
984866036 50533513 170967232 444011789 719721485 795184540 849711483 901670511 491561657 997615186 396040795 201708695 106516208 303545934 447149907 586874548 355896897 87661288 517765420 275973348 993825358 683689898 333189632 949842621 923628363 184999634 979045311 165820359 387535491 825433556 872756909 461707776 816980691 708519381 220787170 818348118 211823405 494379057 548711881 558715696 316934935 308822773 869870753 667471078 716206889 755582821 472332543 561646148 630583187 550142584 604096586
819604235 344943764 980331351 541143870 972697712 80069892 744467938 936793706 994470300 483247819 182923562 53630130 572328490 239096167 489361400 929942477 873233579 140540523 738901317 377092295 746881829 172505594 580216512 280071809 893284752 138231120 711251787 872303660 937063000 882368314 509520254 431185362 451291870 748652184 55407139 361195213 562244087 104031458 358817976 428604494 587599467 455422624 271227888 642216407 432322935 531451889 886498866 601261505 363369292 698667781 968614937
694203319 675513741 652936867 658388722 364215097 935141845 840315044 843253057 999322650 926292015 403138166 202899260 757985027 772927388 270134169 602939726 72408558 219117713 922736165 130574998 843252907 218425206 728072515 703753061 741471582 678959912 619877295 500428740 397582079 514930551 808124477 579343339 56082393 502180265 151401041 633848011 801000971 485946101 448418917 146667654 363890698 617046793 999132295 246004465 79872797 39246469 851850968 689936409 238556128 15485310 519246862
982844091 221841602 619185660 348749299 359571146 906299014 333978748 40569827 209489388 34395334 860817518 23450962 959182334 625389675 422699192 58252356 253229452 965966390 77213233 236335571 33195609 449412923 230117415 45965997 172606429 923144544 801913562 251549076 562371522 651501539 701504510 526275548 738142311 775027153 97733949 990502384 482930013 952320656 533189811 251673549 289161708 989234262 334721904 541984644 450384783 5853359 743705594 668632509 788884596 663978747 97889480
739424815 196704253 108025581 194131144 895859241 378606401 730950413 866649049 275235084 418917259 4604727 928388434 376788687 933895898 931435290 864127609 582935674 540516960 876114618 802945805 976490155 678369028 268745455 65707453 246555668 895773664 213520356 342071983 311234554 705388739 544786840 950862842 510559416 521572015 31470176 889462828 843786810 385189468 895960931 858366660 610629251 104221364 941547293 336171193 241604647 185695573 913633245 72794865 137309393 561709330 293703750
150099659 184826303 948416114 168229330 328558742 875950145 730787887 924279626 598277655 471041597 369731001 585736527 937101575 124342958 834644913 195741397 533469587 303004704 777771630 6660002 692920026 943535926 311398011 645384404 150686579 836210981 918440727 638308184 78327780 448393270 50065075 525599348 832894252 527201863 138754424 223718973 362462522 338472267 814318527 956100642 311083379 232639941 607861398 761618783 12644144 811932497 243227714 116828043 587876413 657608476 876205751
925200139 806602588 732551271 34565154 651148700 700980928 437308680 549106528 661634765 87165074 600500200 334117508 495063170 841403760 891068806 497231189 691616115 626867945 915546226 1616333 837750186 43978754 853693395 699304091 987158793 636586420 740641762 881015202 377320386 121240939 918034029 731587192 868889309 169008008 80174421 328131304 701249717 577606624 140365072 467666288 719096187 304312380 232160551 928714180 173508530 683486423 8863417 519824713 840926385 134787299 256210167
220387227 63847204 562007812 22362022 9019655 523529099 98424275 368859552 221982481 240383162 4837468 521782611 316485360 828202584 471859872 941681472 198018061 296249184 33430548 925866109 430472840 920629922 800158241 924045108 466089395 263629123 559714466 925353250 760802452 832416568 903588457 137514008 7548519 814829008 442438585 146353278 47408410 533986855 402192077 185426379 581056976 836206516 464647760 831646990 633834847 432248508 241907171 227939176 996070610 777444060 293176987
247100560 390818791 1506691 390846849 828515661 986406801 924704373 189997072 125714943 852874359 320880201 379292857 655451927 550060403 166817004 701114722 805272987 301623829 886276636 711916003 420391331 293328670 452391918 724349064 314869470 615212293 928095561 74943122 513216270 901833845 231354985 319112374 176246407 517516493 276735837 571371420 146419892 374413471 961309832 212681313 137561235 683114545 100198691 65730837 828085556 538356735 446706618 259407166 139711549 135288631 803783851
87515732 992877673 989663803 429335722 465420355 360436228 654855971 900395328 998478828 537518449 396796984 676863303 615006627 541419428 719946874 697012080 290505650 442092713 225741339 757111485 787004117 28413979 351356162 824604935 249832125 976002477 816693065 251619705 48414861 23690661 851510720 375982867 663910240 783154524 155235432 755239208 10356929 890895295 219000568 525207008 191142704 775200721 585882458 971205815 121979044 779298599 917304879 638314748 104436484 655858794 196195655
430437459 981649069 223751641 87297067 753779507 166488815 214241220 555645587 788931433 442777744 443205394 545284848 86960787 217594439 390089148 650396387 698157222 178666306 447504719 139156420 26285673 154940833 37337454 541529372 320698872 707910392 361116750 312982827 486917953 90894545 413008697 120847203 82621578 297364264 929167116 74214634 274663145 726858477 299167416 592428828 931873995 234716293 128444356 847440391 879648878 651256394 487571657 390333166 724595302 99800326 112080885
26512071 573068316 274369148 90042761 900567741 397347402 527581151 925190235 374873774 656173440 637023321 662387285 747159981 362134178 340829574 703155956 299794049 166578536 714859510 344569801 164709413 147991773 352267694 634351868 718297158 849152481 298525351 338833348 369395144 376817575 358093134 3718384 990341954 730936887 909726979 981455201 188719997 629916909 193015450 563710605 228752888 969057016 321258205 859727614 607936871 684305884 946865927 74206417 780251696 342694897 205443914
