108 24
122861715 153000292 217011546 4453740 411620940 166611605 647741176 951671079 168122775 252366673 249128544 387579558 926732315 761208008 190232052 381863778 235741329 201737051 176422502 760871751 544433479 660611873 402575678 409534775
554141342 300644965 301232472 892246917 705031564 852170789 527481699 933668475 850626587 748319381 91218531 611213524 67440104 888110490 125961775 752754242 962974885 923892048 789592051 880800745 854978199 85465221 141393072 675442402
781619992 375536443 486904759 298899641 772096790 880039722 164626226 191640560 504229778 409424443 991223451 750025850 846733347 420974350 620050755 291751488 289394033 736995189 891375821 408487328 815980474 123089655 756181424 718636008
693764431 497788750 964199864 536806368 389300504 710417641 735550085 714570301 955527436 398636907 408466954 881745455 790951098 927250474 627281679 173247956 322389956 249693361 15121840 1825986 77028446 18072894 650829277 806854273
132626387 150940484 469073880 668845838 737865984 329565674 919225529 228338010 546642648 786160779 841587437 805320649 133028574 350560565 675993267 862294196 321281966 745116970 890889886 179033319 936396148 8045409 948710934 963016227
421280371 190223621 808548310 143928221 211498367 654097909 157770351 807392893 84535939 849593667 363983556 97495649 459400445 858939317 104116876 280956375 153407101 545795143 15651028 572981478 506954537 818281639 678339194 113663878
868981820 694443448 305245875 787197987 534653059 210255376 179810182 46983710 939026654 178134649 883809870 595141196 742503109 517693043 461097531 313623413 550506688 312411313 933201618 335315158 115839214 21338008 413937769 13350560
274459007 363225027 816919724 139773558 605724474 352605313 96964379 624032243 386492920 758334549 878002569 279525666 378395943 663846261 301387934 538093316 37586504 910639181 307753558 219352078 867156848 979031033 218188929 656186024
688760779 818212558 905724737 6635951 678030869 856610001 636906894 120809715 43075359 937807934 870728117 529324474 122632272 853659139 526450645 186759995 433540641 248328258 523141729 734043940 542539936 953815251 726261409 468069909
360782830 537977791 666238768 3845667 297776833 31396806 913690239 920805206 124881123 187963610 351507793 202696747 276046257 972483234 207495997 426574866 504648348 367197432 943712048 821176304 281325995 638052971 292451304 80583839
121756664 353451198 81330810 204172138 826734126 290840423 882074316 107298450 981349138 811951121 996358171 645119947 565244407 173581082 334564727 496037567 889886024 974666262 396225090 869581194 601135362 577388106 130776245 536601404
811249462 940521777 362782299 536396890 814828684 875809019 598769300 293024094 318347963 992210185 321366804 162258226 890217746 367381106 801377889 887306169 479642355 298954882 112154712 857809991 319353426 776148278 725456040 469151267
744268346 529729472 744111957 71132428 223331144 987497737 705807159 103569841 4002862 532928554 500375672 348284472 778246705 830234354 708193050 472306872 892561324 499777636 630083439 204325310 414408843 324357429 641183903 999657676
781615313 761720914 795658533 431440085 22654738 184369496 564730706 723138243 985021689 719527706 804297673 562785266 858726340 764992031 54093313 987229874 315216067 174592290 593837255 230251208 722722780 973657488 330314937 751250413
648485898 690597389 858026699 59442254 33790425 973014255 528230086 638392586 685252588 498881729 458241476 832808632 60391288 39301314 337508022 552245726 976662214 840523108 558322398 933357435 222784949 700553421 491653717 623852414
414158389 425677145 296061574 245474636 562371277 693718550 746014897 239413822 646832917 625404230 545069673 403543072 6474301 465127137 161998871 655272884 135721861 501653264 132202868 213919533 514176707 255076531 368942099 120233140
641580256 86045660 205608405 684463335 551916123 689802322 939367794 521323861 708572612 939319311 35101431 753527043 514135106 608556994 935575618 315794666 942806030 214056270 956501384 549729398 231565558 15928905 845877200 321358856
275466971 932598398 275841910 609439605 542796851 781680748 5810857 479943814 252003463 612664772 37002220 37555062 562226934 588644334 779538073 132054391 287954609 261718149 653680985 932173101 313915261 728356311 919186605 186367793
452626484 527299942 426752361 906251407 819691332 73252969 270663475 801768264 139968814 177755723 955456776 33501905 679545608 990802219 635692472 16498834 974575356 654762587 254089829 638534761 340491463 537428706 324982024 130545444
402540603 550886906 304512236 182563082 581556157 814833554 353870641 713377875 480789191 453829324 982405450 527611307 210400359 567129728 365239167 747927219 663536574 865629624 10774380 212870784 253696643 868255794 298201728 917604378
702988670 682790113 933736063 658256639 548162829 57035884 557484033 345043869 922093474 626522030 925001969 691700699 717907010 353258036 319317262 505573265 527842055 94010562 530153069 172135691 296475040 547741135 804690421 141724554
287702988 908774916 457488865 223971779 518514146 691787456 893692482 751425630 997566285 596787351 777490811 738766968 673586952 943388622 675834051 464756769 256587814 892723937 297374374 737601247 263781964 742615806 340824965 953593898
947803189 625430151 609969169 882586093 672379437 14407572 746500564 633465611 664516759 183517807 321572776 451114968 951601256 346127894 860771389 781125788 531930025 895183548 450042520 543654420 213420024 832350792 554375310 917278705
492915463 214022356 653539149 625673558 696986396 526444335 228474324 685968734 528756624 241364828 777998710 629766035 613966160 609894673 863216220 721664120 644258143 735459385 26752511 152728577 538679122 62555506 888456625 993475606
644223442 558286992 859813141 763035924 416867102 386193176 780942499 630033483 176371590 528066758 614090790 580800129 92269553 893027335 665903933 192931949 817644632 367649408 583900637 882587453 906314825 529234309 644473549 298597649
882327909 200380578 559938088 579869565 63391201 513410582 34502111 419417611 22395657 741629779 611890741 515670199 312218553 646990720 770734145 879081585 427778274 745752567 319846511 152530334 967171595 317801159 419766015 963352216
460123085 455303475 540659333 776222249 497726550 208006192 534218343 447147540 474137063 269448939 818028386 403258252 456472406 421497153 333002246 665244603 825776781 694721606 803243829 617278525 684297481 563244735 554472616 903831458
74164828 959871399 865263978 31845359 307739819 246431406 528093787 213102877 749524784 122084021 985323182 508324761 529138873 796992595 816641643 561225923 235396135 389140563 352731374 146338159 785448176 469590068 702101862 769758823
735238046 59392168 866137431 493646054 887988302 508086293 710901016 356325662 677019442 714632471 389309014 56830131 839504143 413632252 769460367 943044415 7385024 476300870 324201368 881097420 452412593 271069485 75480600 551174749
727488356 407822362 43969034 400809061 408871408 889367597 155711295 505873229 436011901 419149753 523634650 894271987 919075017 712507586 182056658 472748070 461393062 554469254 749613683 805267243 606976633 801628401 57441501 370921019
142949053 642208551 168987780 892445442 763273086 406430206 163419822 371245602 343714015 219321729 513579000 457631662 771089300 642672238 208647378 971423151 986033000 616218297 247048190 424025251 53925817 26699271 939420437 799601656
905465847 534301236 22790402 93840022 61745193 701664717 903749252 789891922 403092839 709020311 456315568 689614204 812579425 32575494 526712174 23422290 572391382 871407559 523334135 970283658 350384926 243652150 946136925 696722636
989615265 431944424 512434435 913006646 905268318 448797987 758520097 802394583 154144357 831605345 209335105 846111796 4724061 810160849 302594245 776256965 751342335 446713302 974364511 718646137 722147480 357844102 395119510 120164654
930345355 982176300 219319112 655673402 830670797 805341894 114408482 39556581 950729832 118967687 853117482 577922028 90493944 896767830 326777398 572236032 273877809 343156046 48490610 957492549 355179351 878649148 464685790 926864595
238473924 565072932 497478606 18174521 180956005 180732605 591026792 813803253 805398845 414366704 605265193 10116605 778764002 137189212 341445217 894103097 922137595 225345493 654284466 77395206 694485960 436155361 447758741 916890292
475841946 841842234 592988629 417515273 38752598 320029775 921246225 392549821 216727542 469280962 657448766 720199932 892158472 867119083 589221667 374346215 533579309 808350291 186448092 851469075 254764955 802179898 230589272 199517448
943020188 132748563 608043483 877311171 491707149 198701570 737450621 845326900 535561440 683367525 38976168 710510273 315675802 629818696 752429469 259703745 970110421 338471663 293263600 257405698 573259199 815880016 106356488 167694660
828532122 3655318 777772960 322539196 336576826 242984352 578282057 714244498 527825290 481064575 501993702 26224739 168287495 233170171 940595758 871782591 197469251 7368975 135951405 821277100 823676003 140639593 552136387 824895521
708070818 447153643 337455139 254417804 704117708 835635245 50767702 774563405 677351619 393594360 548080822 598026808 869483262 459762124 496288371 595398935 665212421 820185435 963225361 787051302 660716278 189863436 805331432 771177877
203158275 335044473 146851235 897587466 810674162 244020721 461501122 350355996 176219804 988581623 300529688 361206233 691043694 95745472 76673869 478796865 105631979 951785913 108137820 261849800 724320295 857291520 434504470 167052504
895326542 450701542 213751198 376324173 247768603 516125811 785490156 93793271 185840225 759727330 722279498 895499803 614868614 70458912 47228121 613985011 160992771 980974929 492951053 792138025 455401445 743797580 479768109 530007648
498426703 456620826 214785236 935136171 73723894 945987706 894623091 740354580 134899875 539981408 723509196 910434583 293237685 851917682 400618616 638656292 734748572 704800906 391783267 880617504 45670751 76092727 566781003 290920932
448678167 575382587 468901188 776426685 432898674 564647438 719783734 368557546 999535921 327370586 984570973 903328802 554785706 314674557 195631817 850630667 64555846 528699658 250217180 356390596 767508740 783621192 436328399 399990364
103703029 979593137 761668140 824652888 708020158 187058804 631586389 331210289 485847321 202642164 933714172 386127316 946170452 364696391 562233257 852044832 53005264 683847608 712378680 583890283 970429059 282782022 744274008 228752382
277497974 56503331 283886605 787200148 787208520 685830709 656521774 680244447 965482154 915724184 687206375 136262659 380307681 277092121 256202297 43397401 379053384 131910333 267470965 911270830 125121227 436001848 366877893 670698561
517989996 728146295 103753891 57891528 1329089 576644375 490516832 133752107 838264180 452892907 290647198 237113800 125347778 870161017 262558422 466189294 156539133 185273214 220674004 607973986 213048330 356184166 827033398 936486365
668852964 295540948 92276976 809869707 995085591 969173536 642544586 853770125 358490693 853124052 701543392 654321016 768089765 756639279 781921569 652298964 246408575 283568290 736651218 843415967 450865585 10947157 735642376 637463239
754961453 80843939 46893873 621307571 365620344 8400281 901721228 613117371 630497581 369766523 481307564 705238187 665024120 83317824 291293689 109612357 660307612 735200273 36261934 360550075 818549358 545179086 829655772 597147193
138973655 591531657 854048998 259969881 964414037 60843784 896467459 132054188 305161082 442804295 538839360 484187192 86827372 650446836 872348027 87871477 592700772 743294194 315471337 217887311 417190447 223870934 258752144 723441831
999582896 197578093 686968014 596168146 313030748 76993332 282959312 77478552 755234748 963459038 852293916 659809846 117876974 589159378 856677128 664945885 107335717 521755051 141344064 210934321 905420837 424743094 300534596 208623050
689065159 267755895 913065191 542235574 905871227 87989284 848190161 690435317 449210817 407597352 903454462 784622588 238830511 762827682 90158910 541068595 569263214 609628643 766077363 794973047 390240957 314503668 674469717 758919832
436133741 233875470 646357617 430030300 435276771 238336287 634871078 305963130 30119065 17815372 691061735 853375520 335037852 806362217 925524988 769260398 174563599 960495747 656580096 461804153 174859687 204976215 268066404 205430089
414514478 676439000 601243627 656810075 730841345 197862572 735705644 358647583 199510674 678716592 688740884 303309947 862391782 234476656 521913953 39680326 575866903 300434352 409687079 449618126 894195155 943917542 572666703 621197139
67493851 121063612 664500499 221600905 974944133 571080851 568061060 824593946 550557499 871082747 736508164 101650466 726604026 319033660 544192716 530374065 633736916 225221841 264655719 34202445 863651694 628449768 513072693 947261805
383140995 545140707 14196457 118589183 604914527 392692185 469378572 592802274 728024932 503364885 364052856 395723629 358621320 63446934 410293981 690605287 273043413 789127822 980500543 747334668 260424680 155595492 228435574 355914126
461191539 28901298 437974444 877922194 950109628 468093639 549450723 416903727 257612571 983063333 398590317 513869811 416526208 11293060 100406130 814360669 403864810 366618830 742054509 863692388 869826033 769185441 299992239 90274030
361880637 938712528 963825883 337050970 407544076 179438818 95699560 459379191 26180528 3373201 283798051 832591498 34435087 754054221 891396778 239024844 101178658 367875255 818629873 577445098 713383286 888050214 601629889 283542019
141421486 830628645 415760692 953201326 936498430 79820531 361254715 330771825 364603826 518862337 125311512 51958091 403957669 715126392 780528100 718911019 617536714 301386929 354125322 505713526 219521447 316906938 696736714 455760005
554316245 254419928 554630839 251982116 105042561 781026559 198896953 568849941 120319214 870670684 419861260 829495691 659944689 869537740 329115071 907440559 864060788 168299618 503589687 629762847 403591923 221874917 442968105 339041130
428468738 827478351 182685859 50554261 462338500 81130063 324238979 577723545 567640181 675352520 784252414 876165090 584334306 290173776 108400667 702865361 374766572 688691378 241749302 880229948 829255945 651456620 157765502 104260841
988965059 553347122 815228790 957246998 141202487 867491689 30679159 8641268 55130262 224574381 269747501 527033895 920842151 132639563 288773142 881225800 844806211 747872199 336288263 197965923 85840600 243115096 520257702 230370937
553201127 313194087 853777136 346472447 85470343 654956564 967430581 556662878 914791647 747342513 419272727 664300401 763978415 283686724 319884303 881398282 467013064 829852425 337171176 83368044 277670543 343119854 969702850 552733906
955182718 551939862 502584336 40845799 385149091 467779927 483824666 722274125 663758368 604672444 772625788 671412246 172213417 343194115 608289189 611254606 304420617 773352735 346551385 835445871 360647581 76744631 586038320 689462762
714005207 51828390 247828245 686354341 558877628 51594105 354542791 420254584 99453543 157619956 802373979 490869679 453361284 176680333 226912696 339238283 839941589 921774575 422679577 231398849 688288433 519048569 356682895 753952505
815058048 584067261 663741309 724995664 132350016 756680705 848748570 930019286 987781379 563324865 560760562 314445073 336505967 840004395 688605797 891699577 813730620 826885281 654109479 252877562 658845114 155636283 380373182 754164853
895677512 5613122 463368 54931518 323253726 497963958 844801458 735613599 528335492 303519945 452968129 132938836 171521497 998134626 984141069 122652942 18830733 600231324 781716417 1695728 66458598 738439236 218040797 922489877
105439295 940923742 993953972 518530824 268473733 48017056 253010542 961083722 585404601 826417653 686767751 63799503 581393264 189793787 340800590 379486593 531658838 367269510 400925543 579871164 703563174 70589211 864340042 546071248
666910644 411782005 771580098 165517699 882512739 626799620 879262830 763507852 941410479 2492009 769250115 141995289 399599909 322927100 455689224 558880074 800896614 282837574 731625688 191592627 652417704 660001159 153942948 730944734
269360948 564670257 442840239 799486919 970279145 717818474 549668112 791056990 779973304 819019407 772736819 387291912 834156582 540061612 38978392 153759775 364184013 949186820 375636499 372420205 899727835 185533327 716473034 339645365
309200017 38050423 992150074 585058603 993223365 558304154 130736371 181611510 438599776 404110859 917424599 100909493 786095329 858972817 417581727 931356407 962982361 273701415 58242646 798867393 729423725 128688250 815726556 287980045
285612247 988867182 50481252 130543685 35152613 138198170 489669110 275930572 365548153 15094727 216961518 672905589 400169735 673850740 349016955 83385866 684299034 559325269 970101281 157656774 696882383 167034576 480513591 557493723
746869847 738845566 41655146 513980654 33460858 875020208 351093048 789641622 832740623 379343336 311504758 695982560 69639557 707925083 295511755 231107790 876427102 842494838 603607858 142101203 631508654 293955158 718641276 666472536
142220448 740213070 93920460 281099835 186980337 951278693 555478297 822017099 482995059 746129877 437191087 8729037 546556044 748619918 137276590 628852218 300811188 287899824 583422090 302905982 703285499 847204373 505175689 285892603
181814912 74208453 729278792 151280260 13244155 683957631 421272375 730847778 238458420 359689783 526759192 986763603 811795337 165375634 225188996 744179590 262323308 881434731 499718246 893146528 116812003 177402962 987310461 935077498
654911495 496556552 82782430 943929696 161298565 664471301 174878321 258292371 869053216 210122994 351359343 342307784 32054573 191663663 931681514 836662440 500366101 103514702 692203589 884833614 619957462 928607382 518650808 158781644
854186627 488530561 883920589 202805158 345287871 37732414 117369574 554679892 323578182 476725040 678707636 634671045 267983205 762574444 815829953 985826775 44985981 447191871 509594856 658684384 461177988 147813286 156541655 27340072
858000003 577559253 127936916 696305004 671882009 335406513 228115957 6676317 850520822 478206805 855670310 284869919 340848993 436024209 101928999 963676875 573916339 203542374 658733644 332122349 260134618 492891019 68048827 804805894
143805911 429064427 376352497 962106891 673430080 858434853 765759550 150141156 515917247 712828683 831105604 382104302 21116816 226350371 327848572 669576314 760394503 192246825 504906161 578712395 661530120 33591691 482740866 245889308
430845325 617379308 908617188 810847768 161128996 73255841 921046942 253160288 175092334 897187127 143653068 510717321 7829921 71148011 866976861 167689499 292277767 932756016 855588757 750679315 533008765 692188717 502581387 233445729
673384437 333680188 612330156 802958187 480956916 903566189 347066166 20762760 337528597 530677761 428399038 640102534 170076804 378671599 667549355 274333733 807042947 690211682 323280824 590726554 885560296 19350840 245905014 304692493
941377181 602525573 483520199 156586267 911240223 749321742 845297509 149906772 514391808 679508175 163278425 896387774 12077158 259781749 507004292 855682128 259626633 60839141 457983769 335415160 559570232 23086515 848794657 319634582
903453781 370995372 683523318 300174719 53076564 986432589 721758152 669497850 143554752 202392137 372709659 428035142 275755191 105656326 816221767 309218195 871823721 876276000 97813495 318575748 204770972 434819045 493815466 738538419
150794539 458115032 787107637 136255533 775894402 399882799 868097856 208340466 677747236 15394901 465815492 759945334 63830566 954958440 222781843 116390691 612593073 451292092 477499344 190675413 275774083 830058838 890894451 901133148
83084399 907539057 206040774 52550142 915284952 359111933 291033578 252315634 915610682 336031771 236756819 71138789 1137314 274642082 566755656 269832569 454123056 879049629 789403492 707112386 964583580 611692747 465273112 840036807
600245423 224978206 61505062 634854151 247110341 522251580 478492455 988940273 757245266 950306305 932427783 394443882 862658394 947550459 189589636 584871499 191748854 231427309 258077362 916668897 178973142 310127181 152158585 527287404
647742394 107228613 79490325 887329952 983225592 807257781 920036246 679477542 583025914 715782063 958629214 594142492 28711612 18416890 649737125 159707281 910244178 862088465 225931512 715413770 808701536 853972769 280184246 119614976
742554272 713752462 590650002 482294624 156162656 264045166 958703380 461378057 135395329 729719820 170907160 347186769 859249785 555131751 112082509 197953665 722435026 784915120 399907510 993525588 737024425 901250000 790993197 87777916
788548016 6596319 354861787 838213917 89293356 744176302 254184130 186470992 618536055 930044734 129253939 673907106 769207679 533611079 566318424 682978194 405009989 717477810 302092715 551210518 652695136 300894239 765448829 895015703
257401463 706140512 870481776 417828592 866958538 655411452 912454397 506209011 907948458 472047789 97165040 203154916 364712445 159482594 770352358 360603260 760557499 570511678 618292950 469452775 929499251 329210135 906051461 587790406
906738119 556903416 533313808 530504494 474142187 243304991 579240294 168237096 574024234 365318400 916864716 83563823 290422625 646391232 60614743 769648437 93245058 741097914 569463413 653236382 430839059 968111358 561256293 189278146
590975916 971806925 288981946 176575855 91417725 88800286 563602140 933534054 443204549 911489053 365843334 433918170 228265564 311594662 327259721 724775668 426564138 998052558 267247624 88288593 658281133 227140443 892801658 344910466
532104056 463816519 702649004 242761354 963460782 66951745 784934780 975968100 597250955 828316459 937612319 568518523 771647195 209876637 960224923 573520432 309978497 950839137 270141006 746592856 379093746 646830837 363183717 181842107
28893111 938500108 585425510 303505558 483242991 867297549 344831655 490458138 329360842 863395986 721728724 930584299 775691279 801304043 125280877 906736801 716989079 275852697 948703045 357783882 887114447 41758163 620110340 321276390
909994042 752612100 264361126 271666922 63844077 674724938 580993274 950085310 875964434 833360889 229860133 37098559 17273957 493916182 79013916 61527869 905554106 704061149 880234541 279652606 692437109 170107196 435663735 348961978
38156304 882845013 892404333 620090908 425552793 60756224 647761494 747384263 630686513 861118022 563656656 542866383 552671118 897028583 20184905 148610108 282985082 944470485 693055877 201618315 909356881 570983351 98466331 443908908
616618375 861583207 715897336 529574917 96758560 613569396 247870426 898773741 668615990 18456993 353603797 69473586 871425655 116758372 715471058 378855700 777481125 960127080 297885963 157529671 752985108 859786507 316100753 537183349
318971438 193464545 721867462 123448762 17513970 45144879 709738467 404257062 368438641 250519409 564517747 121431359 404815185 101791188 170468566 703878268 525213514 303550396 223818687 822392267 793024683 780734528 513584311 711992076
670581461 156081833 346811288 808639891 278716863 472909047 299114514 532173994 840340081 69369436 584538153 94044684 721891721 414679486 751163061 154035308 508915641 105784889 331146720 756166124 562518598 612365723 254030252 726129318
649530763 215023847 44921451 836751655 138232180 8917715 910313797 136372974 469385220 319787081 761331893 751642354 114923471 99548393 936986380 789564953 208443008 803427718 637224173 574987714 571977045 351637157 236410831 585792060
550087070 224441601 228127359 187251532 360190785 524513290 908632987 395470507 216622905 176419424 46734871 156873862 156369426 487297629 690944444 17625597 148149359 956544137 834903972 449005988 632826245 792205347 27439808 369129988
764856221 5822367 682030162 374422555 119707797 859685154 747648115 370240472 379261024 377431304 287459470 386647200 744209793 411230815 429370851 290103756 126158228 651273577 535946757 406743337 953662406 294295070 702585180 226410870
26944856 341745320 14673316 219922665 697620512 624352229 125453420 358115755 872502023 346083816 421448088 551120471 610990732 521444983 799187424 373912191 230915391 981011855 678231887 626406183 56352839 908881884 963563460 342708552
249769949 864328514 837301620 831009870 335256015 405542743 569273190 680966299 830787582 990599654 372416502 249744898 44758240 107915117 352442194 416864332 221612542 735446943 852544000 542094774 124323447 411079140 745264470 125631857
122889596 673296340 28573697 818478113 321341138 623825344 431269503 425094239 928805203 905427241 928661924 897306423 815934317 592781126 459798809 702248107 291389345 829878659 795577816 442148910 692381957 620412925 441660082 30087465
881396163 761111558 812394185 251671417 42660248 317527207 513971222 804523503 568580693 337008921 933499876 567695567 715760226 392488779 173427539 193174609 681450294 345283680 887781334 262824228 737520096 432095534 359605685 995159270
486193025 277158591 58689164 50758317 683370959 556092115 143341002 254065537 279401364 614302301 819994931 92626143 711172397 856543746 615067999 751674168 503034636 914639005 552247864 116574831 229518903 698097598 640667008 908728927
169290950 633725990 705728841 686660947 128345704 33486924 348716155 693661324 659775711 111573723 404890449 807579839 342006911 494249778 490640860 752788628 584301747 424494050 742822015 816439080 885013113 63329588 418662001 571732108
339817697 676456353 810611774 793304643 366472081 279942743 747988038 932169672 520598340 476851643 559818045 190440710 626607686 264242145 257470633 822864094 518582010 639536918 500745064 209951652 860251732 44856919 78248999 244162978
