108 60
982286041 674380053 677848894 207390168 78754130 207709481 678847754 811028333 379394163 748239636 750424035 149664235 271380338 850944430 593230760 141042145 123157879 33209567 268405099 590521394 952368159 89815077 798268402 225777304 898816507 507946258 861215801 142057500 207066895 386298316 945165806 304102815 138545491 943119756 709245428 220224597 742260533 787938079 21690081 714665541 511294485 211728744 4890495 648188106 294585544 701405660 765637454 211117333 846659094 282157828 223950081 91338920 324657980 788592895 528686333 737903580 753000555 780001277 118111197 790329436
179817799 471338693 981212912 938803112 674170216 331277104 881963193 962449811 848146140 728132779 379764590 687329478 541118115 433856697 323318138 158112571 342945586 7547247 817006588 426071234 77560049 738615287 136831302 458000255 313669309 705869069 888401246 538422890 314616423 853779333 748185728 63372749 48131378 776023747 516897178 811537866 742105177 668805953 131602126 750504659 574069639 149978381 845962227 882217520 145469789 469432392 107720981 284101244 935402479 846070184 56716529 849941544 491604295 90896118 585489274 546861047 99966433 963742609 636547671 140941696
106869549 537969898 673582946 117014448 929027089 149699334 114364202 132349253 441540964 601997567 58720114 705980244 538470004 781372803 148988848 135824835 956287361 417306963 562839439 417278416 491620927 155512262 621322093 394306184 664423512 996667203 17682653 549490513 400986600 279726538 292839719 405084769 177959935 432363372 513979843 840790340 277592355 480358606 264077026 238797145 322731979 276505003 174320613 513310806 171181797 520930639 662221283 144328384 47651409 337293084 983871528 283610740 161556835 728072457 426238128 246637857 921165157 291889182 35892912 614929099
898141714 869767417 2843406 307198538 964065309 965140556 642481380 804475849 888135592 252434268 417705985 611369799 202732237 904382084 662972263 913242393 426332185 897045424 303490510 867154534 945633036 408711906 144858144 972531626 370602650 357203633 362682363 437238579 539564972 148543173 203373618 731381159 351496096 634181724 428587852 490783356 265297093 273774792 763665924 286576255 576271072 129929711 126459847 201050190 155594155 961727178 609601849 855526110 428341584 891209190 217338032 582239733 275390706 972954598 386963127 875806384 694344996 88252927 444291213 373035519
395604591 404695162 411514532 368054564 430908369 297784117 367691042 192965176 504573241 547832867 143323747 65089190 768500236 759470535 84519797 514635694 786990499 335112637 153097370 486805219 999813579 232268594 500955082 454404270 986151235 271419751 365090606 380519113 384128065 547429937 474999206 273467076 695647470 306132092 44122948 701528707 620094949 829032643 489089999 574388413 927745208 723982746 756855105 827440511 40578667 868942373 897088073 462330024 210237431 504165534 796566730 659146858 412089544 684036818 235633242 87156687 17888576 388039844 222643396 588285746
975463730 451263113 809690246 505714882 162323047 530914827 654818132 548661506 95086364 851023431 713551507 631511884 462949506 168950894 499426783 759670345 816170301 854521927 203656069 517490810 86820326 49241772 76447498 527445683 388594057 870738440 748411298 184458394 276526632 428029152 767787705 133883181 635232054 685789767 828032110 719597369 426506268 222968935 751992339 866217443 721681591 96787199 448339631 865770787 465480152 905718752 349433212 936787012 911239619 615979887 426471017 710952038 609948336 733084455 668795544 923275516 294961998 460067348 598336737 787978831
990587707 609534296 552695374 9016312 934897549 501463209 674658461 393416042 843806540 195000529 525913281 95346278 298780661 387623981 927056225 330552708 596722169 589941039 268622680 823081137 171834683 996981469 473194547 708812203 512828822 353173327 232238774 612136583 327391061 106742324 957110615 294698540 85916601 542417230 735259330 700015318 371553655 137088241 142449747 117973139 876003127 472187528 674355359 850737097 416640022 615069456 10142187 191286702 425306149 751205276 834369715 50837711 62781159 335966159 606492709 867627914 455374807 124375653 494683811 346113683
418345696 941076394 206990917 817681267 903573731 645618177 698562389 898010884 907042869 795076190 943903953 997812726 742727966 125700300 323747052 379576142 609207898 349834473 979972493 347290850 855306140 31278693 546854094 746806238 738125319 762730375 999964030 387517249 667603123 165532072 846491552 18694753 769584942 99454389 905346794 704739683 512800760 420800689 671852359 6026692 308513029 229229105 443168085 556805331 967707199 916427998 344701672 46730804 153633794 227811574 31327109 981317214 631878046 313282252 164859624 745079070 142322137 197030212 789105022 856365586
428226410 692581464 796579051 865665839 267966847 685345173 722718342 118859580 545518136 833563294 210811864 308928084 902670633 956216232 343499553 66467432 865637852 148081149 164091859 792201147 686896205 813311609 90586901 341686628 424782188 85579792 733048897 299526095 295811487 761768518 872497510 473725244 740302653 729317813 756008390 289698367 517413652 426308747 353143897 842176062 179059427 818787081 923087433 460932599 657521121 393509893 178557300 33061879 693426996 885789545 979657966 678062371 994767995 46828721 282103676 541611827 669659205 401626993 513721881 760965426
803259032 506212301 551202421 460341248 546492267 191442176 923735921 502054608 861839147 444595158 215998372 366498218 613943098 540724017 378206681 705266666 379826283 269425799 424991631 67031231 681813896 639879778 788103031 950026669 894791628 926901471 61945338 911684875 346041194 152863280 422649777 749371526 946593796 543794458 626420715 886161308 714737972 842578807 161198378 986817570 955215110 903607478 726677926 485783743 344042620 243019862 313969096 427066223 896879625 882182254 204349616 193241600 607218711 638700072 589157040 113449112 344312705 378487362 489333711 844389421
773438489 4459916 227181128 627075851 544568611 751230316 883118856 369690962 392720856 996881501 667447859 68168566 585047525 159946347 889365407 658417341 368010729 300313528 236332887 307643332 576044538 440031483 189569561 666189051 582624289 17979388 403127769 401942308 163167961 804662809 730672188 285787096 199824788 807410885 886559518 840300034 346790198 190742531 22883596 107580002 414149784 155981551 787460555 503890955 658533638 828357173 626460879 634949349 594129602 506945176 149462980 392006188 214574975 134424429 428009737 800269039 989782246 258458397 925700656 346913426
267361044 854962599 370766464 235354444 262086426 655404315 529490291 967228074 930937212 13147680 897769272 542345226 343187123 546787951 304319794 867640609 388789163 669552469 987507831 118354037 352727621 729034293 187250257 984309732 394347478 486167300 122300609 299602204 905218470 275213515 205333239 531489312 26874227 187694121 851462107 128596425 819766763 65210830 190347912 933897283 7918389 77138689 462734539 347655052 80189289 868395547 91756456 152993784 623287059 379773706 387626454 488171695 345775028 703288271 252362302 444509230 822417473 703009536 83091071 504394434
457567650 810098759 232664941 460158736 979318580 236770529 938633614 365503120 631535944 859711007 711427484 994486797 159690658 906598376 369847045 345830438 706681338 989285173 510885998 379888593 583868030 139344532 241568300 201063635 738691150 508592295 598054601 858752584 850557439 925765282 205276549 779508513 892334105 826581199 238591186 67438241 391715737 365395725 50861783 378613984 977433712 473925965 173640687 10473288 38976001 308375572 940302119 528393499 136286631 739420925 693353667 115207146 450363693 156086068 32824505 838541343 560675668 400081915 152672052 121344373
475656784 326198057 567032082 270924666 431176267 301704101 363507303 923151892 129916385 557582320 849939704 731827193 230785187 311375001 164530881 895211829 566853012 736651462 389232240 558365096 359222703 323027121 777784295 752617349 645352542 729376809 32033470 834121173 491004420 61080845 275304126 195691762 288907381 497747413 443254375 625430796 890450809 341018121 829740395 635655847 430996301 81937095 916350769 763335451 820600097 405944641 278878035 940406035 887214490 785073469 307826208 626007311 813326674 280010643 737672986 748731874 418402131 995144371 251609977 625607476
949330336 567334684 701853351 79664129 846485933 618803686 496479426 741057815 295237857 896116537 346571038 757012892 6770971 2690772 394001600 994465671 248817962 293752967 855525092 703893026 69940564 536058553 476566903 516067471 207941584 319347426 778122141 93363263 596004684 886877714 923412524 380740988 397485927 427447145 794221616 722750944 534386488 238437021 411004261 556678876 669335493 223354487 546887360 106382899 616740493 123387733 650637031 257108092 982798335 224283050 739811508 966718371 110545409 226771066 934272438 198060392 306513514 59965407 174276271 624629726
99541895 352442758 929715223 736403949 29375642 823386418 496922775 846816210 928558678 964216632 151588240 83236250 597451621 197344002 188236690 74718634 575644386 998978445 167832293 793412922 60994271 956932074 924883459 490759893 182614752 120576960 750663707 724187354 479611486 384156616 367066512 830328830 196283206 380484688 629182072 214238152 258672759 826890681 71649566 247095572 188803656 903264505 13665409 352740497 760901375 224927770 318613203 899335491 572553051 903610041 695826426 492292353 837205771 328870536 517210130 11066616 973090100 787057100 969763304 744303142
216658159 898555871 107156865 2756063 572021192 121727407 213410961 988469836 211654208 267566653 563986693 918462183 620488780 185268512 973043066 785134849 671249365 932588288 787539907 752586813 923238198 477842459 794320230 759539986 395839937 384216259 430614559 77835596 273975354 527244765 598483549 713865355 240264538 348424035 795947968 879791298 502235725 614383331 359063969 871880377 646670133 40292351 152013194 686655116 322740645 893435627 675242937 311138347 8949542 5993714 92788130 31496664 593234357 176413426 156634730 4998315 875554883 963600859 260792685 909551889
918099764 505402163 449103032 638478665 387355873 287115669 243558799 699682278 939792406 351669549 847746281 354497616 231845524 594882622 858274799 149538114 560633744 397091740 13889665 945205581 192181298 152792370 594985904 487105364 746682903 665676414 336403525 31816463 395507664 293117200 993519929 595322760 326522721 44096783 693688379 748261792 388756162 765747635 280696877 647198859 790660705 692668364 989446567 574503504 783617951 251023418 349121907 532499018 116909902 707763314 377361679 283171241 127061050 426651904 101002542 178464754 818214301 316554751 300421175 803521915
132851624 252692386 980092613 896184304 168024065 194663087 966274085 685595857 260414527 529336575 792025307 128955889 402020976 22790656 911297309 385545209 861113749 894032691 986838358 780957922 425551904 592125102 346177701 39058559 395032700 560336282 551887195 881887985 782775173 680926390 716650369 733243184 144430348 307316946 45055823 798755209 246665300 303145301 516875702 844741147 256833688 923994296 352133848 968901977 732541315 306848009 987040394 919083659 842273206 390717033 647674073 884577868 408883525 408056206 569365122 769907469 68469306 14359618 107316088 940390801
241686289 131308514 711040353 272418671 925136698 132762591 912380442 652180884 757239707 381307968 918667311 286325438 263802635 479029791 658427235 203667970 406318296 768654376 854921006 576389446 604705090 368598301 144256314 30644167 674407934 852711508 236788198 651198101 678411443 820163639 813949123 833228562 742177664 690955459 105826073 57807735 718618997 408499722 392137827 835379024 687452949 941319857 262664910 135706618 556892890 80492146 23378367 258473772 707184561 563096219 972795466 85309803 312869754 902636686 194871739 333202580 698708361 792552511 416177169 310751830
15105832 524217529 783267966 74158261 600111635 863069337 37147625 211257481 800254714 808291473 552379756 759303677 567791618 837701095 80037077 401944848 407199044 176345843 147573033 107353111 338301261 67376036 800831261 912874041 401432477 83843068 805207452 880997361 873037096 957191823 595365444 391146896 909849304 870908168 540864488 877379001 597950984 112591013 397319439 531902947 589292810 457473718 985647219 425117915 383804323 561780513 595534212 446074175 71537546 900305633 545685731 118829060 556551916 692281475 491294951 161773296 303700715 476424871 556701211 596770592
762531354 280411781 213363646 677967748 696258307 646604901 414893121 605058398 997895329 659259430 372615629 20104903 245489382 289312696 135731387 620502826 216897334 393673122 65889817 677445063 289114346 278518141 629554732 581015089 980955599 988421750 196894440 408094417 561506980 22035920 374247034 869996896 772481951 827217760 658738623 796013425 52984041 727426063 264679626 687570149 75043101 939820636 15700322 370642548 147013581 25942231 929945985 438047275 475683837 771165351 283027926 329013736 283774118 151820293 725598788 408091616 758693173 607858879 344476257 907830042
481801 785864374 445150200 121834482 936612600 705209440 250535815 518922391 908186058 498175302 708886210 102652812 675273405 600538247 34078478 401135147 437375231 561834836 369223174 716816157 277076279 657713010 816948218 860223715 902435837 857876411 822254699 99573329 837812830 939407517 385065617 244199181 751951961 960917657 365265877 427315732 648738660 142883525 495474263 130630710 908333287 1030475 94860649 669561493 84045503 909694440 1281553 350302506 241502141 62849646 606602635 400452928 112689189 870656322 345089477 712713207 568521264 283597790 381298658 346750658
912716938 896422224 35931320 869794793 553855700 389939385 773530962 630449928 641459747 425105872 490365806 83303822 802652031 223431517 750902271 462836543 873222757 610901438 561408940 180744371 415131462 620569957 73035087 143554005 269714438 54215511 43451512 711690340 918440573 512015790 701444584 232697461 767663865 421936153 921552918 918710511 955522746 823991383 829221293 621738509 826891381 960870080 809027596 740240352 701312722 582406844 111379397 812994251 240808686 954156873 404092190 878707205 339390170 281442169 409140883 936118810 67676698 957997809 357656402 862310763
919826982 790348396 959242685 793523369 177065708 385521206 954884588 792990046 295002444 954471090 515364904 122159204 255775643 574608085 868550001 818670699 170935841 116945064 984058361 914340472 416960411 490409417 850482087 870455392 155567033 75027434 696454805 892805969 94301601 874285393 118685075 726952010 424556650 316072279 813418145 482603678 708763554 363812073 804478329 335998582 563687369 72102154 845132802 142056779 764167892 414548815 177453790 596953200 716949674 777389153 899391965 204981638 389689258 686523519 437729416 687801605 519910180 864777721 825476247 818637498
486573019 477857206 542628475 916079683 882055818 275785647 290001365 497735573 464037979 928737138 855138301 442973047 113662321 203505824 47141500 934452228 690919776 182270319 511544722 422762797 813706159 478609192 858710193 950537525 535045213 640898218 618563839 18714419 301804121 165673189 340949464 158542227 177145353 432601952 553406794 494141589 695263172 419778740 26309272 675015373 591942232 425648911 284560568 124433313 386760581 130548914 136720085 289127374 449938047 837088371 207259853 375541732 918027376 383371324 818188723 314121925 8067315 298023306 223145038 934163498
851680410 399038447 9364889 237347614 626136426 455510928 486047041 882005633 80667482 542594471 631531050 130544006 608703192 798149890 4405483 222173749 482713923 726366338 899636301 590488042 188921713 226017181 706917327 319433684 454132267 696694493 571719717 134987639 993647789 838385759 597326773 467790634 7099687 981046357 284919064 739624602 950935358 109185412 765240735 277916997 819272331 777694663 411571148 45231360 641188123 316514954 127420884 607354482 382627309 310346575 819202084 186963862 394759543 16847917 157574105 200858173 770830882 807007820 365041478 508607626
600938697 424214634 138935922 36799860 554707262 703176537 247298455 769191239 39441093 616051326 282909093 694616099 75963543 230776404 933605052 526153852 127751265 990945511 107965621 966401944 942257346 318904410 780095386 364518420 592937424 414587745 151207978 795933280 982733204 778008519 379087958 439677758 410689673 138651882 241991623 339190343 493624865 734240826 732001877 100267622 703971136 135359934 322019985 639111770 965466815 596519054 910322236 380814649 261151722 711563610 604135118 219639528 740685571 90113761 365748208 69762211 573615549 798952059 93998082 658855803
672259009 889340560 624022678 22676691 383830316 626943263 958626547 332948707 551633167 681773624 718859923 375291189 484469742 62783106 645211045 511043883 27039810 417099190 236305803 643751031 529112823 95832353 43413341 941424544 333300206 375080486 486853221 4586116 995519612 190138042 185121953 68775121 550358506 901268967 791983429 79805578 429277171 584873545 556454198 567448200 147571016 284027028 311107983 192152822 843086863 6421516 96525856 753393108 185432160 727557387 815923178 116698486 402499271 383290750 799347620 879701250 606051013 956881769 928529977 198024949
666244943 37566303 102710600 728395167 14804301 997892362 816365987 467190178 527649308 436137 461281744 339497591 618575885 226101901 245029003 842238697 217164516 237649307 602052418 318627223 40570457 248923085 519871640 214266230 370294938 933779889 318515426 160117326 137503943 557828584 349114029 687812920 907532661 744400296 656933174 631014182 603929388 336240443 4473072 441954139 672989417 442817150 345666050 689102831 462387357 962104163 504150214 656482380 523846059 241993839 770153036 710337972 428109678 490961212 698519764 818650552 269547953 577432312 261047896 820639938
953504565 148374757 372068608 325456012 740057646 137219799 995090347 343036071 445846214 718620089 332575853 842778870 392369049 768357384 684774667 575097904 143978040 405633622 53056897 164016225 907551142 723763656 983100028 480132457 664816350 593977497 747969505 511274875 828323659 846550677 827047748 162402720 330043213 382555551 274743410 413485618 712997051 979996203 401429479 637801313 893560156 87485892 547817816 569062321 718354797 724085639 121214507 1067642 908209694 393708198 171684858 363795559 114423829 308177639 341980948 738081272 589094377 19993379 254002428 262696960
505750184 750725575 13717224 992367143 76981841 554070870 116437571 580439912 149689435 428702948 825825067 36914324 36566061 692204701 743180532 465005262 656780195 774804028 275189923 236167694 306559888 885227924 349421427 248126366 946346550 120864523 8112468 40980640 424922575 847412250 42635111 898345093 762598664 90673614 196073091 579167127 5281665 396600138 660367283 403054448 847042126 316600899 859563190 18945921 953009785 854792578 849870974 288669580 280335229 926273382 29497265 481273899 695228876 730410591 215357739 923040071 924330315 629191028 308232826 481303713
914265041 585711294 638614625 563366988 952543147 561461227 583525717 277216048 62493211 487608508 832847363 497264009 875860948 726959495 152823752 386916711 830801280 245752245 526836535 691580716 556695610 196460101 590348439 164230161 375901716 190449224 520374371 497584800 621405331 937338211 770404296 616132923 835446062 579180624 172256042 779806868 345087954 586368349 631269023 506652211 264276321 921513195 515097714 493219060 575843886 668825584 796630434 770460550 563564162 254807670 188860000 582788333 120918811 620097049 146279573 336018688 224016296 650595469 398512217 260552427
848162126 488430614 970389629 481683375 699268902 343766031 682169602 354658461 682077372 266469220 486315424 362382815 938963090 562240279 666787392 333270255 905175195 685895870 965391234 918880030 518922944 413472003 69918520 773718543 164444510 324040739 614425321 261594169 70265798 85590128 739541583 637553512 189612220 182756047 416305113 540929852 439728377 764712763 811483946 148100008 314214825 982793536 404911000 49283956 255037678 265655424 564057774 796249276 690703451 556386610 767659690 994820976 662628729 298477214 667369216 570924498 667264069 616185250 75256533 245701370
263476656 711875376 624177028 133648213 110895134 885849805 930704669 939757858 133343208 367130900 427247841 706161908 178182106 262441521 372414407 920891955 155668917 433113191 537102075 15105434 483117230 266782347 479229017 844733370 307264493 849788038 970114294 832510326 2497807 877937622 487222168 778379909 421506213 808863757 702671673 246119412 698109107 607585617 999525256 123472033 359637298 126168283 80431975 124477889 508030094 720014200 911195502 300567898 200739368 838885387 683644007 251851978 716125909 316703241 904881104 209080126 332774237 535860219 421924956 610589756
162539261 656144383 422479474 96559642 145370085 56601160 294394540 811143812 945393595 533917082 194841178 997431034 177781783 851167695 679557629 880403791 668580101 418146900 980418508 399065643 481795974 993297068 280804914 75046282 613468686 733324012 490357325 973216060 817676551 704793149 510851185 286656867 938504013 861078366 907178147 908955895 388694193 775520032 696515871 131698245 971215479 341535976 443975379 70225772 609705943 425487152 412597217 946546911 429635711 519997445 944227873 150759398 329399055 540507530 624224668 154318108 270654875 860734581 53502738 525833458
881160749 849623181 516525173 139616811 293104449 159357746 715492716 707886686 377937480 674786773 344455633 15087736 753174565 39200379 326611507 283195703 926769587 526294590 654699093 333942703 540568124 159880140 81047981 551821257 196440579 376387046 355575782 93174463 273030844 14001634 927869278 271669666 354970639 520791082 845274025 277186516 803433496 815207099 536506380 513749902 762191850 932655015 153707523 214513755 406048263 343264147 944383931 558534555 394702569 934297146 285090456 119105794 279913341 154499816 497542065 71320342 542349731 180977919 95588943 153618868
458452143 829844085 268731506 419600011 3933675 120498772 536682828 412414367 784061203 149653818 672283587 867772360 801258711 314208215 186756339 242431280 16632156 39030641 352669866 989163993 29088444 298724962 844580331 73685013 728964993 589162649 336919404 264785676 471151918 926854677 615798807 488477497 179511990 743838062 310281612 408867053 622973187 414768204 919900830 335307467 555974512 926534637 924849618 865429066 332567119 527098275 175390179 87502391 355950949 769360212 449761344 72290096 175497833 321418233 962422668 240778793 622364040 620007455 473242142 34055915
404172772 836713577 904229503 991660688 546187792 227500555 682189294 343460361 259143830 513692497 209076447 775829656 717910641 826755094 714872695 420058710 594374035 658356301 340373522 171671214 989484384 772950652 614752702 103247072 634367281 877649468 219471037 794167423 581021395 973738170 370538247 101643251 979925765 262015289 160283845 875164408 712170494 105207182 442625751 133922590 222165476 838749347 999376208 233760839 451448149 678527732 253066740 315864875 900727778 356287253 676031681 248493015 739600015 43227178 706672739 684439081 491798101 549404781 274936510 965947990
602350241 875497387 571012968 610739557 255879634 134105543 734786603 144530354 764685246 255568182 293901192 870858092 371848749 596583298 269472559 852239126 447664989 907530696 673936521 931304970 110955133 906923321 319188270 964319473 870207026 414929820 195903343 479541324 515301652 756750282 543647949 84129519 709279282 498890801 474327679 524265088 238063498 404172626 861538801 965233148 359127698 49469508 510934847 980914739 464266418 142208814 60444606 48169031 976008135 137428432 922757236 652448817 525164194 755187707 267915931 126910268 325017991 613930516 314561058 652532872
127428783 510765462 383681068 951003528 395295942 713372557 96677774 680129156 824018285 18912539 146625365 558749976 474204601 450970102 642273086 726822067 992962226 808631016 133590589 704831769 342140373 808468046 588327159 791299810 432678291 877821594 871597127 841489913 491593168 94042321 792913341 201288221 693329508 295131406 798606874 646643043 267434397 894627069 114293717 205341874 241404604 951040097 609999769 48922181 907371123 624668046 222538948 877992493 246180205 678607855 245288426 628449485 126134982 579436161 360299857 719249244 52727951 102971478 599382898 794422374
514030156 866297108 294183294 56453708 573329269 274318707 494072279 145888191 976699384 596639171 517077650 825571913 590545589 374405219 539667964 502630084 58591233 752174667 518639378 464856544 872688164 489586051 269100551 619672226 924745691 521126826 282546370 970404575 388396246 133921904 749905757 304914885 118766651 936233500 511323303 716031571 356261665 869664262 577035939 657552860 277144854 241839902 503867655 469671561 964853914 453763684 873429438 136511955 726767522 530407789 448310119 225293068 509359638 496460517 156085203 855714263 881556050 417376007 965228170 814616236
211612585 818974759 974479175 782536534 776020701 67784489 536429688 248740212 581813417 212818438 5225919 966024955 800529463 589206606 203858035 114942130 786391978 751595937 217867296 982837428 223732886 631340085 180479746 433392370 900780675 520228179 456422542 112203183 402135917 649386458 532647914 721163266 462730823 999212731 843092592 589396055 484923251 546277755 258508847 853283054 458350411 66497204 197503594 191082587 519435420 583808660 543243799 385633796 377034534 716885340 35157088 270957734 144454173 945995234 213214502 421201617 853431467 116258831 329433977 909094759
690216043 451573090 375548961 262011425 745623536 14600044 211842584 348536330 851492668 381008466 72161038 611930626 771157065 703057742 498384356 943599932 848523652 854414638 506867505 823339456 859862604 401967316 112792512 962130666 246927736 199964596 745392400 542168041 729207246 603367001 921490387 388734017 503514765 190890208 144155247 314557513 866459108 955786107 962771840 489437614 683353976 434003183 889381972 650268142 4302562 31345942 513016173 746094302 921758255 103264606 768642307 996482341 314235486 291464009 894112128 752537790 147955173 900929771 774230018 873372538
145302829 396888943 14786780 241230716 632673041 672384914 160314389 611174331 343859043 40045094 863325159 237343875 57169256 533720721 435168577 850107380 879485015 418919755 406894150 578915458 589107677 44487780 339163340 84371827 807345819 208659451 338508510 178462052 466373799 135554760 806225723 729124549 487315463 471920787 510691796 562938456 829418809 518559418 926044241 311350198 98924462 454520495 835251853 694473674 873573962 641473656 693486870 169521491 697549798 693254446 440290222 798842726 858575310 88223102 655904204 437426667 829195844 35361323 617718556 737415707
609829627 851758730 910384635 476787464 123748764 492425476 733847036 656187925 159859780 400496535 169912421 926035322 373952516 580915286 358807218 447900865 489553760 441471972 457174801 345212748 592910545 451471869 504189157 367093453 527137091 793656302 215765316 416415179 920112279 672503064 495170937 884245028 723962914 9321329 678940034 876529541 985392941 914113538 349682834 78179316 746753395 46939498 515870097 814466119 433007014 858318425 217110423 626664618 233597929 832956950 955285620 953731357 659934295 509268730 648693036 162922484 834273659 824006899 799950451 376919637
210276566 530428418 152437557 807582909 567165789 303853245 555963665 907693436 13037560 658295502 84608216 430171444 428311044 939709809 839661843 439630174 341435858 949149178 749983867 964904645 313461542 138799181 186970239 628462600 696374712 691507556 369179073 885030940 201980854 419147213 997442201 724596936 105985601 834168873 733387153 240946472 875858411 311376303 227734503 98002987 178549567 930339494 522403342 907436821 246170937 504162542 67820589 769574398 929776586 766789752 253635742 677595728 705232982 933269961 628654704 179591500 365908533 816852604 824673766 836989574
22981941 45077949 953535734 43360869 915660310 243889358 326405067 608584868 839725325 982716805 385515332 558421716 101911106 208072908 980177778 697967320 208756305 593102624 668757534 397302631 494326989 845499667 369179456 674932365 952023225 316029387 283499401 77437482 225991949 756214656 288816858 642753137 172048183 52441601 369657035 532088427 521043351 580775216 352778533 786868850 345868289 898045825 112908904 949608630 326594623 685438592 289699910 291688891 333031565 568167240 171852838 342492377 390768155 723886860 757701538 598350523 102741391 384059281 599190793 262388705
900941184 765074866 44648414 821469470 762578684 690874331 501674839 516641306 647369219 745457807 234367198 30486480 959624201 455761123 416931988 801199889 532560504 520599808 513067977 150033664 24908587 89253540 964056965 151810453 740760309 770076578 243521795 353980442 140501528 720784477 840987696 127174064 834403534 39979601 278776880 704570315 898661316 531297931 12988378 216803506 955171482 991659564 981439543 873031680 918939748 923057385 90827015 272169254 351858732 349505422 149167931 790096358 555169133 168787574 473343868 659959513 708891290 439540245 179230883 633161707
671619989 318741359 609991743 678117082 656482872 796567198 876131090 774358970 172836560 622483279 589887380 414071155 380361884 582790981 951340655 59225153 279995474 828778197 105937153 676205108 460503195 950085481 899052509 534040494 373593746 688779261 160244554 245762023 240017482 760107941 424144322 772495724 514309445 113888261 782027381 506863772 203445501 426541527 691055044 861005354 190974814 31453033 924800966 862751646 835554122 340981020 610172614 259608532 751293204 259245542 303067586 701844347 404617477 404496849 813653230 22902166 791866843 273715834 531975215 502209535
906564933 220402067 229365665 29101535 632935528 436450145 989761042 446054968 853213277 99355966 494815620 452513883 866070192 865365016 829707695 728176242 146102755 609185520 861814908 598725111 84539369 731973469 430647435 397622843 82792619 414124550 387265454 391124704 432385670 156811051 717880172 293095519 995064523 235267869 640481663 968844420 789975614 956800706 127414870 286757101 584852376 925212178 833619348 655497102 363727366 937557148 730372239 607315759 740882855 733940226 635760849 513531884 838823441 10635896 915037851 427473332 481235660 891474761 420837213 990976716
734308821 870016850 454940223 143160393 179609117 327668101 778515100 148644505 382365704 886528872 737369729 294048251 740082159 896900499 384679219 609697538 304958110 429073462 636037542 127280406 282817494 269096848 544243974 437348594 136377548 117979257 999616306 200481063 542091944 444501209 201932604 792145048 724445960 258509358 717442538 455011580 192298106 980078091 548131384 558932320 62714117 803197587 645040084 448993442 592864417 7609602 709677473 185426423 661960122 325131813 311580725 946353509 780266929 272681692 886165082 783912010 621687131 357772959 324671376 341414867
768432512 815742454 426766474 839805318 332893021 476211968 362332589 448532921 331888418 121891821 347351444 880828952 244529781 476608900 590736270 150125091 959662830 861648286 406862366 477032365 971457689 135395753 962782074 42461022 997903991 285573413 553996813 339370290 467028733 111701546 491615478 26578169 381518483 634502113 224399495 975408341 367891990 95797511 624203974 867704254 964914006 770202733 365073903 254313985 510428057 89452410 948892399 55009725 484609046 999237799 51911659 764562277 985221243 152079362 264763063 922694209 612405096 353863596 78380896 533773036
752190194 325607515 807685795 612501975 812196641 200661465 345120371 114262469 952589425 8695170 250549879 126106189 704105557 971577034 73261193 543824476 351455151 693287861 245449528 840474288 260306266 570498397 368105031 59063389 697513633 724002416 370842412 698771276 553416644 756869040 678750610 161171639 664940666 192791665 689869783 742218671 342657130 433917214 644414350 207060374 459226033 669772724 331503103 302681765 103554911 99046468 223469218 307999335 274301433 457813366 802655656 221029436 687866873 365893377 660718706 613508567 971508809 60327988 776167959 170917825
169790156 749588080 728537571 447139284 395370198 274492332 270407122 240302528 237471662 271629552 521123609 515955081 286051603 533051098 210916510 947972103 287870388 163276828 107330939 844738916 396907959 568545787 875003263 663906722 796723507 266044626 221293996 441872147 496829109 659498637 7504570 812331231 764593599 506733359 786212243 228644737 91100484 677604172 380105685 978403146 725507630 522543759 861189203 132882653 357348313 81253430 160334740 9081777 833235605 129142673 45110867 40713363 505971751 901217414 179550205 226106401 140817992 70600208 698767158 732145487
400900901 282299067 810453076 644572134 862268893 914008874 340394978 750705920 701916422 886215314 279485727 879358862 986361129 774738748 721070717 164640978 424002881 895756038 279530530 52005093 39839040 588140515 875765866 362195250 830915211 627501655 393101923 960291577 808382073 384341499 968030287 483523533 280919767 562167807 285454886 536578070 698454119 292490659 749899281 932742032 591188828 894137021 520972528 823400394 391974367 815182390 21710037 210542249 463494798 867512973 492557191 510178530 998827255 648947794 109862144 308678275 577734178 856271020 796124143 932324202
696559364 239955412 50325559 15823820 300586765 382300056 884597614 223772848 472077979 435163097 114485087 809388658 143397252 526340365 950907016 333196096 152912273 147196605 696243357 399254944 682488573 735818248 241302275 173154536 875278586 424828959 870371670 398571973 593007148 28708551 554791907 916101301 433201452 580101338 543120943 155937421 942169350 90956998 122491246 343745267 744184763 350881548 10931980 306950372 416222912 940881090 142091048 179063088 865491325 694435858 594579220 630234873 364544976 39527097 821696471 309511736 789261959 494547080 295367339 568593464
871517161 749091815 981063039 661756441 145908270 655125069 299764085 376965454 797726210 93701833 772524901 380043295 71474438 491321980 162216025 28891176 224414287 255847709 279193615 413206744 182157029 294251379 616047482 235765747 408420933 86352863 348133697 845498385 298261728 724520143 238079039 699688733 451963546 721018188 808701953 886082262 662841164 674450797 109136203 376040785 587515714 588734689 224029843 51565941 240321469 799567722 679164549 533349757 840700785 391442780 528031357 56891258 569227017 245901346 574194448 746934735 181805983 362974394 894747779 92940211
655163204 10524212 940455250 365618610 567858046 362168374 734144683 163805228 942494148 984642939 680817392 886864853 129583620 929551439 993085497 398569011 963579678 42500373 509980880 181894692 133885287 176905409 590743475 868331605 753097511 720449375 848570133 672277451 827919643 980675722 168765149 173143134 874586867 708478965 538286885 903625529 264219605 575725542 672053436 94864732 755368664 495739830 14710181 203302426 808907146 234636370 838942102 849976219 710560875 434258109 346261626 238676827 561712496 97076364 683701487 630342825 656349313 106510952 195296457 171868969
25857019 844713104 793105805 54831443 604909358 412302164 849247991 989175538 609341663 850519451 816207220 150498725 811865032 609537374 371141800 71752545 616891668 565113898 305571818 345536237 994393315 47573410 198163651 849345636 452679372 439990779 308704627 137884087 879218262 746751615 478688620 706694953 386058109 549803019 863131605 262473681 131332916 669118352 208250888 175436315 698957789 572672149 764895252 279208007 160421330 366018483 314775355 785095913 75769312 94868760 802827381 362463591 136610247 878929157 940063980 502952574 248681659 643034704 61564542 120831678
107525094 114308323 26568767 333422345 900623076 214739003 475393780 185087256 421750341 477209065 680615320 884109814 220215822 894039573 237132251 344282755 124991544 361092598 270746782 294717938 323284784 688606299 987705976 78265931 48926805 129735205 810411572 917476586 233041022 140432586 401794385 912454910 841798769 966884564 902113920 22651915 399652717 97975392 725191722 138277480 990615457 451957152 272225000 489655746 586004658 91171673 653306377 578517399 547416121 168410470 883125263 614486460 560751171 155438387 876252978 527546072 263288783 189525058 28183515 537878758
801771348 655176874 57153322 409846711 326469944 725635475 39517553 204354414 261267034 237311931 452847287 250039042 789039753 791720948 362348855 813580479 771301130 928172451 255434718 698150085 752013590 242040643 386043088 572417416 583952473 978193120 839748579 733196878 413544309 409157277 547033890 164318132 577570429 540046638 863244619 375129642 568823674 853433950 590265426 626349682 707658473 674994059 503092188 620704805 814365755 886363685 594729413 136357934 25380948 463383090 49055898 266580300 585487373 713085645 262261280 275523732 946776243 612189859 880530379 185284077
831326341 483533428 502424903 246236307 550925113 521160088 17698035 779725717 103386743 962889335 373346401 568624215 144827997 602979088 191438040 984576273 109336569 596789619 134434770 549506893 112205778 745485895 857208190 83693677 302570592 917557061 104198975 555969570 20292239 143752634 189494827 556150518 256414273 194054409 694909324 995953860 948843721 907944743 40003939 624700730 824985968 645349149 958193376 707835486 379691507 262324106 27856107 540879110 757633795 733312287 884659359 303149406 931636932 4026657 233702345 244068198 321509710 468377066 432786285 545879410
662853935 373852007 775632962 14492840 742646760 702466459 518123313 821953925 185547883 492458267 430623193 670998617 58646948 973920145 83261710 671785926 663342317 504542778 368154454 213747013 437717655 820571239 608895851 984244129 316618344 758596608 755714747 96651641 778590744 162573820 487697387 898433986 973665747 272648426 669818704 190243907 515013818 467161451 371272564 238508568 412136801 403520181 906206615 399872048 218808403 932948754 719388203 307967439 89533065 854912095 952650583 578693388 753115127 526192269 245645686 131998548 737856000 522467876 887352213 488862181
24806908 383514299 971775480 522966612 627247033 227940225 929146005 798679816 728839159 983239607 187603863 657194428 837561579 106067764 983389660 158320129 972611773 795399904 559165816 478775737 297781770 884303161 388223536 183466398 651580002 9613521 928162304 742702009 436638411 680072909 503947670 929348587 319583804 758321512 261875412 235706471 329019427 682588782 184505170 561000502 752000736 662658497 122276569 848796082 281302087 491509208 443589097 473232139 964505634 626765371 744665140 674730181 540735149 137807880 236250913 178934328 744836888 912060529 733327946 284659215
884256777 590161212 3277822 633526985 611870231 909301570 822170047 770260283 547166800 891560688 91136709 812486413 110007476 584839881 104935034 258478904 806496951 790601185 277155068 87752334 524280771 848336995 901554591 790106162 963033524 385446413 210237800 543537179 353827162 605337263 55110034 363310486 685248250 499430064 35954189 526053825 795178190 428035465 45597690 738385937 759733632 156819015 190756912 198908109 102970035 797428237 392900027 107335056 391618426 409504912 629029463 930748363 193110751 46626457 241623289 730129728 558713950 577020039 287854663 176958088
672684647 124561610 615266587 20588431 227229407 890940521 781446916 356271634 948447135 659944829 621979332 194257448 251875060 9493940 342529747 74068662 984773661 540227791 43907034 533712377 518413265 352764196 301200185 27533825 365309622 500487196 653253507 42892080 430493163 168133814 324656893 567779006 888409471 24966658 766006306 795040568 877600503 840952231 988506145 810642173 140348364 484338783 949818717 177641664 76406762 476406389 609293292 205870089 410723891 662565454 130028569 98800564 529028346 489008861 229548259 484399728 569113225 860373036 272754811 105934656
276234139 587543514 595770058 811836926 970929634 718676376 285560809 942239187 754502274 963299243 522052262 223264705 205856916 839276397 413422342 956082457 757664164 794933708 634304701 710450693 707716660 541716426 623490488 263597567 703851063 279444219 621425812 114913880 939111830 121676810 969838884 597876402 713619119 951268148 698551534 996343686 957581009 214902475 550683566 133659295 793359041 997927348 517189075 507820957 79619383 260873194 590729469 348425332 425896290 676520697 422912645 726619114 270050656 750045315 692553717 704082460 449309895 212879551 101384587 383782137
477449503 258799861 840006843 575925958 72127590 653453827 61137066 501778072 437657482 748674779 722705588 717758685 62580978 92413698 381348582 138959828 43462390 423226643 720845444 357485072 651286114 635580730 607216773 5316345 630146295 258742202 236011026 983114058 53634026 783995751 414587659 668271508 320161380 406979629 653872769 646516410 301618688 399554439 198815549 571900019 227374415 890433288 195419704 733405132 16001623 101562070 399039777 418992547 779856144 658140713 585272026 738829613 24561126 318396881 305180667 95037552 825738298 259844782 864519502 551054538
636926177 485169717 203142737 592554856 473828515 138127090 449586103 437819856 594984125 514897664 287965671 395990616 728776544 669176979 104723324 1631404 512106543 515209326 953645507 424013388 998743237 510114413 716624704 713281803 399572781 946502141 259649065 224755089 243411048 654397599 116029161 222735834 486312683 963104873 792979615 988141493 152711454 696881284 493142940 251243847 452498910 84813231 916849129 732205957 376011515 952922298 747882942 653681853 187594171 411020044 652196876 80181518 710654293 770685726 269318901 504070890 44259703 535620350 465758286 395949467
282264769 830172365 765221412 997595068 84963144 885013313 536017204 529214396 43581204 411126820 654787953 343532639 187869858 114962131 335960193 761127228 227446626 381438655 112758849 307120447 871606842 388318192 912046397 820899625 790272001 288604541 798639928 306643979 78159365 965132309 532618154 324278223 267359878 210698361 600252477 756293039 663260984 882238463 82421584 443282620 229774789 869302545 999930484 68163160 938359369 356915628 237438705 539789500 387841492 971765218 436268610 9967987 492873963 560664664 630387860 977645021 227839496 488669896 321842508 550432173
94307861 930669184 463478142 956735340 753025781 185738466 866871926 351716084 737923580 175696866 567004723 965143029 625351281 454435979 115838439 672065651 391373331 621240186 955711609 563277125 76807569 975631201 559767810 631943320 870869777 899135366 581403475 841188459 232950954 892960833 560625774 487216401 275558121 929225602 908336393 299728306 245891920 841695048 350677519 350783689 127465170 278760491 942353694 463623335 978094169 671814099 585949961 707886063 279078209 265932670 992608855 955417624 913288154 645259902 832188866 51734510 437062121 136026809 565758138 904188434
397088039 398933287 653925856 394147701 376837057 321713240 625037707 464413665 813707990 722760939 490115142 859102832 916445437 918284824 139003216 210093075 925234364 458846759 168330522 795442700 539155218 902382327 242105805 909253748 805655022 161585272 715199937 775423670 750684853 837267761 147902983 506319378 916408512 755461819 860164321 181695003 292199387 652824131 880119364 329967929 404334792 679436044 499403869 319127848 917149114 582610155 314211849 635367799 311001818 566964425 874982235 343131658 935946950 393906469 346114074 938608537 806541069 423269519 786378816 382574127
991296692 236215854 914642556 356770219 824191668 911732795 763571889 56438850 35578489 643675268 510387829 945648891 397324900 546212586 787047315 799107122 721819210 137078243 933187721 258507285 141426164 906745593 943318283 610375978 940419997 233606472 203647102 107943111 471748215 485907460 719173245 74746265 332342054 781524721 812917080 339659806 78946883 862681321 388008592 660207914 159603418 166996570 854953309 17209958 574606572 944902597 12481320 721333964 495455214 317806656 105849361 78399789 148034889 564938229 497875306 98799787 811085016 345845921 717094457 854274367
280913772 652036630 266492858 507549236 630767435 584976057 969684443 752112298 982753453 982821380 543373759 586142228 734843454 695030021 695683132 874795194 297263007 951779038 690479708 186357304 298912741 926595907 374590432 897562621 667338776 434010367 875500984 799684557 774951862 995295343 266123404 727133248 775878957 963681285 130709302 312043328 145257572 825628870 297556294 633329807 652321075 767128781 222962045 378630719 924393446 713402822 469140562 59388728 804322238 800868211 258346096 781066677 294779760 634734123 575585078 178018759 549205412 619654998 66527030 899692497
547134839 407034866 489217206 264709386 791829241 72710417 976755250 719190014 399695792 72009305 615672536 333786381 994125588 449294466 545833226 120170731 713340176 144925660 627647712 815254302 561874056 121443526 648687267 413003396 846305229 192967224 230662995 806795210 576571178 265272890 657004834 333834229 817319259 737357418 807284727 854932701 430856721 184117371 187645420 160201133 697430127 645589680 235755473 273948005 110079376 603408485 259609510 484645208 942233855 248846471 605965093 921643950 235260220 177025558 212887093 437513699 519305278 220240554 585471352 180489542
918560236 380087020 977923774 31418747 539789475 503458072 370004880 340751610 812238771 701319553 426839974 60313997 444507106 119834893 167337329 318534358 646581223 721543093 141731474 765880007 538504432 648759047 687936097 140048424 608544029 396336804 48620647 668916500 884618242 385049282 765128420 751116156 356151593 482249898 292706122 198154658 499729550 318015803 935274687 746534560 681124129 108566886 819781279 974848223 238809415 246502576 854176504 910040224 876599642 860625843 508280589 694699639 587590692 183036060 36431316 817215946 417501544 622845871 27882104 706220374
295839833 351454655 32037591 945866667 459025441 732469430 832833540 162578859 883155548 149557779 839654598 983383311 249808794 716276583 525914136 13585634 618418144 575812823 49253799 512906243 983332647 499926941 929784407 977585064 830704092 345815687 86662847 719873494 32869727 356780150 15425960 164830698 946075268 582001377 507374737 967253267 801573397 698239567 608415278 163739349 947770189 2814176 98355941 590597511 300840542 395204805 59421519 495965398 400528620 132970180 976317117 197775936 836779665 433191605 824392113 180006810 916446039 544487431 856032864 254793611
798919233 738322492 715419447 961596430 31638978 930020712 688605523 163604724 645326403 136146614 795134215 406112864 633565346 848851171 890305626 195728713 692657326 914728641 552101766 395045883 769969068 142887350 394403706 224865430 667884757 526092346 579845209 763132813 462280149 974845020 272057849 963359273 171957070 210233406 305974373 847509764 153482067 309374101 766045276 404081294 964551661 116457258 414653903 228733324 158361498 419017563 578299495 356080019 288847817 542337690 998789116 174075281 743758687 606672109 595466015 198573125 864690484 747560301 816421777 33438914
136824471 607705799 821486282 360185072 484027846 160891326 66147443 2783243 654735991 189733798 385635564 759201058 234121810 785842923 890889671 914850201 888113525 76331912 64793163 738855848 667759855 643744656 470522866 159657177 78250821 716320681 163382507 405590158 687151343 484033420 207914648 574419064 56073948 325892231 623925777 429188385 489975530 76814331 419031200 477664868 633781871 965333981 824179779 95506927 683801779 136129337 441473582 965610952 578737011 99328683 130236230 858107589 62305120 114558180 439802022 842613522 99454622 997038379 725436958 184643247
547780933 864248793 455633583 35908592 821390820 909344988 381953296 681862651 47678969 341468725 239686188 345198413 186278010 678941306 723499938 241473590 322339407 272602452 187808836 70006616 659492053 679087618 230560920 184087084 429924956 927053781 683724122 517497724 530344106 10875058 243405304 455018474 396234103 913203603 454058773 55693928 200150255 657485062 863301382 737701566 205340211 56672172 178136152 490345480 322713048 862429883 561258568 306789173 477062758 817881725 702303049 957944713 331091674 26223311 470640002 925381403 861206308 178007459 598695757 928132952
926177450 219141502 733402554 631049598 535661763 878453754 975013641 823777570 563252029 439716933 571064116 738310827 114928856 526853025 572297827 157748180 980856265 165235682 953342837 618684974 836665400 690326515 133485694 641061275 484209346 468836945 604858179 883969236 540774647 972610446 139722688 276520421 666612189 696589008 567513762 614934188 196819051 733269071 93021646 83821917 626637327 662466010 91203288 127283456 771163433 775829331 931263373 576932338 753784718 709550894 74978409 860728928 111927045 792332534 122636577 725567183 201627597 730956233 482393883 611269783
221299989 473809111 359291377 733697635 905643907 683795430 763993586 832345266 789473710 722584017 889061025 638668377 623340196 684558084 743172404 339696895 734542437 775883778 927176982 118699424 365738597 673589216 674171493 839830283 342721038 868572359 409764981 428001892 592392508 627953269 332213835 384322466 798425279 172184252 511465250 613452818 14457052 615894018 803516650 69479122 871516621 696827840 82016964 380400983 405361724 4796164 682163591 276476904 454235084 663550190 649827390 806737952 787000208 42669878 67694248 374367600 214059666 845097637 214530487 852815770
844113998 256999831 783226385 155740471 799835444 883457664 511819410 128442418 320749353 805120611 439402696 818697291 730601478 152293724 21378422 220993942 95695896 786412824 504542481 978831609 727777438 945474904 2564678 27798705 818822223 266910834 443468914 936438477 753585105 87100880 322196520 108158898 131548227 216142446 424661423 655532693 526019508 339564896 645647234 634701828 27038121 124867146 883262158 91473502 168248219 280545766 534710775 98274390 48879479 280868482 924966675 134247796 133036060 318313599 967436909 118621332 132991456 437441235 867097348 195312228
821458700 663589768 210254089 89044970 829185115 950526011 80520805 966255869 208221055 500711069 398177584 326004423 524856220 806707958 206662203 83103817 895588299 258566301 434972039 965315799 845299609 436656769 431528652 348391064 913032581 933338531 691076595 577172231 983286661 848578457 265176988 439140213 433937793 714221837 38859161 712138116 135407575 131756092 885464945 594091437 480318934 76534648 297461470 749238715 952700995 630034855 516228175 940464462 323493335 997170369 541829479 327589466 690428862 697016917 19226492 997902757 422970393 323901957 769419289 472714572
448125053 119813637 464969084 223849790 848337522 314457504 882010393 50236351 808736246 87588275 629172245 724929511 966425079 613104944 840105419 749432865 15811804 973380509 499027531 762359468 853766397 902976914 125711062 452010013 283490598 781076799 79202915 436910043 620056857 553438947 784325661 343384226 302307336 478084438 734510563 309474049 569933087 207271040 134077127 856000476 448200696 828464607 812643728 669359850 7062308 764307718 353740088 118924600 3892393 79368728 894144878 612537764 312544895 766022225 163218196 903467875 508648722 744900221 971928770 809152635
584957891 542452095 816990017 231458377 701362023 793282252 966000146 59267581 928946374 858716909 615334885 421052186 509488413 445570561 76915490 39809015 727623837 923588152 378008163 933756480 925437674 492002393 612937464 808982901 277643164 921252413 731469153 114232169 276559553 892791121 541640664 110774980 667832153 102922520 165937861 169359746 51784153 117834663 226454343 66005874 286899369 204703784 557883826 831849144 339169446 87663447 509141515 39763020 133946272 395301384 392352910 936498297 996392669 910042015 204585001 712759134 377275284 416041110 923355390 836130160
516554099 178497275 944708837 475783158 609377050 139652335 25240551 101333388 90381982 780071208 506927300 356168865 342734343 230218095 267980142 686571513 847057362 319346467 162303372 176612139 336537455 562163125 686018296 612939043 43220420 134394154 797982273 642499746 641498536 387702428 386490154 449008825 319182441 62287545 669656361 590156626 925477959 464136258 866875369 584584103 350475510 495045774 100829128 716135113 485010464 752249348 555158618 10840602 555496929 753221796 705968356 754843603 965217609 350061183 891792610 385383295 932815070 718407226 335586433 837097086
571358999 5950352 119466789 3467907 725932258 936256461 953955301 202363415 25241630 211924563 693811722 534983955 150245922 527811353 410385300 816531242 452624437 269880103 255365045 322293341 350671891 508199707 384684371 530140548 518989422 986946983 670114186 374793932 195221867 37889552 376110632 111374900 10360609 438839985 150006320 249417231 403849246 5502326 720580184 761642885 84657633 795693665 198200202 288567057 803749729 768091145 989317478 497755908 251953540 750223894 734506687 818673665 572562857 195364806 746178586 226675583 325424671 717425260 99097138 622708298
307707051 207752683 538985590 398168835 168421638 416793919 406530953 28003995 620262749 786353396 859236802 238551260 984143567 537742253 379335082 7080672 701152755 570853535 659333248 960606615 238185807 44348947 952698552 832890438 191383522 792375783 927858295 650983171 230690715 21419022 972672537 209219386 343704031 282190603 955733676 324164651 63696391 123228282 56155250 395686249 95769055 474432904 982427491 363723100 118941737 18951542 725944232 870528448 82565400 978332697 837230113 490488868 437390549 859110493 337209056 792418924 587508222 199684285 990007212 556053840
513748002 23247821 115298943 550207195 20661830 54718641 840072713 682069740 856562019 252997539 985776170 911606200 15108325 559489648 417737852 513806918 894966574 59588347 510564550 241093873 33923601 802231225 76513674 739040234 676669271 636479540 925653112 792469428 636910909 514455945 139021561 567186854 296472308 310771433 861479077 774135917 530366752 285466139 34806221 466224775 695480410 878919673 111444466 126539976 830439854 238652142 72974923 449163993 998974749 889902463 620512324 742091700 242129436 155771071 255302649 617664554 907732500 361456345 126233279 641867101
17762528 461147017 68137884 119006022 472915282 734951587 403609034 990665520 750709678 400293003 371312952 644880443 202234412 324326588 118270729 74240986 851609466 110206018 708358162 885254741 656684857 690119231 247261024 296249160 194014843 285230697 517468336 709317154 805861964 831882634 678670070 990891175 845134374 411128319 387651799 965221743 108882554 368194618 828290862 606577764 181449006 277271873 876280714 446474568 192147482 399871788 990336175 881513005 363974026 332551082 247874321 830816251 225647295 245530237 94338396 753921773 57124462 32087033 219799278 322326292
514096959 964405129 70655067 976746195 66467407 583684650 450139113 614584161 812892078 379228399 688352785 184941386 145433826 121773947 141740036 280145646 994513763 516821130 675283492 659074817 779983645 42593384 225312390 678386953 233711857 893538680 989263735 898235875 14246707 354522286 724903924 772017215 367838765 41074197 218876976 516207391 443076251 184636747 830382610 127193692 258381870 471419392 88869812 290101537 140457481 623233659 551379941 813521006 567820103 152550421 928776872 41724310 276144499 340858299 340877747 873602753 528693518 810861168 67344113 576760683
529273868 120684489 581584129 504442595 902371927 499800687 289514932 17369293 969719371 848081056 315399314 519709089 441076536 653095599 269728086 613192489 145034724 644340096 930485870 903774471 789431046 94884621 305692540 144593197 904818124 328436963 592677847 559504994 29404246 367625893 239893771 131779268 915829304 158370440 683501396 637709889 643746044 350279638 970705447 311046428 426455710 669570411 749243562 867169391 156005902 110029883 826325559 486008483 144099249 33126346 303444189 448230905 597037025 652411058 643334111 572122372 125742952 311751457 622722099 341352749
761726985 809576792 90594563 562705710 93027064 139283501 809907760 847096727 66589020 701112202 851337930 852421453 937413844 228131564 494858137 167088134 859869167 515989476 567521687 936607438 56347826 187405977 576818804 252159108 887855895 217886789 957106961 816014429 552957320 896740788 63540741 361465441 119747944 85501896 75861531 246185449 475292554 619059703 368221394 618942504 828192952 263713995 699546844 858541214 298477613 429032545 286408863 507552678 898275355 155884779 730312887 999211754 9272359 431808814 482750066 638636009 970111464 100118788 929758802 642642040
897892715 751928284 224341135 48084798 956057522 231457589 120210835 288038454 777830192 965827366 556324476 637713713 137899086 650747097 526957981 564191825 571319274 471573260 77100285 981026448 677250515 480690831 574447318 763786807 636786510 896766664 617869847 997271399 456209812 101547058 462378723 941736083 428861009 837287641 743138064 380630788 678076455 51466463 216146601 523263828 165260073 115810043 188604524 875089395 296695136 864965365 220893773 669425062 179382602 481238571 47278577 901268994 731078230 75715088 591075124 171322357 343713641 825640103 565063332 828238398
800696156 499248908 807799299 299688432 364883323 433657835 436828872 418911475 494125063 208280583 936063135 268391555 708778677 261145781 454212069 910749103 394706222 416270942 224780333 135659995 823996813 102687489 510993085 748770622 989322980 230581934 761725713 612675429 703448503 805023756 463572823 905033646 563713662 149191892 256275698 940743630 831721000 835901523 909021944 48353356 909270675 487988716 440690868 176881923 293167893 585908116 877782052 511357860 291602678 572831828 434574971 878468658 364339187 801674955 570386081 292156292 543678141 242250665 273426862 135423430
903820664 664820277 915626354 70854904 331912253 661283016 624726257 882704750 939029912 371775824 740268255 418213966 16650 461132238 791547432 516021781 819658632 233829592 272623723 247827730 445139450 36440600 914437241 912871914 518415805 293234891 311196379 18113554 220500770 765347906 916880970 331649112 557834220 454248548 400773173 260036955 393479126 908549162 872502590 12805134 361590027 511181346 669874109 252645945 757394092 437282030 329666107 126877944 854123854 905123778 176897529 593441082 5155705 763984617 838345575 881318979 98862634 468800575 506857133 358237738
887886161 950379448 871493157 974441052 750009940 723363289 948416222 188987927 563531403 998216250 434861851 981585648 457129921 49839114 557442770 859262286 86265529 26119306 537311278 386644204 507861415 553342353 980648974 595339099 147695795 63414278 630896771 205008509 482223738 938866794 755253590 898420491 377396876 523196236 413577855 766479633 83346415 942267346 252042415 123328109 954662810 929126454 114122183 275753811 982236411 37164103 174203743 694497483 116784242 217654756 802671424 393653041 566648788 941526917 18197482 54604469 953875689 233837746 638056207 460618713
286450157 756140169 232528918 26304502 736910355 44329532 891800217 291086775 309571581 682596241 95608551 583889307 1787461 304001376 838263427 656806519 344859128 581509145 568594595 712329202 385073430 56901179 305675441 880014600 432397075 340572382 25401550 525855880 23908185 488532522 543342666 776887702 760344004 251662302 639428653 476309545 842317604 422623178 424838578 856328078 11227583 413657173 794371270 333505763 302595532 672310007 541538445 852443549 890572792 732849344 594255326 469865987 719557093 465276624 502781378 650925488 490820775 464699101 115443193 97809429
887158085 353412528 274799988 47424756 699672382 499144104 4814556 125324006 469882625 784085301 527631626 730485718 976737907 361832798 380532621 192973700 563450221 241025596 514514727 491734020 200270908 867416444 764622416 315781692 346324000 80083169 608752562 542496873 703897549 944757952 532566699 188903066 213633516 750326915 104507342 580700468 351230875 520484135 172235618 38793580 92948201 507671485 43136993 181092816 688447323 2096108 113979003 943489215 968019562 663710317 582665617 726620908 600599043 350731150 270822714 250643935 516869 475431344 455360449 166574707
522283462 658704841 356996644 176608601 656701071 850781667 291328663 888616852 466650139 530450843 24051455 751793404 405030940 361990307 543520120 805922491 401215414 559182144 682989776 171227602 859838466 621110988 167469833 580165525 467673741 256987701 171904986 381696043 311600598 387683453 573639471 532930319 437989843 690286392 354192805 3530130 883201645 114049297 674841359 316915542 244116991 972875845 17711348 638703828 315978203 911368998 293545230 322244055 276743365 856447641 614941132 581352959 425489782 419830424 525873873 654530368 787223834 192373425 901746035 336968800
890650578 25249926 217396028 949848956 81805619 388648011 724957293 136947331 645742790 502135115 768821366 322760121 922407558 178414180 894370943 476312118 104780645 153621638 249230307 711917669 131936199 379244855 572530863 7403653 866178564 468369170 644460072 135435563 237769962 944544323 755755842 39130558 389021242 428712717 250531113 495070970 420135719 892853316 798921148 194495854 9872090 755614675 860753421 996071422 433666288 992178488 730677986 852033121 46333946 240664067 723258167 470423972 767274492 497695323 493615802 873538725 147190510 459706232 305065038 887612568
446141758 940181034 281179272 812581254 391589452 827936081 916252213 102274761 353486061 261401186 470102226 653932434 733387241 994564585 553039123 681785187 346633341 706884609 487101789 476345493 254221018 810770653 898250827 753465044 631710884 44683075 637658412 465751965 594594675 784076044 489048195 29613255 515986773 635648422 769826438 19609847 686037322 69973650 47983008 567725610 253458375 636387814 530034416 168784943 405524788 355644619 479555272 460517162 439589486 838722560 10010926 733223955 296929605 314186837 140861022 880291125 854568191 459681585 226626885 819246767
903517908 60743437 342875144 136830198 307388528 113750519 73502843 883065169 184715379 986723344 754222251 520154204 850177268 533310990 869229397 442923654 151982586 561396155 391607404 887425171 73230850 57489524 890033047 316162586 385309820 141415850 512033968 534528519 36078158 826520420 255220294 18269979 339845199 249788092 16552476 153449575 36171725 669322334 30462376 833571285 939628296 803252492 670123669 492795551 689450932 524370460 599691585 346760150 21761403 682966520 838336831 621111004 419825785 546370205 783200727 323352554 775783870 592992797 719854209 913793163
24982480 351962397 561416046 358872095 275163942 445708119 930203647 781365849 63620782 171888665 787306315 770883521 834720840 260193477 251871390 284638259 151246664 115194191 391059956 991269727 368600312 344531138 434049666 643344199 744205075 66749883 240691502 669534403 106040396 847484140 559898386 989264384 792537285 752664475 43747837 474897149 681925272 308272672 157249265 123393548 220399698 829618794 539985574 677451351 570118514 356819067 837846534 705863769 660705007 136184039 803737263 709510241 42886063 675543897 707948916 723157779 249966865 703959311 869686492 635543014
882597220 992132953 968117154 340749222 981424237 149845534 589641523 969554163 153768934 819974230 940761139 289708737 171142137 468519569 340193016 733043927 244453321 104042862 663098381 179835984 717159401 360426021 149576369 495520796 122282722 295507198 266022230 446158720 358960562 161664984 72113186 235858066 978908232 395785891 61666673 127314110 64178185 432146406 743428689 556470084 940911182 739475770 571060996 512884663 317761764 776364492 556461442 254912639 264676490 171978463 46153204 273407320 740274038 179459144 220011834 890324433 254890449 426509552 771822438 578588622
392685622 877009238 595987519 612380679 515803191 968228362 471694783 540903559 402198744 222600243 905548949 342066989 485089042 657042954 758356644 934821422 861543505 350184285 571483010 96839825 652998903 682722829 192871162 403462321 728781015 735805072 387486602 691693247 203980730 802680431 332526310 666986814 182894045 876315337 809864307 912084357 270722673 829585103 113306061 107203137 924203546 848615494 994538305 845491696 380520305 578152456 430506580 934789478 308438914 492472963 562275386 368761932 466804303 778968632 34060895 223505820 186452299 545397309 567679714 265279526
