108 26
375609710 911975118 400670116 974500036 227879373 464354548 98505664 639780936 808190894 566583283 208694354 677824197 856734822 771442625 827041112 780559340 366244669 720373607 545201670 79532991 329997296 754195332 100973889 17315096 787874608 678231752
182380580 95751712 233631009 933551738 620751999 798158040 264237532 115844851 346720595 175118739 896044013 784131105 380429655 616511866 917525205 307104773 164219254 405045511 323899273 92853045 905407823 345832074 999699697 468725594 908582836 560247975
960133226 349130675 941619499 111744214 937784901 620325265 565142128 522529250 140340294 997680857 48226545 918946411 774870565 46953093 984053072 640074596 285826064 271403811 33937381 310823061 345639207 852959572 561519418 110294810 491073535 826127950
514281101 114039266 447517472 359171675 646672977 110515761 11230087 267699032 934874797 492991518 536407333 283624759 367321083 266750742 800271709 529255549 602241866 230816855 345172362 358047429 346344157 603337590 970328439 645043003 113645226 550439641
99058661 831688993 972445916 554639422 170071816 176588877 881136210 723745074 616265482 466752425 499981597 835409307 28920967 419375026 141902086 748332591 60616976 949465338 103465478 515415290 800267176 510880935 731278027 981706204 951843658 895923441
45765945 797214473 859067744 765460391 263028967 743882119 501417549 433978539 376656798 852329395 63141349 355418737 918839262 397444028 550105584 84163716 558460761 238548007 922189482 228080642 814583670 398394441 855229766 353856027 947328975 369235152
617014886 773836949 972092595 209784379 361143461 107557451 352161189 600523101 314292493 787540905 284594651 813716446 608852385 717429042 897690304 353310394 165896149 483501563 653673586 729653952 138829072 469418029 230854212 196562196 112692529 737668486
300577085 456625581 304509703 939283417 899850904 799710680 795058904 137386377 428827202 253902515 8508635 518273554 713916256 814977971 693048766 315699841 292452550 657361182 592257824 107385334 582720896 912588434 749641240 282254377 656997709 49880444
152491436 850815459 527089439 328291746 365902171 396830592 88188316 756795290 305555860 442152820 74628000 455574864 26899004 266672323 129484473 156474500 85156141 293644678 626522026 425893705 209201329 216658285 323158248 916418696 496469003 227377208
153695520 317488251 78855662 176030781 176798127 824745266 280566020 489154278 563334440 839089425 985617512 939523375 107316690 523007824 574489644 902964268 615228967 941949050 585297364 690902913 271825751 552358126 761490649 981881832 843416515 812736865
939791656 653376943 832074626 781270362 958154656 859721527 186610911 23435701 378453656 938650998 989956824 706401569 130427478 672157814 239392161 149722786 701458841 664294868 588433695 845438479 378657807 294423873 657079150 856364693 328950496 166830341
129112412 389298482 164633890 345714295 255089899 443552059 42897506 330491526 639850451 194574038 989100321 214648371 283259389 140405633 416587604 776223508 305114121 919599241 101699300 231939539 127596489 326712212 182447660 329772717 728404164 491088152
694582910 281841652 513516212 236356833 398130846 781288590 879912968 674597519 586769221 700738675 114990179 912557077 527769503 839783218 473971483 862841916 815224782 528152173 440919483 268739358 897037669 757654616 353107585 509551275 895725037 374623806
351783136 739852583 354148195 759703804 235803136 420189610 79365304 190512004 707583801 37183646 486706256 974516060 920897180 466423877 16454276 695465756 557383530 713515825 298846752 427764980 519349402 829333194 354351845 424508707 482917719 295179212
211339784 118009473 880388480 819996358 883446961 33004790 500286503 58385051 503688317 228341760 490268178 291450629 177827837 986650930 714883133 244669709 628778805 759297711 519786582 900386708 268018717 180858291 889537344 386406350 125344547 651182346
351243665 334382530 925065640 63390615 784157715 444706507 451854974 669439695 374584390 760647194 210837104 310202683 114427101 688866609 9979067 124232442 133005373 553331817 535171981 340292668 28505345 556008301 607777933 247743944 113972856 605973949
278780754 786407799 9545509 907841836 45627370 843607222 304474943 864635491 585283413 434600712 696544047 480616284 718567944 658327682 748328980 14386663 36614763 693123662 393019458 410097192 984443227 832145192 867909566 259320087 943835305 519748580
181787332 344367870 640670616 90084838 998732354 368249855 301709667 2680232 307140698 861839500 391023541 106576184 57152740 438505453 694380335 594059447 934354921 706647230 642256869 472687835 224668201 946484077 32679905 736856429 704960406 142107840
357960607 826505676 119854039 139624526 750566031 840468329 519783110 688888577 361926039 768240201 470076146 618721178 952864142 32778118 108633118 208674605 875648962 171186638 400297408 589131680 723586163 208316386 65056131 237852721 791327062 783734041
459575237 790084077 261473298 16303578 52996634 980609082 323651782 992012325 850873799 375779662 3829377 535397899 771284039 439323829 870476745 443172914 284274634 77452751 580024085 111107666 81179057 3407439 10705235 754111418 610066196 425665213
302603363 335283147 573480252 971098357 864749465 396998780 569568297 321326758 446832703 376411861 117501708 536331732 861002257 744182644 270288590 892880727 921169343 681689867 879036040 76711770 290680174 228877023 918818313 763959260 654804279 144226635
597885524 143030066 423880615 238706747 928433182 626771075 934487614 859671986 139632724 267504715 314027504 711462468 137621139 474483929 460869543 774730652 260470190 843833040 202747070 53496055 590015020 379446186 509945223 627857320 679326408 396571184
954847175 169892242 508285167 4197123 896026933 843717041 187267909 270000407 783748606 152150161 386150944 25571378 497520452 438534869 766135820 836466546 251712410 628531122 750881349 942651332 925943690 935682417 192367936 6348909 903740431 401134064
873888546 283179397 641816347 354650402 54855 546429559 642122770 9710474 995341245 691234435 441295949 928347844 438581190 315418941 882947481 925495293 286443098 904140043 500316341 11129974 856583586 764896170 952246743 81961988 218082430 722088617
900103976 682133395 263561984 790050796 894762307 958891423 328683247 272528938 933181882 151988409 385509445 727713648 262077329 139670536 35862962 542908317 186389953 276529605 431695638 701429988 494795190 151157694 149089290 628153933 8823762 639906772
173660760 754955827 360958440 402095741 84667519 313390279 549859265 32249154 804571184 797074060 272990107 538891074 993146579 662097625 467458724 605922221 686462467 488461914 318645635 45283915 540421134 141955471 612161232 562643443 321234550 424624972
70504343 28420372 935301746 271618871 750182874 484664879 776173421 433205326 365327116 185051226 72866182 840697182 820555926 324082623 577783311 442107789 313628757 668941339 804848143 753079504 108181274 529863487 37118144 405633141 428911913 846570387
944279569 473573787 157067451 385394830 651970852 408805813 290285692 905342783 524505297 156004620 71358989 289825991 498431522 119523130 234069123 137819356 15302357 972963247 653894374 382338632 603086301 499337263 754800819 757384040 398287330 785338705
685571675 201325230 792009148 37662466 596635586 54414112 858839291 860998912 865707712 914686678 248476258 578731360 365560739 709203327 415556712 554805001 767614891 382693597 36403638 549332023 27602829 501241156 749438379 993458936 373883377 294655007
768985307 778041266 623282164 63897708 41580939 11498907 837815719 667952443 257685047 951445312 691253390 95836210 437153293 932713215 811062305 493303308 879712112 612402060 600609358 264237333 598527093 694571632 820604917 351138224 82424169 469563525
731622251 221701329 663712073 224494203 193298680 991445124 464189000 991615319 495291225 482900068 405951053 809309423 365451838 220484132 623583602 69895791 205898445 919101450 249541766 658057430 177195037 344654703 64325516 828911994 875270588 835671360
100152890 761972864 601648682 821317760 96798843 259961189 514806620 923370692 154801901 319586680 255849273 878461109 388177764 401536605 521675808 570703506 795873637 291442315 630949217 662632619 480711340 145147343 862044607 225529831 613842854 619951047
147910644 355835967 520107000 2492008 625074477 653556544 366606070 795754617 705341322 625262221 231897644 368757782 420696224 453813851 338570201 610744109 156811766 701059572 17096559 876800516 259054987 233401396 403947029 326861233 223127118 969939983
25774885 404091040 442840741 679600905 112795822 104730898 553165543 387356604 783392243 359434648 790360546 297402966 818601961 554600348 453819733 109782808 318893501 599228376 260525687 63214296 213867340 46919388 615801455 422024064 250404266 628882828
474466521 33927821 751654812 386839968 482375239 293309840 59835933 697989155 951538366 408619184 952911581 264911349 118082613 18542375 245441725 826303561 585795354 128128449 203424340 667907879 558035148 328157536 841563245 205211115 285517857 388667258
362930823 411131844 136605666 165664921 451638100 274188854 927688011 300553434 664330042 710049177 269627020 3828335 224074965 692758935 980533578 465609245 471311731 309945266 824938782 842201535 215046550 989200827 174105621 593746113 861091190 924258908
653651758 923911845 313509756 738975120 154144991 733439873 959421128 313149221 805597073 755485311 289107885 335806785 699541535 312821853 65631279 488731354 712119387 296774635 817070732 453639740 589890441 268109967 51394992 363472775 151635682 973805252
50424255 559503151 171373587 756829334 526228111 762352250 447699899 422539304 412250155 859305478 970186224 471873582 915037521 347863104 326368443 783923315 22807029 530127853 394824343 236201557 633438652 710200485 790990582 755580228 370720386 615007571
866796220 374731590 248230612 993351351 43203778 61730678 412237943 864317924 20664916 769524352 743358175 74092738 657627572 481045799 525763001 946162317 354542741 83385024 356365153 407039060 233349280 238889908 714501996 578630011 250961394 622571522
954687264 16417337 353387420 326121914 717297143 570039835 442840098 170096515 509292576 499439231 707068925 276415766 679915262 147413274 11943449 680919488 174356903 706068595 314609239 664163556 836868454 564090469 53647884 277464183 101722169 642759841
481111168 599737218 824673619 535168297 914920305 479553188 270135195 620804310 5574541 985235086 11587116 151517652 419231995 31879812 630971603 469851681 852410323 276300514 5216404 673709585 380313761 571901333 259001382 291260109 247342822 188313758
299422834 374858447 330350487 696556691 794218776 734873703 347954076 398406430 813090025 91289657 713038418 311222652 745801326 553785277 833086986 775877886 527080544 310502846 394181768 304692107 263288878 401369308 231129988 750765085 543545978 851846666
626928428 343829311 482642332 162088720 314562208 348626326 648270877 927467786 253256821 773208149 522322237 338930919 795634483 450076103 200040303 230122986 66693079 792440265 630811352 603701293 624958034 919735884 167120851 252394777 138339847 447538136
331144047 107457520 668721745 511713284 816664047 521557059 161976059 611764223 350415177 167062652 79247558 752802058 445349288 666308182 512742374 991248636 873081835 668181343 222589573 74153661 771905059 406051709 288798527 965331147 124795416 551806310
804486053 173579704 233363397 540735782 911118522 992636585 745124312 648705181 562445177 572218329 749953075 752646143 940137805 648911124 456348270 582319698 637097622 32555580 408707154 869403635 144460075 258443720 922976351 626961681 889055443 985654592
553518151 743349297 828025803 877463490 361890161 344885416 92147523 380554880 315357559 398074148 752293345 507871552 692591272 858954788 104733244 596338394 169809031 997685371 318708578 850200510 6838346 994550225 554074962 283572843 460115803 402270498
540284291 467784185 946463707 873554749 659747164 885589136 927258906 81171781 250306745 88359407 166050848 273898292 652384365 691859430 868592168 905285715 122798778 851198684 522333983 498405828 985336282 803918410 735467049 919612152 63336058 880701245
694826525 692514361 640651322 310536408 158643204 486838562 813586990 919845072 50989981 542005025 623909216 337278446 466214876 157130236 74494795 138348177 10952551 567206985 980687969 299409193 460803352 506406900 650696839 657641149 686461566 57523901
604185492 925987174 892534363 605294263 75980757 345297106 448332071 304705739 699826828 273178306 101976972 884956467 962937452 514680203 360994536 925657599 898866719 423018649 623626702 556767123 936750784 514850536 50687621 53712679 56411745 600275849
313868679 743663942 853932167 967609891 845595651 261463631 14277289 117977967 118477916 238248695 585662132 666233275 959953065 770259141 525546378 126237544 301252915 656768661 273529726 663193453 993075449 384868118 69587673 118447057 644997679 133350220
833256537 691584564 164019898 716300558 518797229 815760455 274729654 853303177 608790010 890756175 509770480 268980155 769660505 791608742 147023725 531858169 221093974 823589178 155495905 982639465 216552562 964520461 302473785 974825609 465819299 955376051
584669970 213423526 801820879 280324823 948395583 801580646 278575444 203922870 310794566 155525439 535363459 730703010 248212964 192983549 954610720 668458112 63791237 385340992 237715940 517558602 588445900 587097083 537068027 162028687 196806161 745486327
378772103 844303854 906013150 807145549 821565211 330493854 384937074 98529008 197305152 595774697 636153662 896515617 242854643 138834093 860615530 252129529 578411813 2525658 357478993 915047394 346227258 852292598 509056512 113000734 932524171 946219932
963552699 85894975 536937700 521756408 617773177 230408621 790488326 922299981 627303267 41355044 718431270 615163503 967207001 656110131 996222828 815322953 70104685 754268605 636785269 375046233 59215461 911519612 936689618 510058799 37573949 763308153
418896775 552416242 862830755 643973525 512595853 822460378 564715898 598710788 433097808 300452279 60813399 893046221 813216561 82127465 922807815 358164043 494199557 135237477 235510791 205349039 993280148 21205303 718919434 334267003 102074139 27799034
392397175 705815560 139069130 463133154 14502889 574870785 186511175 199946674 765386669 730019558 527317546 280289094 14401351 53281674 201100671 253109259 248068845 696768406 442841159 79301506 24623882 839999748 303452406 77023681 112928957 340137892
579429878 421723633 742997591 610426266 296952867 994518737 802625505 988610014 169737550 536272689 439452052 4616890 809541306 501882488 39564894 710725200 732243874 206812959 50883172 156676370 213606321 490703156 468112250 458382920 290843528 346067672
476485037 329862285 945634619 990097601 731002810 398103634 768355540 938620089 956285332 698989146 783053007 863862813 517261026 676215868 252233373 377807966 108602238 889332453 555519777 326114180 987886071 312893203 239583542 238922918 242542608 309373403
899939878 368902259 91891007 190832419 959026228 222870444 974388526 359026729 266480916 428426151 410037822 256232442 747850862 221085902 541327359 798964220 958708318 112200478 61181881 333806181 695241207 274757801 856167143 563633857 55997371 208621076
271178679 79031408 712368164 215234841 233355659 487087909 646389279 586772230 224238458 154555240 402186636 222960445 345802447 707475221 202098623 553214898 393260425 571204571 96717314 824576368 661890266 955088830 741859857 476949780 668926889 451080086
405761692 690562384 170096400 499480974 171509704 138447210 997202142 492455333 46127023 683763642 296904725 789973552 283424987 650357295 50492781 681043542 207324879 702548171 327028176 360218771 404566142 3609122 120582364 624726837 646173906 428789728
112624484 98302690 673570598 578186560 192763375 577223440 539974092 410826645 39481144 650722956 699269257 107074757 123819180 904714228 52955412 629249480 126611695 539582525 547312538 242251566 208104023 128687917 501062973 686726038 566508399 548591073
6111376 274482744 404455286 608169289 155640861 381358428 450825949 374544551 490970335 7558369 790215629 508590100 616884936 420322487 760670367 893160187 782877500 636709221 746182753 970723996 243224468 34171524 285195608 22999690 642647453 734888257
166391672 789801262 213789718 669783263 917696238 780998210 140156214 178580275 103156375 918633302 35837731 340956454 617478278 98747470 595646587 89092407 791462530 712604641 889286351 674818038 949482629 375115292 10500387 93431434 381797694 17003742
499105392 693439788 710482576 689837658 663297571 348609450 410750993 53446039 32268955 285359589 191697804 779658483 545207726 402668627 346350975 497815196 103513892 301852286 42788254 999282454 485265211 123877762 132568910 209932216 887052066 262503059
482002475 196110126 468742014 560158069 47093378 151096312 636627175 333711106 833744855 295892202 925360748 162386344 111352673 207016874 605038603 746402792 460685449 381190966 335680826 479779544 163189103 219071579 139740513 20995746 33131877 682941502
8953437 964978947 952016753 299373783 332841215 725082573 593270479 202766193 235822475 924735333 701885293 644867884 824016442 118050629 275924078 945256315 387488184 825672315 75646632 858771111 682419622 161609257 5472550 398040137 766076697 6092291
568669094 840318420 479834905 267629268 716302619 407557385 78824739 742979833 559644204 164650624 400971176 220708580 740639156 293567526 851542156 913186714 952033600 280149945 279322535 621529910 946388372 815491406 934134087 912911204 635207462 254030796
763612845 849739238 608382625 184314223 372087947 678566163 771124580 187126341 276066188 935825491 773132801 663591092 223341772 870544548 898496702 554110450 242637916 18917656 994417687 102675596 984303552 953635669 407426362 589827296 433572976 539858451
733130377 237398946 741652058 752882082 486152732 643486299 597065310 970606689 36531772 7310309 453985489 100251464 568618473 309589744 938455547 214264415 248061781 300464769 530543769 102711620 277544551 252831854 79982683 58565034 86234938 91684323
846848615 707603412 586214555 944664031 947466708 294699294 932642958 311118776 880612912 452088949 180986057 598779283 181280251 904784601 499503927 68607213 703104298 234012642 536847990 500615957 712031141 962993208 910474842 904179119 896785352 971989530
749181032 696940338 297146086 713628632 927720027 907722603 797890497 80662105 327022243 355706360 800101652 598582678 975381217 662313678 137155593 427631901 875624557 676392628 386306755 575451791 412537552 44915653 905769686 838444066 974803018 838758898
82364362 683752223 841100365 678387070 23303579 892952677 622287872 511102848 92636988 435496164 326240445 484866148 387568399 393375267 652511379 98322538 626861422 179219644 543482564 390892582 780111142 162743002 628703304 77908734 358589943 586470593
459198537 729850800 579439893 744736582 688630949 145637065 648411050 321863251 552608367 110953262 345888593 193296741 679446126 398229143 756280989 554033166 31758749 627298319 880132496 765865075 358448553 16555638 721664548 354072526 698762614 148388607
122650310 284402925 700879771 448579506 888163541 584903857 569700065 663654379 615761192 88623249 926750919 338353881 22466181 375754516 175599105 787244032 136891947 917442138 935260917 590487991 156783177 149447316 74137661 151392171 887827076 110389896
585315111 657263962 919596661 376235534 344223288 517216921 544591913 52529301 223533476 398385679 93404319 264412574 37802456 626730424 332801101 123840832 922978289 922623330 123614620 440032931 649997890 269694771 333974887 17876613 797220050 5356065
148837760 803648440 214036955 188079736 505217324 305297314 528497229 867934808 660918178 482335419 56462408 427321909 893763215 593361682 702040486 444324693 187745940 793162953 530765423 647800405 398007751 110906516 918117218 741079973 776693294 424081983
516041331 631195655 157623367 344653093 726108999 536346900 460212099 452530873 299800506 200179127 736977094 481062657 29477977 667489968 256648425 149540117 718632168 819858194 578217272 74100645 950820574 203364037 944781301 376413553 814877156 802950405
459833555 982342606 402092634 199169761 892150139 140323112 885132754 275913149 35412490 885553018 45549971 783931344 623400849 786013911 544509207 345634983 502054548 942070245 856380045 278265760 69177740 462527581 116627288 835147888 492137829 955874701
915679885 692961182 820814848 463882966 845240697 819746053 901369522 502319661 30988826 489802838 618789572 323362462 271498657 372640659 743178737 390707908 877802230 216105365 363772651 182283603 82319155 582830216 473031637 285720463 724805160 541564010
92400842 441290706 462970582 251303311 339759189 452802570 554631156 204948767 598327799 283717176 347585134 584325015 496069797 144889074 619403232 894559556 209082183 97128929 292177695 823856843 579949882 33372228 583018672 914373540 75969743 841485676
760133967 121192090 283372490 279021886 123122282 485339725 306172899 742856372 622718628 325383600 859251016 906083420 209500754 300543115 519074586 249308375 752283649 571667961 867924971 754688859 730885358 428065515 507547718 60298290 564067212 495106212
600114471 19481913 805006338 829833020 741118079 264712802 114552490 524997661 53120946 654111282 959392916 294422665 193178136 448863811 991060481 608944145 2920319 147542979 592190184 284708127 313512615 217876980 730975604 948650862 325549509 320622250
42698371 698387084 519591169 617863888 799801897 690526303 166784759 827817699 146704427 548738973 724420410 718816117 388599429 118790738 590123724 893848491 910316517 33086046 147612840 218019264 861434925 808775156 590743609 97894784 371416308 596166173
798191072 548096206 910932486 712361267 92777841 36084766 324616160 527305574 166233270 621231355 228457525 949568314 554248683 420042371 218957419 8361991 742074432 444526054 262526494 127338616 536407643 742913258 369148317 365489933 122215123 896817770
382076008 151715481 334800566 42301650 563013048 895797444 44379652 527999141 546360055 799175818 93931057 391710967 313785411 140944058 727304359 914922484 641721584 283909239 882778433 695997271 27051011 102266299 418125522 861560563 112170679 480570319
939685276 692407598 634357500 63116757 851053529 399625089 423067635 581028670 374695478 461845753 332692083 868222548 566898259 187344057 738345863 383363761 417621828 91883638 699547886 913558470 696209939 427405561 325584794 929870678 574351931 52933793
440094770 102706168 132386862 621864926 784057231 942989208 363580881 141758391 612285762 910221814 267866875 317893189 939941901 76027685 860293113 948732726 891926118 124307470 417430541 376327243 220640503 770143979 103527402 67646426 317370656 525025740
563280954 891643212 189977460 583824661 918066200 107157408 191593527 789561342 546547095 474563559 352695271 549216018 165675065 583214534 990742448 406201008 423341432 854469111 809101302 683644813 617301312 264945352 628815567 972001072 611968627 332689050
179196550 350500469 190103908 516729955 233703450 523259403 685602396 552083501 441644988 65740534 710865945 512075157 8673621 687726349 287284298 299617868 892668157 683693437 521252372 534172313 477370757 831328580 183355024 339419606 552661742 507825079
620933962 401165551 424581360 340547324 306086084 660391654 659516788 43503761 511903473 2942801 249939226 932433347 695562170 149429978 698721204 374102584 163113340 199865278 208614089 996594790 93053320 621458511 759586323 399624729 911960226 185964914
877726721 463744241 690999683 888954658 927728182 661262049 330374999 834879211 311101448 135232177 776165952 171223151 974621442 941096061 612608465 10816997 258137954 240525877 14841235 287476373 717830812 423884827 464888707 345367901 287846357 372194119
355875474 373902127 116918376 610763814 750035236 850807185 438199397 835604215 845173650 445796635 286361357 64377933 493559976 654688252 145635671 271555984 114699303 174392950 797847151 470508412 476071236 279095134 474120753 890939039 718216999 508873885
984118194 692909535 270063469 687588785 302464952 81728243 474221223 959416364 213931325 989744357 921189081 646736436 400432624 644556950 448054780 67821314 196485811 237659450 735937148 333922147 73430046 65244376 827674042 132241466 26068731 49589963
60915339 326756092 222841032 817800771 924036535 605613618 188571704 424114373 923331707 842784251 643121586 115943591 84769543 396988551 330118608 778424213 734547201 174134429 867902434 725470991 792765441 829228054 859715177 615257320 380312083 330405471
948144540 426707913 152946744 980580603 412724710 533648300 51157221 190542335 147377765 320536161 55415938 956622485 47629677 170988556 69925355 336135545 605949187 838090149 619260659 207546751 178782563 922435958 964472029 150072843 80434555 836268449
821390049 863921559 217640813 437357208 165769901 927853105 339202833 10312611 509394657 664167418 10429552 745136477 944590738 671081384 159112778 563905591 962859720 960875268 815768721 276112628 581653247 306204525 626342124 106831659 507635626 782367828
622772533 147878857 96975275 835944382 611900411 460327820 352282589 371236037 221420289 844127113 87101835 832625175 672315837 799323046 364551925 646570613 678356954 152195873 625045970 670891829 76371382 534535431 754925513 636819137 265396965 336760509
502253814 799942934 540737196 114732667 138929260 907253830 571598471 727980493 10296493 190946550 14129827 607380496 563796532 695468257 936559716 872642299 89626603 820190035 696604897 970749715 148053941 161221038 667063651 457089077 359776485 690282985
294695402 774165008 629776069 400161036 518510504 356839592 863473937 457566133 304887171 61320405 554309241 577156758 767965335 826136258 151406370 224397556 628642482 618926190 720529702 150226218 511509719 980480046 787493647 830816548 284968892 624010025
791167584 770986212 94240331 404903899 616977420 770358529 815967268 142132370 147541757 652748067 447196186 343541236 334835342 143199880 270704818 937344887 648709394 984647298 229632167 678661608 367834699 805432055 906973545 512368613 368112115 668314848
830205849 339118179 719819319 716072138 941877646 391478568 118084662 569512792 989308883 27310929 368684166 93470142 677942694 802918350 195665328 950838344 481187195 45315553 254846639 674055889 975332728 306913699 848805749 883803980 435467766 756456063
577704807 419357247 567080454 114536885 574070236 991848259 988639721 356023512 67483809 755124614 328353687 267183185 471930488 170448456 335007034 121036250 787167124 821667169 938185648 114274563 401350686 468339130 336471820 761529776 256668852 406776783
26616596 171586200 219133668 130958900 98428357 617524168 492488630 842668557 283063755 835468575 647159327 336311188 192658698 863496399 505227151 441910422 139160856 227899362 570349668 218814710 396408768 561527987 933794932 972535593 310583680 454480241
482872200 316327097 213332491 646276767 358073307 515876035 817747145 668155287 270225055 936501368 760172370 274734850 196043896 879823775 821991927 862802273 673814015 686112530 475277369 821247368 838612032 384388412 253871951 830143773 731993404 980707490
473566885 381907741 885076584 216977495 96562264 750112856 66063660 4780165 962133434 468325360 122814822 530374891 679080916 977930718 874312164 95593306 570063327 623213933 398557933 476943927 728484298 50039741 941894329 3392253 918064312 444370497
825374708 388181688 748737407 447429442 96981567 219546250 374251305 76093017 761681071 834884137 528139126 979717881 530046028 358057567 293410137 699795683 60619923 102141833 895281015 458687151 844774901 681670681 120524971 866849354 564849238 460093717
316930693 347159922 158068111 588965013 985501638 386781756 317969388 401020488 302050021 493345167 142332078 224459760 446495885 252620198 369098889 719010785 624710685 789564050 725806632 631956358 64780326 935953078 188081317 227980252 678775025 679589705
