108 55
315340228 924216155 526381825 855966795 449187833 280804388 539850964 14549507 849876814 885278957 382833834 713822946 915874534 579474220 523054383 860828663 805307798 356920102 979798532 160144483 432514667 136711288 477418046 695676893 77085474 851320977 993773797 337921324 301733039 590954805 191367542 894321841 396010935 375617275 770491490 737178330 311320853 501368784 511648141 675604656 150661208 472116595 683216591 834175050 830126147 195610614 16136310 466460503 945773901 834153027 425810882 621915033 159765023 581820565 121906024
911027044 189524504 839141115 35245072 623021603 990595020 354162648 235698903 725088468 193395585 803363429 532253134 364395143 518354864 363797294 805500025 18410210 428892554 459722385 970912848 667600032 979801969 742241602 852635969 78689293 604055418 810141898 448083500 629842316 949856754 522152451 417700198 757575697 780130774 411181982 501621047 405114280 35336537 670594205 519572572 108433388 56941666 289472729 26804869 946028176 101424395 753507197 630303448 291273178 288678947 783877513 5216364 807764771 465266605 809831504
212408527 44981080 101342047 486540282 858828929 923374460 875282212 286464003 298131319 244575012 195084698 37725626 442139033 475957497 932355733 448584387 884403011 878526778 971610010 131613589 862643656 855020599 214081637 977329149 272799722 285694679 989008740 145944474 975562340 753514771 447582265 24125022 402105952 248732280 894588987 783152403 743996417 419965097 861638390 757247956 749000923 351127003 292014758 184971919 399027318 149042520 247423168 714839946 228934862 230617085 206239338 745743835 155273942 536863419 592231166
37256687 788697328 817959705 728812171 821295108 279605622 864271280 182494804 614931118 419837237 639128238 311493967 880699734 132963309 721927252 754818726 59200694 603504850 154194296 601676346 456844638 994416910 800272388 819127067 509069875 298208316 32609653 100490769 960471274 923773167 434799452 442205718 481460881 409371433 913634273 507513562 513546759 76240612 63256635 646747966 343757951 163990157 77676345 987494361 17265665 690820995 639856572 539454326 893977065 47595677 675200314 4869012 242379110 256930977 969336381
507683045 508368380 336338126 44141794 177504719 963994627 873321811 972266843 496660718 948906277 907274197 539820653 556823440 118688484 177271277 144210931 10754615 241921810 407337896 664981849 687222555 280840278 333839365 826014753 766463142 581484206 630039418 476851298 340332022 944006632 198052464 761189700 643638622 431945767 980032962 392967557 577132261 33517668 67154242 748969463 631783621 428924651 3253301 974661631 785200109 13483482 547091410 849418776 355908224 143179685 502404550 251643470 500762708 236439957 364956850
735550660 721783156 511240772 91365035 490154542 730342046 15425570 8552378 770571351 861035974 639285235 900830298 408068253 73075857 363192143 763315709 418766448 903606491 701276961 41992583 3888086 489546034 60335657 508016593 170400746 77345112 957545850 759611943 344419673 534944964 392939772 574625483 406614243 413111074 669051371 674913648 6242784 44003535 578243926 25340863 489509048 436156254 365548705 709159893 71936362 649838613 702534659 882643139 918881286 414993520 396275977 258006285 164681011 220278941 919792913
15793452 627516586 680202751 483828688 347577356 358308280 504604588 164943309 872844686 210963392 363834095 501443811 756336903 988773047 358413766 550847683 127346624 157409191 606062948 129320303 871964020 958240044 922398896 494399937 745487060 814209018 577011909 279079906 262791686 349271893 67899760 61438931 764896546 219337111 667762613 412580839 241612980 601659565 579644491 931055943 828691517 148697242 845027867 589074029 649064626 55206899 201413829 210816425 788846331 247508578 952535322 444354975 645380725 729296164 596555171
429044679 828634481 631966602 195571481 560480492 685624755 452844924 252678379 360819630 68147955 567567345 838771131 298923264 664250207 193505656 115493345 733926058 911870999 669659314 360245222 906165704 898165680 303828693 442401035 417182537 218034354 297382443 205105088 456011889 993870362 763704465 732832301 781551959 3093465 174367736 328755372 281231720 73790802 150981352 96672332 770178530 763450336 367481080 384071504 831842906 53321038 819096407 109684654 579258678 884009565 272794950 520788369 377310772 976742722 801494684
165684696 268362977 301279269 60645953 199861396 587612963 152616354 993977011 759103374 861341104 670336332 799046276 362915518 936499860 115783205 874161369 103312085 166048687 532091688 565982701 159823796 369837877 81872832 812034956 869050099 56909868 713605710 561650584 70724187 168541425 534603942 84051592 216623212 334962611 943270034 496862180 82896088 998513399 524944462 458857162 917377798 718987282 950376202 913106540 419267728 311815090 745504108 364669072 858623429 803967574 20611595 173286415 619330600 916754129 417760757
809778518 494918383 608267979 12512553 460779240 999265156 873848128 174491934 769727961 99080712 302642943 638864699 583974484 718957003 899341612 612612444 275629079 987481045 990733758 533587028 291204338 966582113 2080258 195250789 961124684 407286364 137449238 865645001 181274782 704811498 852362863 157527853 410645493 120661218 127766099 477558321 409551476 333194829 485058144 770664425 540414416 946692587 489348611 404677471 182572242 645115053 380352258 625793550 583807449 243943228 851458035 892881000 425879381 220865649 267104450
675675218 179490381 943243227 626412335 384015779 813863130 301379644 136887117 35845800 574131882 296857100 381512709 514429603 688521086 845208565 779930001 935092807 283231148 426347349 93173761 895672894 323778717 644223679 241285561 414872483 596393808 264031866 823032817 385306760 325610709 854456064 741025076 837329522 554398419 234578305 391346145 867559640 841247748 161954909 778244269 45289383 383359667 593713582 201751327 531055041 905190725 177457596 431230995 736451449 633122989 233109382 975936056 736274200 8126709 948364096
800138386 629693276 617994172 834932431 912299256 765219316 619889843 81155151 362269335 391879685 363874847 345758350 467955309 595298472 160501594 76817294 205897679 110069609 20264786 671681798 466805987 106234058 237530889 488131298 64600359 236225214 454583315 949398975 178896872 942468910 324121371 707750768 93306060 885451383 786932318 746718076 995186761 600427498 872782894 483433373 153772587 909288523 310380400 702154818 100081170 525659219 424371743 329708814 402461681 625974062 183370183 143582039 11117713 157378302 716662794
615671463 398371852 47411542 378223903 50015551 148033106 7657919 416440910 38408335 173365671 669769782 39140469 620583359 29114147 735655852 591600262 903518250 932400433 292298885 426909702 236525533 633989136 744939802 47003536 340717085 283578453 688770615 971976528 159837662 458459495 80520605 425188233 705772620 496369154 445499521 458468111 570904390 974372021 860468747 563829198 757424606 345369187 550767576 408574785 644574426 127079110 613175929 832413435 151600950 134356199 703777778 12329250 554459296 257506728 755487804
236778223 692729851 734006842 600121795 394932527 506822108 958128807 951195112 509006021 100210960 346413641 2487168 449179429 629686548 203172433 354644819 994540763 569826459 928919105 120287390 587065858 138487820 255439986 955920273 562437838 255156738 394441871 12579794 236484098 725019082 404411416 111567097 649211258 279900136 827212000 540079890 864342179 545805970 803029392 260406046 817339646 98524723 349341218 613507473 492099745 493946858 160737894 11725526 617432757 712835593 649342592 271872966 59928057 975051414 113073000
744325685 890748221 288274893 911692137 360533862 731747816 561903771 81996962 994972305 768096883 444060965 657484168 468003684 719398124 120890687 265898850 360767103 417122676 412676854 558240972 129339383 667863233 526892295 663562804 127096275 57062045 109605733 270493280 369054866 104495205 357831095 152741095 593935780 326107531 486299095 898474163 277188076 348491284 203477076 897028229 370033733 458371354 902651121 943367537 940896761 815605067 525069092 911879005 892439883 914845544 243284632 45461383 193507823 512984263 210450859
78798076 601540493 351638482 122551280 650287906 888204353 222203526 29403823 42654255 481578782 916685045 928426848 666217391 372438694 310341060 169758260 607478530 908426068 468380845 310258316 220136411 113121298 192331007 287035775 595030722 573948611 776008729 838836313 533219731 191469242 306649074 601917718 684203005 613123393 521704340 461825259 438898180 716980244 297414556 633173694 741177984 288663523 299396284 354369961 644865948 641688275 180262458 691785595 723355991 375875838 126462574 227215158 863833606 110644974 608691016
925746066 371382992 2032678 439986887 167880569 305353777 270593433 918822275 60580489 949150328 928718385 337996580 983837077 663350856 757399881 523029224 116477220 478419227 972686644 543147553 20797937 321877946 147930548 966109877 442894697 979494086 850431107 24588188 644991024 628421939 831303630 819727718 379881628 630127815 790149300 162520243 617442104 612872864 774729675 275401400 290400067 823781803 964248988 571058112 745573679 657422126 392723746 934112169 858303266 281670462 639592015 824261731 58225016 364725578 862616200
556408437 650555199 429909134 559904548 648667512 285906617 633671329 481729008 678128793 581033950 671031784 191469485 402951451 94858455 875538976 735125137 836040915 386591364 184819416 908814530 878098090 657274103 674857460 587957470 415465247 456237559 556587052 605317750 669244098 487740798 927164298 816549007 215500474 399508027 101966320 969981983 842539840 378304017 493751184 44986518 84695074 317336214 611459954 46967378 462746945 313117589 122681841 359217961 706480915 247699340 605582654 638201572 228572450 645823535 804202972
25617854 409095818 355245283 687946530 504306921 769407103 717096260 452664764 916650761 320319685 685743519 375160362 311635127 973985334 215077241 810699072 861804799 35831104 248344582 328663717 214371298 913404004 390744754 919394644 681842901 409832120 952411036 871708701 888717632 660883046 649709590 993596965 970013440 381563691 654197543 794669921 910244070 985908441 678557705 336520479 786827062 384601045 759421611 774480510 64232489 537915289 285568047 375315698 332309611 233856819 582775661 416512705 26353565 268110789 507422575
848019336 34442452 188430595 721783283 40111798 482858264 796830136 615484908 703772687 395479014 301872193 194427393 976867882 654292911 782042896 379219725 442731252 814309463 630848810 497918109 495921707 968332726 482670762 92912501 123419620 353535515 368594236 18959883 878004486 324479172 491612834 625001226 569022413 690247270 726302003 421696977 610915399 780919723 334089303 23912178 233842394 203482031 573107468 26099891 85925052 436176003 268950628 544440720 232528506 940813227 340258821 789415095 758151794 233410207 947892903
381452938 470535000 830746445 963900570 536170785 416746677 26468501 986422333 996388037 261810019 23456972 850537608 608550518 216129043 856958010 71651715 401046119 38662599 451779484 131896524 392214140 991128152 7732386 38317590 931934419 980266225 924012658 393941412 860758072 923982482 625076259 301879506 589208239 412751502 869688131 648710797 861748206 439496973 25465938 246402517 443353568 691628939 771468613 268821570 772898083 340844887 861529604 956084349 898605451 655096853 256975084 203189954 615582877 48757820 858425165
883609445 976711701 977261465 388402156 17846089 671590496 952071626 563731843 873430122 34615586 692086980 837173053 48759893 611621810 683282766 88421178 404291755 149844377 730215812 906621713 370842018 875042583 412323156 227157577 951201923 550757790 765083908 252366046 80651821 641136725 285250986 739055555 281452433 589665430 23070642 41582426 979309108 680896112 422878045 372076029 598719152 529287973 967256380 25156729 576763698 152436653 207397049 244370062 345061374 258857266 351901838 464260464 545208807 893298066 877027147
40729161 81314519 770138593 795300820 291936437 507528269 514344676 760851425 882978116 598247898 656669078 408790653 375927291 591681443 97415590 415492232 517476563 134586594 310458872 199573813 610400313 99970149 197331232 979847820 326977420 883157261 761268202 429647337 770317219 51660881 324318677 253557371 413768004 880289977 363895698 105873350 247473070 109349475 353165706 657255970 998626064 77134720 158355030 928360761 298835215 681299160 485901636 304013965 985120580 379768898 433200345 91575279 287801788 496244013 922360138
16084489 765351798 426009371 838409473 442204374 97924329 403374112 562035998 280482852 630660731 313678183 788967923 185998873 647168779 866682797 490831751 681935275 30953064 149157828 278729749 137249062 715398103 872015634 742150282 368922795 906349713 163061263 21935882 875454635 496406082 269784778 973843819 883487855 283862924 811116901 65447864 333416084 421667458 797470869 938214575 78348167 33548589 908705315 809897540 315986957 888828938 173033325 104011292 670399422 685147274 380447717 540015123 548761477 507847057 606398865
274127542 43303970 29720568 484644234 429449674 741142184 921687820 237372541 532957891 191416063 779434764 329915181 678646605 80180323 897340846 153539822 980265927 13081571 570075290 101526572 607378371 259426019 362968046 181954786 729506440 745259418 161846968 328134436 575626128 7207317 128765311 696611221 833282826 350374962 286075067 193701873 307023961 128196902 657058648 931078021 794019475 700692216 476617528 354246578 264124162 287526787 947319214 639661677 312605095 13770360 189266435 536545474 207378354 389516249 84500468
649816909 872834571 749167743 891468850 672534207 40841165 864626326 359994593 14488159 433846981 828517916 103832601 791063174 4188663 685073765 711287912 647259426 634074137 837751194 778654542 956187188 864828951 290162997 395637696 969744978 484817293 399917702 793317542 714659109 579143504 810883633 298824030 172956140 279666150 388816814 493594678 208630776 780782088 159022024 716322037 412700462 390241063 663294751 604665171 870598792 833790949 626406054 804246396 235237012 841404056 630283301 93560977 793333747 949202378 53062840
227651366 269708251 841382075 279052110 728989637 371524246 728682973 56265514 706457962 695692801 700174679 312041062 347380742 202433038 431054212 990539883 829585149 629966146 901624177 254247547 433408935 957126455 495845730 541910568 215370706 156834076 599220557 959552473 34384958 199566896 118632285 598724940 354832672 465813066 146757232 695177742 374520992 641309268 12793498 748551173 789222235 257582283 414771616 167462375 356012257 922682945 199761790 60058048 81935928 932308444 493342434 251397488 92938327 668790740 693924782
387906347 358867628 423288312 429749113 983545847 196465559 95326250 731440655 547403825 500073196 469914334 759727085 520802312 825067637 175256991 37612230 372782593 10774638 106429835 103010304 286589809 784966663 183107538 213850936 970937606 684434406 943839802 107058362 5440831 985579170 22892446 613234185 686703343 526737225 386938986 278400605 957519294 107028443 567385889 523858720 158403752 623211980 847697624 676970608 779231356 870985862 129467320 81714081 722174558 346760165 729964927 760691640 348462661 339510969 172106752
331870192 351522685 785768263 200654238 472290873 686207271 416864200 295769557 257099188 239104180 449801449 347019698 861896504 581831790 291385930 165093973 945072593 901054960 744578815 714987382 498920763 874358952 817952786 844774878 805138539 390211164 281378046 94498281 203004423 541724578 531141174 692506635 579185385 337378918 792474012 294654279 916640415 492115560 317878026 11952057 25076718 722426811 585472717 65960206 173049675 489866056 314417188 265015047 754097504 126612297 641388997 284860922 808082829 545073102 928653913
148193617 772522085 257336123 476730108 251467784 381152301 339226824 685170622 250063155 385868640 499748608 194739748 751030390 406210349 753568834 307758503 958923915 389596663 773288771 488369203 1265088 173564884 112875914 891070122 501849718 182485775 398491123 896344927 979089827 604592295 66426669 185045148 604034385 997318861 663981116 669352732 890644765 871318378 909880567 402685585 582157496 112910487 330801803 858006559 576128106 502562594 12249078 682389215 832489866 129399056 36365453 438239837 50505479 69242389 134768246
246909723 528079330 37669918 819490607 334327564 896307121 190114759 424582149 899365401 744553246 749356261 529367198 200366240 452261478 645659390 258136432 668168687 662834139 498597836 703280199 410086093 952045667 401632703 809963203 585973746 245512182 774472823 621088471 51319947 784704035 757519181 46920012 115028151 160462476 546602443 356004412 5607948 216909669 797448751 686420375 965410834 780842489 844758509 981912993 431145158 465084197 422071338 407146866 840517913 41082843 420947521 481390452 510167407 847765921 956962882
372935145 929819169 908985103 656611182 891587939 257450491 367170645 147861693 776804170 615731390 44163506 431985496 901909082 232055199 527507454 849227039 95538466 531305926 509891873 147990819 967935621 164394705 647996569 964247085 276417085 556699982 976037881 773731638 304035155 742403396 839396196 797563885 659467944 359940267 70418966 783997748 502781296 536632303 886922459 833478051 68962738 153414257 903803030 176520196 331908297 326125830 150510780 729731029 721762790 958823030 998366166 436654537 120673931 493987326 44102659
876771399 955964689 442865103 944585075 428362217 791665955 830690700 966559469 451183103 926125121 588921040 744622666 660059402 444612670 945853350 489021175 122768705 727668163 866599695 183485559 455862031 700101322 152578432 82615007 721511315 127499555 997216097 26261337 794458398 189739250 215495055 621247649 975974841 594514735 456685530 377039755 905946524 434068516 675974024 192276859 443471800 619624435 455403472 657669355 240011822 969068814 105864800 505529321 316036310 264243901 915297240 373165206 520980921 93876124 965573709
980599720 87232407 336315929 283654087 575749864 114768994 160804090 668494530 87052725 558358977 411830741 684948657 499504000 183403406 487185303 740351094 773978190 209751641 611900670 304769772 826873145 773813218 909803807 24038238 27545327 325364642 808607200 955143180 291947569 260834115 207279231 596475053 109470294 572127012 829521929 19623656 58816453 264892118 819732964 718958298 368312446 647933345 143705670 245085075 290083986 295609600 901570747 901495192 139475110 554539296 628594339 59175267 330910837 307455334 453386673
964537310 756255563 28768998 426358381 444340972 710929034 821834988 30102707 52333537 408091177 30586231 470449714 327644676 471353136 852958137 840638702 218607892 957218365 899764376 338716095 382866880 336310274 96326960 948347600 10604078 932259268 519011151 528416288 973032053 994352606 152003064 628251140 251592994 273976892 363405281 236418979 349503927 571108577 523795444 640906105 711220007 122778209 149153234 195524052 673375836 41404519 423835723 847444314 612503730 850529840 760834023 937893250 974414457 139662095 11598176
653243670 881502582 192099559 745011750 486377143 883530082 951688372 938668762 157902681 475312746 230846210 549559251 572352706 101276077 761108084 724653980 531227152 346725825 311617087 976710004 628511280 335921967 602914988 215473100 255792743 56116467 39515545 144011469 321699021 268056317 325194489 213752015 912447693 854616754 441010511 586890467 574144423 139964779 678659127 333111115 487969518 369383668 980739294 569820156 175318795 105242639 290782341 16322339 379021752 434493167 214720769 393173917 316335237 840483773 178583870
138791293 239092566 425450775 155663287 325576842 399797474 11534476 200359680 521529534 360812342 789089057 798459453 161848008 612153393 40152527 944641448 386983051 225444358 797229570 227733774 293034909 195105724 228739611 332274259 155690953 807040945 99275247 982718953 295896461 264379411 729657671 4418397 66101405 636705126 953255006 95301579 97042014 557995777 375239782 873636964 452965995 133996944 289608707 948336879 841093396 354961811 710050254 870204998 734598618 980728286 699623123 227861716 767587317 298731543 114706707
510229278 48974030 166815036 478706179 391690807 621255813 161758746 519742731 871848522 484398188 703969750 28530697 684891411 308961161 472630376 937205707 134547558 405421336 931602715 501469336 612395687 99852039 24292623 388921512 664363857 766118009 915945399 310420135 609416560 800606788 910092636 225292854 137782822 958100338 277448599 599564906 543034665 512360900 179956699 111683147 308048195 478265898 385267177 223225687 435808977 922716492 623341657 312882684 541539397 825066500 482841880 847499809 198153381 554155490 279255524
810906014 971076105 505146279 968432338 199687871 640095776 842688458 879878857 230137029 855081644 445275382 618163717 475197541 436189185 915515530 40822420 419269191 522160522 850476823 370443484 106806664 194574404 518177510 212014099 159713848 98031938 569795696 201113798 679403997 163258407 980174564 413752147 137978862 962333615 819575972 782892142 4058713 413071398 804829640 935836576 839359486 217478127 914122393 569044931 819987762 135807998 527383063 809182599 69021757 460864094 487849076 981021681 108146140 387533997 676605335
374558423 766239167 629243035 345060250 604484965 193054476 221694575 86786893 136284314 462643419 675004802 445916336 850530764 455682743 518172865 389366652 865177888 987872547 358152495 675367835 802146323 343217683 132979297 987410348 194934772 757526895 935086336 817482624 933164647 614518164 996801355 622992032 811796963 938560466 802909074 876367556 584300597 51212527 98630844 239323741 598921467 996074914 823132866 369461004 170344490 11659033 473216817 362165801 81448073 833177972 65319340 26083645 272458291 985689159 112879208
293803656 406530329 482509084 955474095 417876348 247987582 318865903 303876957 704481087 840071289 477360048 412720998 570173229 532203638 763114180 507935822 182429524 371153845 315628933 210093743 38143223 719375050 787472061 180056759 283081484 633090843 143647791 446356135 525987006 944652134 228647694 805890901 117075947 848070200 385546372 238427307 904811430 734616694 123865133 636899366 941709494 486419928 719690393 867855703 816541206 397244777 346973133 315586661 163329907 13605385 273080770 81120906 99429297 218551019 708573925
297166994 88177510 98421783 357192854 379811167 343030110 123315945 773607849 645297767 60254485 492813456 806287080 982380084 737400640 911045776 593745806 957609187 342422084 626551616 192849357 376376998 724463805 948468813 580292937 356896322 370268153 187454262 31519643 144979857 347826299 147688397 507085520 28317186 475509880 728873660 685120488 293123860 28637277 960047102 113105751 133909214 547299655 684826977 156797318 633537674 904520585 566141707 814053715 444681430 163871530 552465906 868734093 380540050 200350820 7993954
847377017 156718372 686378022 122704507 398716496 52135175 126138003 26838705 123156926 722339911 426476929 310831178 939100517 816209158 942241531 618882019 80363352 610826747 499403200 352206828 600976288 31552750 865541057 772385575 507834555 620916029 665117863 741031213 673998359 178877531 527581258 156802281 93167260 694840907 216104763 148216091 745020191 935563305 9637691 775077590 412726512 685906081 977566658 478201346 341561933 938498166 493826681 332653019 973824236 448744701 872087488 254944624 907196533 591352991 581432617
540381733 700463366 220993371 820164091 123625521 284633005 393136449 720377776 444161825 467671281 37319416 480775799 214203475 746171722 989841977 646009266 433550716 8654756 277710929 17092217 8414499 722054113 57524899 831798806 899536675 852520788 460358948 652697223 187604781 218716486 498525405 730881280 388394819 791526772 598569069 435132006 502507582 720476303 519568004 968678356 197971018 324102843 941583465 109827866 107716453 560016400 56264821 235550009 458872291 543102748 482634390 795110632 700828397 813024096 701800653
100591378 703259389 521411022 755511216 421599574 246772835 557126482 560025321 516337798 571730371 328725318 164382133 761362728 900291733 764993019 920408933 131209720 458795428 212503351 426898400 260548708 840458640 356310194 982278688 45399310 499510604 438757016 324995248 841281614 547087008 290409482 322091061 279786158 480512167 205178781 303366114 314411884 14150738 421310937 21127682 400157947 1466084 880304571 808412786 337207170 452661877 544721715 25977123 895935835 206302831 588940199 641300637 265002390 858243092 317462638
896567927 399841907 686173941 346341206 47709152 70746092 550778748 494544159 117338137 965375529 455635300 714946046 659394297 865231369 258171451 791957019 345339752 45331872 983932903 153632787 327446500 726768819 177568542 648948598 320127743 848002878 112368108 913682250 810492382 969936878 729803313 97546886 698652859 734763176 902614560 981030040 35643237 700478720 516349634 181809120 418884539 844007107 933301873 116047922 51206709 600973933 708535133 455131480 491125851 262238643 675153930 583208846 413065547 376757243 93001168
180091396 573981239 645250783 722319194 550811488 854998757 963099822 751251240 824548921 503299117 817529579 770503181 694641053 625378943 309977292 29048753 239512972 231972442 710467516 803484944 755545978 197422294 61460441 422186233 735922897 202807835 328695926 925766799 408569709 218412008 169336475 485122508 691997726 829873165 335936384 393936377 415662889 935022321 513624854 808732216 728702664 845692940 422123646 896132090 301504421 22541422 524406415 185095561 332988771 604904759 265514068 77788799 769715989 472449053 608888716
607557709 639136709 716049897 62356777 532998838 427104495 237106426 729714129 26659921 785961731 350659008 809630304 583252234 414662630 471640386 642579044 398973601 429162353 516333977 193185952 148750633 96871409 176952434 69261705 754507147 844645541 330831248 669066188 531221505 836175940 680162632 391567558 385550491 795945332 824588036 885574922 488123325 103594324 133345729 883473631 701251743 144538611 553955984 464134336 98100172 313307350 86661912 804533210 652226979 358367606 504381970 147306129 613807321 932562368 920499148
862072571 678056693 407473299 631458983 502843235 442496211 286371397 759801241 649932487 808709922 110164767 225357484 46925659 132918502 851202524 292715901 790319364 369561590 501475374 870450622 482534366 99491199 100687161 664495028 472728759 761375871 13451798 150111417 385815441 31572555 439345234 861868987 59534884 795047177 603354220 894102460 488362073 686539319 503990362 348142672 413932240 273010978 860673028 885327394 72035675 960907120 125951432 296451439 480355713 775584151 861419765 239455369 489573628 595902819 172014160
311585877 524174395 566192756 44969618 26499789 901589217 493071037 163454695 889294720 168795716 168819462 835836784 490961421 655670255 917995883 361035714 786391723 114555936 821457884 966241125 82004132 195718218 775321755 354886743 606928086 72185237 427308737 639176070 401382449 672937305 362696376 408722265 783162427 827206567 292477122 278728232 141390223 272257472 665696625 719061695 345193561 542309019 705453101 94724320 719253724 714542947 711052210 336335805 777873388 992277495 930670734 614621314 259278196 346385257 193870759
828090569 542984946 720759424 46229172 855313187 968172022 766225462 412305087 640899990 487862439 20701241 284549289 384792602 50782269 81042798 534333862 773543195 753970568 306238570 369314237 553463802 467737448 224722423 831813193 252609420 193343826 676950422 734651003 525871769 633761234 943058935 808209877 158034526 178425091 85255042 555573936 974427916 661539096 283829457 620190391 187163718 369731799 164899123 6217066 533553063 859418137 551225131 885788828 132167994 907785804 865857776 137393910 373517312 390939889 601351403
107258482 63857774 409615390 346474043 56627424 591988972 6331132 876771124 298224740 572001367 429423178 335670747 284556790 371619455 877820120 779290220 172435424 412606634 842056205 723081173 898911812 890886671 394944610 991080504 95099796 786631260 772720613 396773741 773158168 151388721 465719479 920336253 710289259 453230499 360126862 872522024 482459390 291481786 396201524 490456672 260383892 454903795 117832198 241383116 344077764 109881534 56381045 561036358 668044155 852581377 675384712 256695645 454957687 773162131 963240025
857993172 885353421 429387714 619733908 266861345 582322531 968254414 219721723 758974191 490851447 674644587 632828132 374210972 572971030 186792259 29323449 241284796 173784486 728184434 291799927 723376020 708344156 176999688 494242096 769366943 132368583 921898379 310681737 495905549 867218755 827851890 982349628 89802559 884418183 794140843 401765015 896882509 346102040 307926549 849255932 345991808 851536083 241647623 86584159 858247384 521263975 314768839 612097483 721222535 142026968 62403348 940768733 457416051 490536446 863422109
759674951 512799160 647584004 912966280 227325007 270937124 698328041 873987820 183141965 837796794 798725890 808931415 404715568 457805615 417142134 75738696 647202298 608267632 665624513 498170294 88258623 402313754 576553009 690112391 94717099 817416193 510066540 775276314 715613305 650452906 77768936 903640766 47054076 775726032 552010610 249735736 822091290 157498850 938893736 966168897 828040907 813122691 915778175 576269318 28592543 891712010 108023229 805451174 135064373 998789888 370215551 612901048 554246341 601170596 711135669
194786754 79560855 354321770 916118177 169904579 568325258 889941367 288644956 308429482 870358158 83827495 640941393 932056540 430353706 397585800 422431168 856583858 536880631 885099228 792547388 391542008 803366434 672380187 421428014 174680432 882246894 700034670 641136720 369690701 158937136 234535861 762198322 945897400 689977041 299275522 518024632 213161039 983138640 879571484 332248217 927721889 617472573 626861309 30326242 347923635 992059583 119770197 582576498 534474366 110635279 147723268 718200187 113629806 967031547 728282531
394344199 551960804 212979812 46996220 395074161 827176886 444031936 322703502 171707368 426729642 578267288 303702026 405518831 362932222 499610123 8686296 684906464 622118627 193982794 614043795 428396132 543990269 62383642 61441929 429333500 866520549 607052117 207952700 917117820 348120487 369378665 222751459 223234186 920732996 664351447 729058794 924257316 504191025 412971189 860700269 237288215 288793559 134627629 543808449 431589512 607749137 149839868 33785068 931072111 554898865 113184500 732478248 373261335 562358522 976643194
667088484 616317600 186012199 624154632 96443843 107135869 362670051 170291372 711072282 563048695 141982672 469061512 569752694 100165287 259034880 26215504 302664340 915381248 442191999 475550159 537177960 494582467 112653767 287063138 591588759 403864456 134837577 373973115 932183036 220112444 631258347 272523039 406495270 680337565 711188613 531644009 361789656 838131904 315406435 195141637 660946057 411656076 884254150 408456629 952797154 870962493 140137315 184032208 256219202 34463201 713947618 527121854 118144061 799213534 204602976
316332157 681092121 566176874 87677677 56435487 984555087 718974994 337031951 203297610 349368336 815178548 916263998 828830134 285881278 342838916 420068454 306486450 214580078 115394955 884782696 195248288 441569133 436585251 770912408 987679861 972877496 7205884 342411072 323456570 115185026 259793179 594093852 414034829 67556274 286342742 824075741 664031777 291498850 396912857 894646950 666524729 460940129 11148707 630699154 896058673 647914930 928153609 749281068 534405109 335236619 952511027 590566133 276840328 605554775 431628187
669227489 647766911 535946036 263349649 890772442 150865027 615240310 280377785 88813884 533961939 878152610 88194186 625553239 844829375 740363380 565430225 864426225 146915118 768033113 647486764 971541697 858223641 881007606 999793808 115271157 835047694 238204831 863324356 853663405 92404654 375596001 749111267 198094973 123869231 861917432 942280158 362149103 345224154 805911129 302599416 966515711 56029582 836630314 73902152 893444253 568878651 507046085 622840890 377371950 723972968 869798713 923863310 326093324 655262638 134183881
113450328 328397313 753667387 936870763 920074366 992875728 476687440 608513353 344045886 19820460 4268995 433120579 726310437 812104639 6499710 326255212 52234776 67987621 162628862 704079241 232781007 653914862 613225429 331539349 646466901 772948639 961525800 893166656 891473546 145051058 591120177 729984107 894890401 76359313 484161470 444999341 140552866 499589279 136736944 218181585 397358313 441696943 849985918 928829782 317237157 64215435 891631791 428055534 55402586 640864878 997448803 753450495 823014751 672230794 120732363
455714341 905622113 343545476 994311853 129226158 459410142 183990515 419305953 497317660 640373931 829014756 33166294 312260263 438810735 362791257 135543821 941728952 254135846 205790405 789205661 418575984 950554526 218035601 743092910 906005535 575989501 896892571 416627454 910214093 477378873 237681074 249897567 803351476 823206046 547130907 432572982 678644931 256430924 558335759 201888510 407434013 977940919 322586170 527251139 226031256 419208997 516096574 45181864 132849983 337772083 563767598 752238177 7431632 921718609 918446867
482766010 965516863 162592577 875318891 37614606 656526897 134230940 498385061 617071568 559692162 299161421 117478566 724027398 817183936 652394771 509387079 935280072 407838637 841741828 548830676 48907206 557468096 560334341 147700878 253591744 755188389 127995986 691880234 710107659 274581177 89817085 360167249 439580179 741332879 503985766 121281310 590801619 818177133 803076040 635812259 618169950 239383759 746495917 585964900 78044506 361212131 374770036 362887385 693653376 548163596 618705618 159412977 458360862 268819296 981317709
162470282 603102356 549563946 595042755 140594170 269868250 934556264 294760674 235907465 674437113 551300941 122792877 983366132 82863245 232530880 575391485 904003052 710603082 456444636 464447742 52525973 547713396 590017134 309531054 66360072 124565349 93987706 838446945 255623889 754107147 308246711 269024063 926060657 959043175 876993294 337970116 810888413 928257039 179402783 230348096 661045501 846602156 725016251 450606165 567380014 683207805 345063275 930418812 430174400 118827987 928944360 341882496 367298681 374627219 499234465
598528256 692420881 43109559 902485304 398881010 347423924 255080397 202590981 775559707 373294211 1021302 527684753 58612119 487350035 801689832 995240733 431810135 162453228 984847469 847050009 315563934 348458763 697792994 524479149 16854916 413340512 997280057 546948659 131929971 806061393 34800375 818674362 870032045 520861237 697962678 406085253 476670147 632174042 125993892 497381258 119749663 251216128 741825795 532426740 44570747 859662300 745234087 485736610 613166952 37337238 642785147 75492773 839106249 955513803 355540988
456780486 842039637 59598603 925310652 272645629 147849496 202167132 209538784 601388539 735624178 647401397 489053859 28789921 852873750 980792708 134382033 325499783 823914125 947566889 974916685 456963190 124031409 61724793 657476235 131423726 250731954 877773115 55974934 1343393 182368532 772796846 672194059 756860662 529546031 616830722 456083357 999801735 907061934 667173338 816294031 491275171 171991057 485496016 448744381 829677773 808331819 544592625 626675603 110526523 427874980 149929533 162724500 313417047 223182455 806733352
59268052 490101314 435088501 829511196 116769151 585606732 223285185 329343989 880891216 497251965 378206803 239193219 366252314 936256016 466657653 263001612 917775171 6634226 191659081 634790599 71582532 233771591 494504000 331991393 359671850 210718950 103137700 872765820 18819352 604887512 15519247 77549611 164497859 425409757 33984242 75840632 280754932 764385510 398499344 616117215 742240522 724203676 985024512 11274448 58127989 605587672 787524270 596925232 160742972 323279145 354949082 513088216 598425720 100669521 343472535
771046421 235869399 88774344 102535373 252130855 321782554 516777784 960125368 456713154 992419223 731914495 140267624 966233999 838072759 186526896 229217087 139810988 904099449 667361426 143910774 553768232 331506414 924098847 575436184 654016136 597756091 482776967 386484740 430901317 326169754 876022826 663839599 160523340 756505305 459265826 905599328 963192700 426579417 61427383 820815539 160599083 679162512 779771880 809653783 531843746 203697928 441787625 494235792 725374364 697027805 480016287 103276533 297409739 275734467 461298214
549666163 286691155 546574846 190623052 450925576 316809293 808405225 539043603 291470600 597307206 361000304 468948786 337084572 614538429 939231893 24180629 804451902 115133096 800677870 467919065 357411647 142322928 369247269 871402193 265898818 524628464 739327351 584351492 505441470 847908602 834556470 433418028 158432639 238459602 7867207 855156152 660402469 451853873 313383589 139947083 824146851 737501251 400021468 324171323 412235201 490168105 987451022 268306194 69542811 180362360 568529650 425535761 178089249 467538361 358066768
748933544 727285397 573529319 910857606 896184831 193488655 95078644 200129414 808129393 369662204 732617284 993423830 474605067 270416539 72267055 846310670 352456977 702843519 439414915 574962525 726365050 160961552 679578625 166176005 635876463 204715529 296079580 602687707 835072976 870750459 269071421 17194696 865782959 13233097 516362177 395254346 265731538 686381611 729020409 37713139 508673589 953776939 584866024 453964521 886617990 831436202 816430729 866128741 740381352 917318876 253796167 186391860 304523312 732808904 125269123
88110905 712460523 418246857 610877714 817291497 187498070 568800783 830742460 247390925 709028132 3426847 83170238 873397508 521858492 885783887 322137417 53529534 787318457 485958475 114088449 58088898 50311528 335088019 188405630 678092521 255891021 675820538 452784078 482535584 5502878 761361192 935706609 588079722 849126854 570319129 168000604 264237660 641031140 451188637 537103735 874934176 25225802 397517526 48045087 628894450 188232446 575276988 731726884 904903462 310491708 728970396 154045132 840178592 995694833 786363285
130533199 951100122 260836162 1601818 979914584 853498593 170663683 838604915 369566602 719779801 626143809 552964155 674040313 448591477 146672569 6841059 212966573 126910591 443579230 163535662 986459683 302862678 7548631 72953011 897572811 919371371 197487102 329910879 753535115 687393219 846015330 848746224 185972026 134369912 625503430 212214651 97627430 365642040 752326560 954648038 779303567 569653444 668886939 7769966 950691625 16406130 906974485 99648291 131541662 457821868 165383073 8012391 610485514 979831151 857130119
711050611 512390525 187704013 624736063 98481106 569538685 685073771 496316410 772259044 291839105 950670596 948496409 732046429 89619063 778947812 136115891 97726147 718021182 353676397 39236884 545537523 13479725 15907222 50832696 469120924 449482379 544899430 560964692 194675650 238689812 526432382 608793934 167354173 666664059 924782989 549964608 368100407 925609954 657965529 441738233 938555058 16174179 657229757 12218491 180242176 676647051 647229733 595145086 538153033 875511257 241773587 755013100 778536712 291812164 70692638
102802275 131011982 735050674 800163310 655158966 939255934 492597378 97913281 229457516 830350671 987901955 57041897 986233664 934905550 411115002 479470156 756180639 188485017 57620000 58989539 697241901 818365092 28913314 235462971 233482560 973072312 448458912 858647799 795407203 115034607 794184878 75083339 557854421 436276282 408298325 620033411 674541576 952797147 421912467 342147194 130904354 906457835 979963223 987383075 641742975 313424597 394878982 404379652 714508588 237029081 810492665 470647990 841830766 524726922 883888636
40604775 831707962 146045521 121670609 33767511 912371386 348347367 928712875 647227486 305502926 33007327 388230836 322516837 801644936 646936346 194955399 195086824 144748207 488707408 424141750 709288571 68229181 725284238 88716613 792093762 486791905 297336754 695136813 28781943 222587518 915448817 505975258 377805287 143204010 822478674 29720238 257006453 749643568 454381105 786446972 625000086 629689486 389689021 359144717 1816788 457969272 237642105 260035742 355642700 967714899 80063935 456663648 690734895 20865467 241291832
831502071 944935492 710802685 758993765 58633468 723797348 343179677 999723546 135449979 762029309 720130770 707190269 201582198 229180304 369712645 720910347 993536863 414553140 237907798 566719252 262023074 471545104 923518487 624781882 414321945 361040356 702440271 677171062 710955670 138666113 96559160 148575763 2337373 961529676 231444161 417059633 399713958 542727104 425530380 940518979 428988447 719325417 126251761 421344145 482494569 141716969 387906682 166685879 539293335 429863030 651572325 296457508 976963506 788212570 738809253
480797340 881748791 111406834 810727137 292164023 29378966 937135536 389437684 992632416 459503285 868579481 227031403 971971670 939236460 581015496 252772106 109361582 487111431 392618729 431789639 960244047 989136327 472452543 603912141 703851892 767550305 877572254 293888251 553172014 253258877 98925297 615474275 550881248 781408312 895419829 146368075 998758337 125523107 947930108 478340399 295786077 639522113 791806828 394936893 847010837 389845389 515547326 106210263 813901210 720724850 738944575 450353173 993853558 891404241 497004113
655887680 707415939 245397246 220637675 791348312 587898225 437014339 576446741 922624400 991430981 485361500 79700334 602890956 667070164 267320058 788424870 892778538 273523532 750849344 466161924 327649398 518880684 357122889 514855904 773083060 305380167 503764640 929145898 970458010 146227782 7676358 866419938 858078739 864004130 559609007 628422045 996212669 734607406 457580357 80999687 107552364 309868043 366933476 529464155 974931365 840379953 702229468 801088749 545756452 97699437 251369459 166023329 602903382 384881245 4694240
819718768 173494751 981653494 773389265 661711338 917138454 209554943 20755174 670829231 113747332 880530067 944637875 616311541 567909993 379675043 768177602 734970886 82059831 948350834 178107151 18010302 807554581 235856663 501527178 982588433 779122013 353167614 509392537 67170691 79903774 809064807 833812371 361410990 977692058 946935014 868518982 676064448 642214089 219618017 808908913 147253498 832620757 976224277 200166731 268623666 646323100 877122322 184093178 295770961 953191473 913563834 393778205 757332694 383270236 664385222
315721795 473319762 316413461 61133377 950031474 700642026 504962060 918613515 269516449 912653528 653606948 911699799 780834109 111590890 677342452 274833965 617512872 156334338 559398213 229439465 573398197 20436372 791422103 934175162 197219630 364775467 60367771 435745572 364090446 227330788 463787706 78161534 798233671 795654641 903282317 295184757 30747838 940792343 532335714 695184263 800573770 742017840 889200830 954006665 431999480 291794090 393680854 755433250 807687626 392094727 926463508 38047565 611217715 724727643 183219864
841054939 594599069 280210385 884481972 228195311 157628131 42058790 748854639 989457280 525617623 533885740 70814211 920221658 838464701 418480713 74679904 781830429 919351502 583498741 869584551 809884093 854753719 47171136 479553711 79234304 545572375 787870537 977767555 605443971 398321156 723146696 991052513 396764086 578029959 571352453 616221629 935686747 429328155 678901214 238692028 938824459 952430642 908110917 880505786 168704177 870180272 853804224 843912516 854251020 823073390 11014760 914495775 463202354 825972152 800360938
80976063 334788360 195124687 860751881 64301520 732063178 574184040 465430554 187570353 893617545 137351980 986094726 880158452 185485736 619510838 308670795 175200736 463124575 680648856 652741756 557424367 688724792 504438486 974866621 677565008 831752597 252769129 713492423 480033638 757252904 447277373 678405866 793940295 367385208 240602675 158184838 15223613 661740387 620897184 27898257 739655497 707390870 150470860 955691028 902661275 919159575 500598644 940874670 572215323 79239868 378383945 481315087 215602916 280543921 972355951
455509886 513813699 579617014 180355327 550298452 302604988 594137055 302646661 223098495 264713093 277517970 697440386 886835968 937816074 777710988 804820715 743411565 865616871 13997853 746099112 757001584 840983537 479746023 296312854 858809925 795465902 847175011 451833990 890573632 181169367 870234204 189449915 849145925 446964189 519584625 166723184 154430030 278648418 6118807 980276688 633404393 462026428 941055126 182966780 814448567 313296757 152498567 320701833 571632367 312586189 7230812 4259583 31464408 885786166 723023192
238936411 339701330 296802007 693924755 437330061 789196366 237767179 675863415 340700667 15500369 639217887 137289798 33756413 643271670 384409495 740978065 699002207 590287977 257792553 403151298 466480098 79195372 431899840 231863955 27233466 411421525 843290170 971276693 863771665 294141582 201866923 69414571 28667011 164224788 186622936 410741900 512999840 522418553 293472701 630987076 543054446 180973795 310766344 552961203 843985892 877997450 852138395 917272844 160392048 499754301 414871821 669285720 241986930 35182558 332919082
127383537 990693311 237887458 917486703 59772167 128266271 336086226 764335759 205812510 849766094 852151756 975633136 547357582 896839423 755059202 948296495 690917634 35483476 704654650 465663384 842962938 656073320 688947276 507462062 889596745 135384901 987443624 936085161 32895639 522508270 503500237 236775923 686362847 571822039 374114771 560182698 26038002 217903719 923802082 618412322 212798451 550894973 271907768 938783584 560498650 638281192 972483880 535014815 766317553 646556654 867814037 747239375 876842329 814496198 389326203
251093265 525408134 891256862 276353255 437946428 826631871 356466325 991640570 748397660 534636703 194520642 57860201 242521389 208229527 720134187 852416256 447747492 145343081 406079439 10896922 936861287 390546094 415786909 177737771 950893136 544087890 478918010 966518327 20255469 927813139 830673728 75895896 627905283 418594565 954226489 746822203 330349831 255573776 538665128 519419811 44026275 264593520 871413824 604208357 414362679 150498101 647884459 233567083 58391894 370640833 579469060 875987506 594536261 487422797 822834013
86997067 160416383 411304547 357275450 735360349 528816691 520347493 607261716 802517537 602101956 471813381 219747800 864404709 64660040 428389067 376385381 759449610 11331850 231209875 892713234 226564742 575583753 441411084 364232485 875176547 556633974 189480250 132448348 82460990 127976250 226964724 987145832 452787913 735057773 751562342 723493486 639523145 440868576 350689425 939958148 921513496 906640277 180852422 400566074 339446308 807818049 95032623 714914318 356590190 679355345 277288774 123090934 769664141 929782753 601460828
235596507 938733352 848031558 617282579 797539096 60009088 987186054 414657764 675302399 94631651 747379803 743269019 177972820 629629754 470402612 503842006 325707472 506988412 653594292 855725961 963166879 399632696 50788657 367875964 328839138 100054032 709941558 650617547 859867694 845112888 454073089 680744294 781467916 78324987 730896902 707492239 215088759 207516470 334428010 664351326 247608161 75533275 500329096 380603968 786314798 918300272 975736176 4685684 535302454 425324430 612781411 650738317 454708552 951072098 108822361
25239795 352504354 271478830 376946299 919619425 469155578 954880713 392499880 541474408 128149240 103946011 774648564 881879787 943394233 22644899 740788261 2030241 72733134 849231089 145952053 247711383 725254971 874200619 18896851 579710891 606595576 909751692 888403681 35357970 864599667 968954849 938391799 922493138 741214220 912547338 692793055 329196617 609809816 971518335 387592727 876269220 883101663 160313032 278616402 573000553 389878814 947613188 209342711 752503534 706751622 636136291 485485984 439623903 203363003 604554668
202073757 193073340 241131605 34883768 336873071 164437592 376559970 404338677 797740877 799042139 122299618 773539044 953513890 362668737 704765258 327039386 462794381 659988314 18330370 974969667 66040415 85686344 350279399 184232091 22972705 999458435 159546570 115328115 77086987 885720152 223580654 794966066 497424654 408805350 263776654 301832273 78646603 329506208 180933461 960772830 864370074 480940238 835710948 425181690 158767108 151842827 9219919 807687259 763530057 293664200 905019296 666819019 356397403 879146696 551465299
223009702 21828065 682763426 291375064 186457952 41946293 105842243 612994581 84947709 329673831 61551209 518288097 867483031 931114679 292837928 635308426 469894620 25746718 262748521 129760336 927298702 882590534 604785510 92515559 377940737 875273614 900570416 767269113 89744800 390074759 353145385 184600226 274347112 945561209 822300810 11489010 870233450 106628063 869390814 750110319 303633230 194417638 903201669 162137488 84421579 350083571 659797299 52729667 208280112 405793050 429214062 997744488 66302943 234533031 369676307
591771987 300993228 894848153 100757713 641416782 896328194 751432738 585356204 733271572 697608734 246497832 740911996 993768792 922085842 333870535 615805035 360528956 116172899 80878797 249528443 537979610 265916972 107923005 992368638 492923327 613197081 725949133 48701980 478240875 73552173 288709991 968605008 607289298 436088572 93167532 82063851 679411422 660929585 13060204 12985488 45991658 566998026 677130287 188194998 159767112 111087063 474954159 419169066 823611581 308265854 176690268 236335242 971931648 750391802 460106967
256816586 493269566 814588887 367368567 792853683 50920089 381981112 439937223 750880863 427562404 715726034 865413637 574100927 169005032 257954670 697592229 949588501 85380195 521237355 42417101 808708986 771269380 729063097 561303766 693115225 842513712 243029983 759460817 446510322 961716800 881539189 628429056 336736728 763004929 630731691 311371864 671273075 108292402 345963201 415189510 366986367 768914953 162204557 915928807 485098892 61299375 401026808 864107278 791236476 375466943 468642689 997890626 819555079 280607435 700186040
955864189 465460794 162421463 395312324 600566382 40535283 658268892 242117854 477643768 606358375 297146950 210178516 656896689 362172573 935429495 466753927 312172644 227468017 921123394 444661869 52624783 570381458 716438640 151414287 448377830 739428355 29891134 191544204 142112974 249890973 390081245 289538581 104989666 208753420 179714801 498528623 968801138 628796878 229845267 464744052 852838655 608401336 265628751 67199378 785122241 69688944 257026215 502836042 280550689 120607987 181983118 81513138 610490175 88791569 735780461
225500148 424139117 736391404 5159201 578030797 923856561 423579517 587723387 282615054 305396295 39592719 405019327 26911 413489181 293022914 449072677 246034551 757138262 176643081 389052252 439302181 563257544 945526572 137288194 740552010 868154749 37078471 376846637 870960541 857641270 557645641 457810405 999753189 20710115 938214774 823332775 784672899 180776748 377066214 944892132 298883557 860091627 283715460 87432575 876808468 667213232 461606671 315876179 86602279 468536892 705216412 620840107 556768973 698691846 542233106
251608264 33652936 620250809 263068844 29854815 219961452 293187252 502549883 95824408 572938532 165672840 331081954 241377040 389320174 335534462 744561688 508318040 716989914 885997327 265870761 47858291 935123086 760044906 192871413 560171996 990650053 272273137 859604912 654037374 30921931 611664316 729261153 417058874 259825411 30746132 229040867 467384421 798909026 833628921 43029478 937369671 820796657 549737629 233024110 622529181 218186830 175209191 918609491 852437783 507458091 424689649 859842240 368622811 653303502 916248203
809654453 930046208 641019792 813884085 936937861 792989460 314072926 800845864 220671832 83720599 555172667 57104078 233460650 679249021 735920316 360502086 417286602 333690288 762878090 784999265 159930716 730401676 518231268 392096936 26265816 660966754 172957210 705276627 97835017 400653301 215013139 229824595 957513358 799001599 377803208 385363145 327207516 620431021 411376583 636174732 5815866 735013407 784917168 856417320 361462851 582433769 141355707 395788506 792887912 157984149 308079409 28104469 209192172 521847583 195813103
53092863 169501414 200286071 736770278 124977396 926593218 168670979 302372509 30027778 169401024 503844378 285406381 438501484 167025012 734483850 286552900 662679848 29173828 133765906 173771427 550100833 408033773 567747049 521759136 506728693 656842495 840037686 431064613 888729847 184526428 370711189 427757999 450519598 56705981 365307544 677035983 736170389 960504877 63820100 849302701 507200729 938934924 8283280 879205760 441398494 617955853 999655145 139574039 455074874 824119992 283861425 30937683 684579769 37415913 257973691
285682858 479282903 850460367 980251089 17836198 323615817 623783150 619065647 910558820 376577652 228027037 787097093 921242646 323376116 163291529 263924216 329070209 88834583 175111984 9113761 88058752 381259104 728764775 699926028 430941311 385873924 407895765 729646907 506120960 732647536 840971125 124435617 360710426 813941185 590035224 873285288 412439029 495336522 415795169 743105067 755863631 579171346 886325447 765147900 889542906 524541779 935863318 604478047 13211995 234730748 825729518 900809613 177181165 221382960 633917123
629462579 464883388 439315397 636356571 618501360 919526379 347171014 981965779 665754586 375694382 744303346 601738011 52178170 81155920 199916090 536227957 133072075 125641391 311744583 543123834 834777279 269595579 923087089 129127189 670797754 389241466 938702025 736140293 246583445 434184199 89412496 302231903 145669276 444378383 651371710 848279819 45433873 186753618 493053436 251927618 728826535 92772136 606359466 422203926 527568391 536138233 491502426 440260074 744530510 331640004 783081555 218957302 658729613 5653401 774186511
160461764 243884360 59216159 367966397 739091126 87653624 162748175 878039999 102653053 779038345 997999798 132162093 500016035 949958620 150300535 296899409 352679939 667115078 818293575 64052521 177587531 282103567 378921776 569756905 919555969 38580213 745937358 192523126 835024763 344795046 336739797 932008939 421527909 690553929 962511497 520616472 72667455 420329974 293344324 298575614 125380445 463059769 386188019 350194004 180079333 711358355 353651865 787607045 126542420 723384313 981567435 762982064 935983098 538283859 328611379
829656615 647702137 352338174 256237838 826054384 348149578 437447499 172588461 415712711 810834232 841960958 584418808 889114138 160101602 738489551 281392358 192712331 977218365 587274732 837682950 2020210 784025104 184758389 357719801 257020761 627751031 361836287 129698293 254974334 549744481 699086866 630273092 174012500 687985682 824977579 4972995 384982018 707377314 545493691 480127076 941682914 161129595 792287653 873407660 503724547 652915934 661911748 689362485 605675944 836359007 613150179 779896365 585422279 868309605 567256515
990388182 579913867 558754219 24757912 461143812 508068051 248645826 15332492 773975714 642662065 955364749 52632123 905469229 832243691 983798467 938708790 630797111 760392829 496583280 237040768 306005989 875915028 615658612 964134676 698968434 801516437 304083202 847227996 471818154 937949076 635641635 748546235 777432175 524933341 626055985 141958661 886829112 265250799 377647452 806212098 237933197 470690428 197577256 960208111 101144204 936218603 388017389 531323900 136231783 746943446 859698774 392864206 862808292 245759116 194245346
164638975 908402652 448343440 834345319 675553945 633909948 162307096 188807050 396698783 287578631 529836943 607116871 21210245 972263121 979573267 133774447 612033970 381390149 82499319 52183845 40198149 240934177 662669635 424075873 802248781 745797685 269557295 335285101 714268880 833652456 501234604 260468586 506996165 184685747 507975387 659901900 739360730 400079523 903070355 371415258 344937646 667979739 446604255 49985071 647070040 534360592 33686654 245136700 749502686 919910411 169610082 953248707 905425087 474198059 233173297
627017821 238332778 777345248 243966663 635742966 380166341 749326129 380438450 685336908 656493735 630226743 39729333 6763379 402705757 478763168 307334725 960852563 441199145 804266285 437797135 996409384 902439358 479004468 558352496 57001730 424681670 906247198 729921787 763254083 382012508 446240490 561363703 111815203 776738450 739294888 153156831 230477359 469484780 360587520 846139360 203236294 448706276 346300585 612221022 521385371 12507236 9383921 807896687 549698870 115395150 357083964 160355934 375958899 146847480 951651197
588715305 776648449 67733160 981460670 65680132 250133731 763261469 582157982 446929876 266630899 806504710 487543502 130374069 471410266 987929224 565971859 717640053 751546906 880581564 304092231 921260310 209735044 333043246 413403608 52275280 518141634 43966559 305098568 813209356 944269134 483199044 625628715 642072042 783611001 311200710 71364908 193018044 862905317 71946048 378835592 987758857 461144587 425913348 811399313 959286923 826947255 738973398 60580908 680453553 973559686 805672047 422723412 316130334 799092335 615574523
791007637 731079976 366128183 812662172 253286033 895942234 201706235 56153829 98001023 453535218 984492714 250321247 11559591 213838691 885116809 108094727 652641767 712174549 794042541 914988750 110513969 573084832 748674180 724534040 732700682 812724181 783151437 208756798 860906253 923064501 16385435 536299788 116832358 892997175 30454998 839908163 160944728 959931782 837194681 248077848 82350007 794542721 299179221 790702771 844355695 881124410 525028109 643502257 21838331 912134008 388265496 136582307 896464366 938034996 638976259
657730701 219200110 490349855 668250284 886897255 869911732 421303835 126848584 967998624 732166029 882230974 115997661 555093654 652998108 218778578 837294793 783378206 900156182 698420440 599561785 457900803 279001028 861746816 528830899 83546495 989469188 465435954 987249037 780182211 779715081 934026632 117256051 456950901 61408407 99297489 10251493 784930349 609767815 536856464 321430454 552223223 594903113 908674044 419782798 497909460 535886429 848707198 603430761 614423864 398195161 229184053 741383190 216919949 478505446 209891189
960799930 740647087 120258883 713662531 239627338 457486447 995301057 451135707 394605332 324443664 425319876 143808043 482999095 564438733 982645961 743239765 190061862 449234001 572294106 315579697 455679017 145314109 21503771 828574408 917250267 835467173 84079937 581459418 393000877 870218643 209836054 585564761 146744162 677457795 429012727 474801132 446722961 640701158 630530390 792320109 774119207 460036767 58020152 619442795 105854178 565329800 579220407 505461673 499547606 538402542 410995585 600468381 228247020 281739025 428984151
