108 19
836954812 575231253 417314063 101296104 239421810 188789247 341522509 167674423 524466225 433994970 94956332 550116112 978714974 366327189 317144268 633462443 655337075 203565906 362576032
912603063 291817086 327662313 51838704 5554642 881079968 142928228 918634840 141194258 273385104 976257665 903061319 189796223 681777430 997750067 108721281 471598998 999689360 22915617
828458910 646685384 185786224 874467878 771638408 704712952 231274171 191805647 602839297 252890113 689834635 146412256 521853211 367584302 364874895 808736463 267340733 245766336 5039238
788711240 8217381 825760364 516849864 306235303 980830561 372779994 55710909 84690561 538506964 438925351 439897443 784458267 112526520 513228132 998688204 350285041 541906838 1214740
432827293 250479153 857336783 25560754 275004817 915654205 427425303 522233897 383222260 765977901 761557492 562535002 235543337 279257419 185609795 857132954 31344677 334365077 546215860
296854064 503591153 173756990 921266505 430672603 485782315 946270509 101346523 733688651 105546885 363488380 324398485 900776612 366004549 848260346 714014839 941885950 992466628 10156714
209206484 329205479 152475631 434396994 740518612 324798943 499205065 89086637 645380083 132369114 203580391 104523145 970589056 218682818 503039730 56322986 712726303 2717939 973313833
487997077 549615432 13926333 883998428 760516102 269570501 604568294 982649074 476444778 193332792 344911141 544971108 732105573 273951891 490955688 661288896 547453518 459455901 572562063
266339239 657222830 223130484 912466286 126715727 52349637 717576198 934549967 674911233 474337797 509512086 3804078 16007324 215713685 288075581 660131835 166492688 901689039 326910823
569546524 372293604 599341506 326871122 422464360 437919409 179704240 509784210 21391789 700702885 354950545 992134544 335884714 889997825 859932303 793517062 733271190 549386139 264837256
860284036 978293143 80218973 445513872 277910511 597713484 602431684 617274220 131292157 352319300 545436514 659865623 857337786 270374021 455251804 742896192 290852869 935526406 793167340
628847819 168020499 107892788 976407008 592726604 881186284 877940337 318300185 749809551 574878441 769249680 200772109 375394323 929645116 636356699 274814022 535174793 823990120 982324749
259994849 312111450 575434949 964514009 954609680 541107487 605338110 854390881 155064984 827067175 66334866 224998975 263752276 766560244 677215318 123692671 289403568 506574782 966186481
568676899 377115950 441593582 50912606 985136030 143668197 902380196 621170286 840214874 612336125 590889266 276660035 781182002 690109492 36745375 143234262 545227256 851678556 827052326
376756595 549820400 943356634 581048244 471806776 210941267 794358057 447469677 774765721 98530766 453337173 770101543 740526303 787717120 513140353 62755309 721522340 694635007 311052897
989287293 278417496 42225620 2419136 215895499 837695168 174123002 258134524 224745084 229999473 494988771 849320069 30329708 995871065 559355507 420838242 694269224 873090359 513817219
794857899 706706293 741563934 92279647 4222480 90161607 403660790 858891080 351962448 453419466 744587771 530695667 938104515 778540509 165578044 203569929 189541073 758032274 821590813
211408037 814435193 712332848 99380693 163869657 446999755 988113201 383590641 858848041 462642542 811009220 261127631 48804622 814363 240992332 463693348 984663668 443485984 584490207
452077175 512325948 855105757 917500871 86333091 595654331 558544458 782284037 654471769 143435833 436801648 876554185 33180060 427335027 92440043 381610747 509735235 22989594 321939311
951772598 242776954 771827026 194331712 302964167 462942785 196750388 559037624 633041458 596284907 474085452 667789509 801103277 112988577 153728795 194771048 62712612 468610525 156123030
997967927 805445171 58448111 298267813 883719131 493405103 783387516 812086693 916552851 353670686 703864057 772140263 276915120 605998138 338906164 267125294 857326359 893577585 508372428
849215285 134851010 581983336 720729268 497949223 31583807 766936436 210687668 747085861 354081071 301036831 428269800 662971332 223456712 596425385 364126783 815766412 540038228 759554692
537713149 670604922 713801392 91594455 130894393 792084094 486036686 592619005 888916576 338465534 505009459 194386691 600287152 653857106 285085049 221153837 498876350 80237894 961939150
117205361 778603249 189386651 47012468 994244346 325313284 780964997 518285375 80194470 709460360 363845678 94262554 594700169 186283103 270850866 821784450 750838376 621910594 975905058
30973449 304669247 566485308 432248065 477671892 185635260 33598765 579501002 324602654 601310401 754932297 868440807 31643059 838533349 730721686 391887035 700086134 939302388 862038897
659413274 841634523 839656555 676789770 974854604 417562989 540011005 631462371 355878669 767111753 650122256 260073557 67715600 993977506 736805953 447671818 867807095 899165243 772201692
873527172 491753949 218431472 386855268 209049493 35357772 183547437 233505553 95210469 511115463 426526069 999274829 76132208 386936002 476627164 338200118 234311941 603869092 20990606
543089952 24766920 878573900 811078726 445844752 237183408 437655177 283052503 192896833 873982986 408916385 731237799 629088163 180119028 62750411 625145647 863595351 240155363 860328629
228794748 739111732 825038621 754750718 496961969 732447814 50222656 875259069 946837891 181411913 595856313 839120632 910704571 394627122 583166286 388085038 704449208 822624423 469501845
570959310 334492906 681183874 579392122 364977341 165633368 512089425 192096189 537180117 47814171 841060825 818993522 616861536 611391713 46181519 251252351 957303457 529608555 609264669
749207329 841538635 213593615 418573795 126201191 654333192 94893110 673648244 905829813 48985075 72842975 613488149 272939331 89104670 33569051 943064385 768537244 32363533 778462351
584143655 785470496 91882041 161805813 564748842 991048322 368995727 190858651 887082080 148779850 451384046 116736482 366953492 235388755 215813805 642190784 105369157 240633166 364411154
317878079 604778276 646711358 443793627 716263931 729027226 724580346 352469945 952774056 847635648 443191215 105639121 522779274 295466596 47875675 91771706 32014844 748603275 990074195
963483777 752506090 96407529 554583230 367998759 888322134 10441579 115315223 23295777 589679574 316437677 171951791 192769112 764093460 543716229 849990184 316753191 749228365 394190198
498157819 576997088 216156627 930576445 730238195 223457351 441256075 444442185 132184496 349400085 190000496 1877818 425433893 196436854 954890254 747870825 44077595 548487819 13763591
216691040 385523372 596888297 125821842 720132189 368079048 27568665 325772279 162604756 792868019 395933206 461607956 887025642 740197765 811653586 303401691 948978939 103589801 685290417
365298642 673917460 871510878 185948683 931046801 702215801 910247225 730191791 469807175 139677985 398920865 394085979 625887798 96998197 274380882 209698629 241554995 28252309 89738971
568438677 376834087 757142098 377362208 382265576 862798224 129188149 515010264 710418383 838848000 388597815 697098511 16909902 792526237 120521479 76031142 970692701 397327264 317072007
664819918 190047338 129199318 342991695 723145617 493437398 268439586 950523433 841682505 827784563 99013369 846186643 878863399 76686860 606405604 767589184 796246189 667094750 416919298
686509719 832083508 930353687 996047491 41276723 71219303 77600094 15535406 382784097 234464454 77442122 928304348 552177829 129729317 31423209 66655994 465084469 265829930 311868987
113993483 371265916 567082962 471798965 79704868 535724441 534704620 104423103 466995822 353735389 590092444 15701814 443266472 878644049 644858074 671888363 76168611 100625709 976658673
755799585 249157572 663986018 825957120 828045075 650363013 791961105 192326524 331084908 443710451 809444114 108469164 278678733 661220914 297179759 814125612 450598474 826043381 331545317
434004331 683456237 303602950 822514794 655494700 124567346 285677252 979089057 298730505 577952393 657371296 989225831 550683627 729513944 474799775 225658187 520500371 860400630 141759451
684302861 232482069 15547441 110478594 833415462 806271320 751794377 399018709 637174336 37229719 907895155 673364650 869280698 680950242 718779862 1340651 642544421 494030494 935500305
18493333 476080585 954956033 319449395 794777274 900523297 519455895 234878914 792760575 96265562 961751232 835740725 66556447 925632473 252684591 300093306 107785062 913303474 145437804
914648433 907816502 754396721 563280979 405059438 902072965 350824277 446926995 98522299 424575325 56747600 927022385 967842580 835579740 826398216 797911810 219005737 57759538 769751961
510945332 124552991 610358821 373457105 197027525 620748559 320433807 309976755 63872778 358873990 162995807 902493685 761245226 251824644 273927060 449070465 882084513 628059005 308856006
82937592 57207998 76888283 190194589 261698346 184213285 267721593 946700119 837382303 584641869 226926505 261101382 676628497 857742850 506119472 401302352 353359088 645135844 872210885
859555950 869893597 570415079 368925589 856506669 454857519 538600402 144940482 846178352 781934449 627406528 766291679 683889835 158067170 179456929 34914678 391167722 360401139 774295994
319645314 986117832 854906061 767767329 423821301 222381624 100698056 177827650 212050739 431918016 583046901 341359453 213111189 151006457 419939478 886032645 434567400 492377361 250247840
35189922 978011115 849715016 521374016 804162544 688335572 694209398 297574227 465090174 366868428 764816516 986964716 862530608 475729262 838174958 190581714 763001790 562393932 632332616
445152767 849274162 291379818 581391542 914523170 325895790 366546369 666905458 57960478 214738852 641961661 351298377 201299849 308050908 124702656 567758878 737282606 678461809 340363933
472380006 437035659 28845716 917415197 166597547 788445268 980986824 703372670 723193610 529384686 828927588 20803822 262961076 585638388 415050004 956007444 937836400 901864886 753277017
407135112 939841815 493426613 20101892 652393558 149653271 609017641 825732799 957292672 196150769 7452539 143994500 418439033 577308348 785494219 554437923 622758058 753436063 495736939
728242113 63306224 80913498 128169825 618934356 458047516 972586174 315125993 832664616 471894898 598951728 455680241 344959580 220646955 361614635 653276828 972461670 263299827 272903611
656123584 240641163 494654315 224562178 423008359 728680552 256826536 862818230 14869842 264025964 141851058 737412513 39651441 12319067 647681542 222226976 922303084 405670604 602513941
894378405 227468829 145314732 619990467 27350837 596094228 520452026 954861800 608947947 721311250 697582856 136228818 425064563 105265038 116192384 536859073 220240784 708319283 950512733
242979690 497207446 394525024 644548270 153749877 643524336 226806182 465960406 213887231 403029915 833250638 988820751 537970713 20788137 476823249 529956578 547639366 571314880 700152670
779108272 644005121 717617560 588267863 233972269 432297013 81741953 908968148 222814687 106178243 425242586 586789918 827661731 633551104 187661979 785743925 791992361 863183156 279392972
605925707 170428019 321202204 739291660 637482823 453139034 207696232 851857931 992324163 888617225 294900286 206085904 880893711 565795200 755123637 497621619 81628075 676977938 145146715
35053860 567688144 266609127 348476848 110530083 346989416 307240827 108575912 394745093 116454162 507124509 628134445 717640310 538732191 700495473 510244507 38659249 362047896 247676911
608581443 70648330 466195893 527071585 545920232 343562597 705688423 188393577 977326660 62561979 439794255 104917752 926815876 135609756 383924677 905446360 813927880 662216616 805908306
338232100 971322789 686972693 740582198 210112203 985439138 489766700 726090467 637632784 90430398 927647948 74529151 408109324 831856872 241258214 873939046 256254251 969356678 438913279
668703142 688603563 898322927 609691057 687738498 159913760 195637489 548490026 791652336 211280115 267408971 425564075 542462747 905248734 724184372 89982474 672034785 376410225 938210003
339837488 683826005 10001297 873206468 535008668 378653758 980637427 771813785 738547679 618209687 265868709 151127895 260045086 30363405 763345542 112730101 178870419 511588740 412705993
302265824 924872460 49121170 42082422 730601594 502285163 209945603 133093609 361919126 571270436 975686739 401675089 1016062 932980418 919675703 516696370 4697838 318813282 83126548
745377508 745921686 721543734 42980998 954932753 378039195 320372995 73795803 466240571 249931158 48778403 927738518 368615220 657157779 608303748 253737964 319149987 936549268 909090344
169051978 109020038 474211596 293843875 24575949 27106987 378235237 928140320 77987272 846618933 260255098 763997788 813843266 364878365 654285085 103833385 712102517 866258863 947459986
1558509 899990096 335106569 346606098 434997536 684102902 903153055 671540810 630356690 605219389 58883002 916502233 449418018 451136048 592287988 827856341 751763656 316906894 258591165
638950727 572984716 781919816 147977433 849989034 630057164 266633735 726064608 964637296 225976826 630000803 451609533 265499261 996822812 365172909 46124336 944497322 166126411 218170342
611772748 255176771 533062452 470181318 625990649 465019786 322717082 920300022 547482739 343675954 923762130 358444246 609158089 394240996 150572613 839014392 122988383 890174141 613324529
274729635 55615340 246598606 361608169 399115345 956469629 125050267 580415952 143823665 803162352 553938589 32672866 188419749 101761402 707621824 794215148 44813253 243119010 587615973
50404047 212550107 578685763 615440225 283143169 943808741 456809998 413773948 469706123 437107735 166259718 317856244 805280268 721351254 216718338 816513655 294332468 305919165 935423534
895850540 28335434 522330396 656305290 255076651 226944423 208201332 986152297 795380736 588932921 950656380 800852468 88491564 996273665 822570271 311543973 740940964 756467861 314256124
306563020 642366032 266410143 145932773 854493709 672286349 823642459 682490464 178161888 282253740 398698013 433165609 306252560 256893809 218913993 917260206 346433341 47808404 847709785
341002386 980684890 388869699 6473563 131374122 792470063 605101726 526552176 302581507 644558808 115409210 743998671 838494298 948822596 695896735 324888767 277838498 476241079 729624010
66705952 960177154 902529864 177510060 13123299 470523604 20193124 726646440 589245837 218279464 413136457 647047449 990895033 199204414 468069772 353676234 955513491 223471888 527987091
176306044 745441117 674827974 809962012 483129443 273317357 236739647 206806197 263832233 133302061 93360527 15135041 119565034 419304346 733237371 859595385 371915959 429872070 42844927
986760296 9494803 729749207 876776904 894688494 728107257 877318405 416135355 610011711 792519636 126666271 463611756 413586785 164850692 960681991 834406312 784404657 715793760 534388529
520350187 494440031 329754543 399724841 743456746 805287661 680140590 61819658 57421067 408934324 870146317 393622535 885675752 104363358 287346673 60688357 708557264 567009901 357091444
564953471 683068230 785832371 608404897 442507073 703493760 102397144 237090168 33135534 792426729 416110296 174146416 872890331 320435871 758713986 708565232 368654321 324715765 149647610
358768084 300899246 800583411 464568375 352200942 115543269 957503441 563562374 940880003 762373625 813139328 295953925 985611466 86320742 906724129 214593833 784240753 295476537 928812427
212607800 300532503 48441747 93905353 299856336 176307667 981489961 273708442 218066526 97689516 415915719 635698160 789502120 462496286 744229064 132268401 867034436 72539035 192471968
780961529 448923678 924610056 521592403 925713942 234092790 477136700 954655483 141716875 429872607 691696516 492323653 337402829 267632578 297666594 870569204 45862281 789648089 314229193
2247261 246537756 833803060 108698403 605910250 972441625 409242935 73675595 855865239 345298375 447548954 304846419 421540216 740083617 461998696 75060160 195461681 646472404 31679616
921223945 183188604 182222276 405339416 256341019 416694439 433068679 316316597 483663832 969243411 300020072 992698163 732491923 942061238 398720870 579669571 854220437 836672410 930878642
509908456 306228380 85818204 938304820 406102521 542162519 773579182 406445319 273401251 950121195 25163989 833234681 8446436 819267441 165228587 465803020 880409105 966394229 419791518
330911992 756494417 341328760 598694703 775390374 727873567 549315440 682570101 704011958 872600779 528828227 441419799 725998842 484302330 339873615 25862998 194183929 434370082 165818597
517774720 766509165 35172111 96552137 827976062 349916101 589624417 639912372 302958919 843440804 741004811 697709778 442736234 799327840 885288150 827168325 859182729 947511428 500093148
649975200 988544984 588762958 101997069 190882412 374280610 404951089 215150253 652296358 383355076 787171925 594868180 280688447 854916656 177484050 687667181 305430171 666259308 439573625
82739511 913807635 128260369 164293067 753766983 386889075 550946124 900084223 578060420 472236924 5905503 799654464 517520554 618799715 357502753 587133549 240960840 554032464 391233914
366544280 870314306 713215968 147584745 474892424 758414415 629385892 343046398 639859255 853367675 523812768 15387615 548187731 59405735 474470092 6823623 911045057 289099268 367251607
912335491 96594198 568733340 489006687 161329651 92479260 607215817 337655546 699993743 660663636 796182972 553927472 450970335 653296238 776335095 31548478 574137090 847643346 912932051
152130132 554807080 358261530 787929851 290675992 456838680 626912406 835647215 973646882 183656363 108253638 358763651 736437630 697456463 178418916 48907357 695355949 413485189 890112088
256429178 946564259 658025826 806168897 217602729 9555786 586689298 831291891 933741838 774159614 755286609 283779187 162224289 171809680 342803952 114024189 823259565 583186499 411955542
697041023 154683985 530738770 335946492 864308507 818900738 933118824 466258672 704289961 612542727 482240550 188139347 549897010 543315708 418086560 450158299 892945270 234258768 939290336
501004626 797738855 585083078 558730082 884261396 884892332 67917560 862850455 882919061 221046559 414078159 703375458 273723097 326100303 857667340 173734558 740579834 539479295 323271875
868379541 334577830 62179749 965038555 773833610 242537375 519340268 889287055 793324593 875376697 24517938 94623983 904047410 12613343 461374475 775425888 241833641 866307982 270908092
294522648 241347497 164729943 123421377 797017507 873745076 51657698 702916679 239865953 959571012 281370598 956758194 521141509 487364422 94547890 281719065 74009623 113307546 317480616
64032965 658607475 285369492 557707964 990768566 790371016 111830398 431549177 617805086 614875162 11907604 682990588 474595811 31212097 54542598 708224631 130754849 855810408 353519737
788894127 709670054 838005646 384322182 320105471 40843637 845713160 307712442 502212947 49078339 77816573 594354069 825555886 771134461 370519017 806371083 546055076 849336384 729367067
550274310 66722528 91811808 340135478 637991649 313286304 93389666 151500724 701047022 611016244 86590337 350738270 890534642 145316738 905962924 131130837 18178724 795658629 58489990
936182797 574151729 712488649 290695270 100705228 291641531 479112689 941657557 924923440 800118997 758263346 963780114 932325926 583214345 659919829 308065681 691509492 906486354 241602232
302010487 945053360 609331362 289158862 913315104 944108742 946559837 41830043 811488410 261666933 716186076 605136312 318362407 612069203 662253548 816552277 887163583 26656709 301407820
208069810 908944779 294481800 469007154 655382949 494869099 306281515 667139783 613439255 346067825 929270674 401080742 350250887 655092324 142685301 753908065 359555973 970553662 824705758
279350012 336880696 909681327 472946863 72735600 116069849 75749015 284723226 534019626 52633142 276542607 325070887 438265225 307030832 906409057 73883441 372518755 371185981 906669196
547778921 442180992 484961254 243010753 306177874 464055326 912847946 25376360 153751619 938305132 836030874 415067420 603106024 952835343 126052763 680608043 649785281 723299999 793706791
752441367 617108898 190456875 541966508 703953687 139165746 919954865 289825963 295012759 618162284 23585959 786837562 146297267 688720672 355172469 304056195 538618048 582785395 165735672
