108 24
171832661 241501217 959887393 261388336 549991414 742616766 223153057 858631727 724246977 251699468 255852221 850498328 306579959 406940064 895380545 240629015 770711951 274004449 420904430 302470255 614170037 825661579 972962553 236678132
808923717 177314861 189109386 508061585 156324436 805787051 481486398 341406404 134462120 682798780 904444582 724171549 878398011 887815276 323096006 287603395 607585468 967937436 221335959 240603886 409017613 136228221 76049541 854064238
936502214 676299289 806407665 250600482 169327025 852331210 11557552 766708610 29489740 900552385 608058250 971457303 777347146 430284672 186335164 214257405 960698898 332577120 335791478 860576615 379253310 257481740 674159198 439228699
540699678 43282692 76272140 60632562 290129971 504692764 457988236 485962586 220107444 835055610 409018079 130705620 642550284 435377307 332484985 760130678 444493657 75041230 895090884 535444841 858283247 537851831 908851612 296783468
179263699 389365582 209192914 18671695 505826113 151271134 865722026 775230585 562418471 751697030 185310044 118701923 987275943 221468347 893860246 577596699 90571161 25061572 918003704 79216066 668803078 96226621 935169687 892041230
991161006 35056789 509447034 513609161 651124099 148782991 260784928 963707984 852454956 310818757 607589625 881099028 884347011 92442144 836882408 796004380 499297559 605025633 93306568 918896770 300548011 919705756 99978467 466147569
562507701 533262264 776255100 421075502 828120800 830476784 274295623 518751628 27594122 51152468 613950188 632845174 205010759 763057225 565354375 458294249 417939292 288833541 312626731 370077943 42415941 982876948 453987674 339325765
695391535 126780118 654723983 883013773 315151486 218267902 828975540 253213213 383940169 445279252 368496044 745441111 100892633 292908020 402417354 448453679 404072750 443345998 290130520 767462320 63829370 401699108 497977874 406387831
37010851 516177230 827305128 940497718 765270213 917057273 186694207 86928691 639597230 692198948 874972913 767857350 743295585 667440417 285608264 84001758 595308180 473487642 509599431 55192701 574695985 894510218 937221217 489839927
236374744 193862080 785867520 465687479 775167836 633695584 846617599 386811195 972089410 715831521 457997745 29666067 972428869 163240207 714118104 510387493 863863508 270398090 969013806 893009516 726476946 13710406 959271647 94786933
723331030 292800010 787678989 198471392 907996969 518683377 359905099 236945381 150920650 524611051 810347043 611466956 248642093 957513277 697254032 106136948 928954487 609197053 112042628 566422477 28771588 617076887 260738404 46576222
337325794 125232459 174080135 582226623 293087827 776081836 486020026 378439200 695853903 208456226 862879166 247765953 46641664 877080681 835709129 638237048 192774467 764228624 812449025 214304302 124766510 103400699 119803652 214341730
884979076 443931106 258635875 234992292 272876099 527603919 243217954 212875803 243392535 337794468 602184506 716921600 300785892 610889363 39383320 997271329 138139712 408341668 821010971 476196959 309123573 280035890 774124057 697102640
367261828 662219630 585734875 591087901 918146973 519459547 334011036 438909253 826366121 122883024 287739534 268523225 556787008 351270649 775631701 48980894 948751283 846544599 977526665 1591406 623235971 467504187 753702969 66680247
885800423 449401551 136704355 447661050 97049675 104491917 998616189 718859341 528388812 275579717 331701999 661510362 576764604 133720348 303482006 356182366 895450404 357130504 930747971 740052907 674318141 257391189 672126010 965759526
166419702 865255971 665856180 642941513 567935346 839556069 19432029 274461474 934288263 490377187 726051542 841865682 969863743 413178809 526487860 543318544 778248538 887049430 753783423 854510756 114181067 136687358 728619060 159702508
509380663 998885065 903818948 294286938 85828473 137940001 706887699 453407475 358917921 652278472 380248057 975670737 984008688 444296400 891408068 914742947 796058717 823409440 971517877 965082920 831655187 737091574 898889598 976801720
686558577 322270560 156753610 153915835 350197768 601202625 70301877 322488879 266681121 981520467 693416272 928465958 332348725 316973983 786128415 779058501 677148530 604896262 995332250 636014151 947887165 668752444 338964143 700760440
292787114 96230855 733914942 30438715 935086086 666048388 5869724 387456133 900681806 968075299 406048017 929567071 276713653 616310438 151451994 64385383 935772450 429813478 706109735 755776079 565425071 471556110 43247518 175800413
972198187 228043038 49099222 877497578 317320089 370213737 395385693 980166883 509997743 939285271 802439859 922963787 673197656 95460772 71711181 364454327 979199283 569616991 700569235 173375184 598933265 157786860 687182177 289725141
171119994 156768195 727518090 514462230 79356457 985339054 362136016 900642682 835139980 12639055 691809518 759543546 538177349 16874903 291417103 887076900 650151595 528076368 550809939 290356889 183816010 780740501 619180113 328372879
452666718 354100565 483185808 380155215 551960156 750180307 905943052 535539128 503261034 489433640 822330808 436679866 282736098 234365120 890823670 311447004 294285779 761032153 682217760 298419639 351216768 653128199 990683139 192499833
92716767 494710451 678369375 842856035 950945306 871505559 795019112 808946251 22063634 676663875 513643592 673720859 645974999 163497116 859133082 287653712 968474673 888357719 734505201 318923132 241232923 271768450 814561103 387680964
814318402 19118076 842063790 816131682 134594186 289984504 813095035 347311396 211104905 475181950 540511509 459952107 18690058 204158442 464356947 415802925 558678668 790394987 828772603 207745140 402994881 970688133 848200268 494733021
164199183 180457616 230492277 658730394 977239058 812582454 626332955 305398640 188476184 732012793 657294295 80827962 262323875 90905259 454765238 975960932 959411435 111913459 755105463 873212016 273580122 526061775 71909457 597080949
808140302 986631949 899751402 242146715 262338650 242827984 958423136 514981280 944979269 262826769 860678532 696492630 43396361 668663836 733008539 473500962 197528725 551417871 977813212 85339775 834259468 12001630 242018292 70692473
628480836 570296146 333467268 419279155 348462664 409683589 734882978 564974945 541551575 200173927 358217812 418308302 67608034 522692284 291080216 268940504 40704529 140673052 752460127 597348079 777942079 653665906 406786829 729395994
687855866 300879486 562351099 338835057 116513796 497966931 435728758 829927332 41276117 465914585 870695869 268329330 314273558 120047180 725742214 783485235 587626791 544583355 843502969 730909007 931482778 945065354 957891764 81638853
843553973 440712432 221322565 482446501 717948148 217413754 486863283 728972438 399748486 723964294 394376310 199142225 655279051 466951113 191871098 657552931 131468508 921313738 277122977 106274927 33777667 834387812 118896957 379345450
609024830 561558600 928193178 103247966 177956288 80156281 292719986 756441511 507096177 554548430 748921975 45010105 369286249 92061555 394139596 853317848 525461881 243866728 297760652 55330910 932379810 871813120 138230338 836499256
807688347 448921956 658618735 57709418 269430863 405048590 223761928 130834311 265534301 252779854 570361589 533807929 742838423 457946824 745975700 965576127 406634115 221974772 839424051 552978026 699701213 945162397 654527641 963568415
317864467 696521827 375320190 59557080 254922183 815156537 41490958 321932323 200996177 377213159 913361514 848973217 865669947 559555209 592688166 172164232 60315843 943317262 689935820 856586018 764671580 742726074 701316184 754518348
159358509 804516004 167797691 885676792 149516432 636229433 198082393 537204395 108264596 715411127 116505738 743810047 929985148 514622131 715066140 356084770 31083582 273856403 746823631 425586774 622678533 926846741 952072920 552645743
577515184 328539847 50576991 427883864 605913168 947408012 765054209 498350990 150082734 508372765 300586574 608767395 118682050 340742277 932013900 112869564 954842173 839476900 865450738 158810388 869846528 740004270 364105902 131288183
672368803 280880809 988636896 535925960 669090287 538342898 135863132 567161979 887694948 292334521 979765228 671505179 185035700 422171776 623526092 600194501 610142022 873095584 714041644 533066667 714145460 300239299 660499890 47346323
885533773 698476907 613225205 259054422 970644372 200659306 63678979 979675233 675965887 569457512 212575964 368237111 714187833 599877729 547854068 133957612 281991456 109783332 17469877 49969068 510203335 430023893 116480251 377657138
973803317 629653867 995754390 184496721 385136293 522082867 32499147 519564655 257522180 285704779 985909203 167354373 624212086 654516008 695221851 585476384 530268882 279174928 683141379 384090595 452238369 926489505 89167583 660820995
952931875 434707528 31237369 140896329 178303434 804319947 24536268 151748884 237068732 408761792 377408715 686493396 61020373 740165907 275669720 562962576 374035619 722735236 897647821 629791841 155485672 190929958 713662711 365135349
933142812 757687522 495568533 145809165 834274537 45473010 230067293 763029503 236566189 487281766 688004856 627804724 223172347 539389858 973248386 328263851 474372634 930065886 836379147 851522677 497642628 557881253 4983320 924889911
752840041 247721303 203087138 539961259 939336490 77865383 453265685 505761823 652542942 540661277 463664851 399699700 581502928 924630420 874172079 678796064 768739838 137094333 485722355 780535469 814078108 449565851 355244634 446023991
481808271 743609605 912905878 667599474 388954867 260591400 112411851 838027426 325441430 965076482 404656146 459313442 189298042 276452072 401223671 458838750 113254999 640243201 557798652 478353112 612853270 337152200 378437908 583174310
344273751 875628173 620168744 217358578 934621164 437726965 244834454 943712249 274242908 35181686 47914412 619381261 128562017 93277916 543909425 975306771 339814506 233293255 536705245 861494790 517602842 607235370 497477341 908766066
113796551 886251470 533920336 99452921 978996476 434099661 482761420 377419218 781282295 508837655 565838297 199504965 181252139 925637104 578963828 688977968 888831679 263226736 309193358 586258565 406730510 396598274 259895179 282200777
477645605 511028709 896889028 702398871 55027785 839604654 738539269 67116827 971459438 464423108 616810511 817783192 728579008 578097123 481211159 744076259 355224862 395089818 278394181 638531045 231558298 517491917 676820535 893506844
201200890 18420531 9118331 982073114 461834042 816751576 192723480 734585861 369590536 768136605 945367814 29381910 581283655 803816371 882240433 656243994 540203661 511901220 183328122 313049332 557817764 53507146 475218230 140312089
254664716 833117014 209721261 376675090 857914488 868942026 597645852 468282365 900412237 650036479 252466868 813495565 276953382 504800160 445781784 168019718 466370898 847259693 320613603 2049986 288134740 124584058 882229280 223118510
600959074 25765165 955759056 868999501 952119783 992626243 965417064 738524596 538977794 328577931 421507664 67692300 966122245 52660009 563936357 218560020 433181942 886905877 331477623 159900061 667403281 601920666 632406476 439643916
334379844 290952407 304445339 675318491 971546801 159257409 376697746 782779671 378456624 849001247 140318801 729029091 705515978 716464909 350095341 935180277 925230143 153460602 9743982 788329748 278829441 575600425 783547984 923743392
805001015 838585780 320979718 6683658 380928827 969914372 500109170 357496663 251393052 487252698 642902639 410682785 929486749 315321674 788130120 172843414 22527284 798684987 631045181 746752503 611545228 77033960 131070213 559278106
709735427 842220641 817896263 793519209 699881773 930461195 379366688 273542369 175160143 499714844 2515360 620586900 520869860 564372768 747341644 67473703 456985372 756508023 95634078 810527061 853078104 943387604 167867520 306469226
704323759 911655103 107630805 261633224 728391021 321781780 537780465 189267301 155411086 970836354 936720411 813302859 321329479 208016142 546162706 480544280 571391614 332696973 123831685 437240187 661420365 196820269 844779674 522867645
639168899 818140652 942221672 722342197 875650082 131033631 614924924 592258515 257906658 783310061 473411928 572699030 640118189 886616274 448739567 719743254 239491873 762907165 718427691 818570235 58645265 942924657 209394792 248004483
345695236 502078024 879799286 146654976 481407157 127531883 782178970 706522712 853691025 666859387 341155853 413774980 487993916 884737900 870777468 211322385 666949644 358027524 710066950 361930146 950499468 220559201 39728705 372853867
933319419 489388400 564553910 466220728 818018251 932159607 372477792 913606244 703085858 497012364 794977329 161047906 938295132 556809499 183120014 274218040 812108679 447983971 56699342 83314815 802545125 288596730 543245246 458233188
29912686 497538117 484930336 86015018 900977995 712560897 625415719 501216934 92267356 914402493 426392828 601565634 860705459 608993117 276649533 168979450 633762071 949548953 291010425 60689378 767285890 284076923 262478261 863300766
294617507 436704485 332481514 67594344 394211933 936922121 946538884 613164813 343220806 456795631 209661156 319904368 947959593 432688882 2923999 649034502 985309061 898943811 478386238 782437465 796481803 543243621 696405052 490896262
281566499 883183791 597813515 495893950 366380904 384163277 7446351 265132744 8478759 540997952 633425313 734409085 584139493 688032729 144656141 81267787 130799830 962451266 259198868 390194611 11380070 933300341 192529067 344466124
768852148 843677250 706542010 672519101 946485266 444979150 15010463 401016390 840003207 741760271 62152744 498188856 938754381 524116305 838530716 619244536 366612051 376403891 89694259 94058240 435419323 181204395 181910937 1474654
396580189 618814846 414271087 926283572 917317443 659112137 222925258 141161270 321817643 850945275 144026290 55352623 633140488 958225368 556088484 199581564 696526977 136958967 688547857 772787855 324476785 892276549 335319261 520392045
685291365 100059521 557687521 352207921 912098593 720622269 230883945 165335687 135921948 830560739 590449846 760101425 805959167 725159726 80411261 45756294 140084009 263082669 718397542 131265006 272137518 136492739 392784782 653301863
163754579 832008874 241757701 243855875 397184788 324677355 228596561 87068264 268249247 458361831 714792681 32219726 209639766 302431825 278206139 525789189 376103249 128854962 291203495 992773100 410295514 301879012 859033090 599189755
870573807 44962968 787303956 973074746 497549251 486262736 184935066 437095496 283597629 619338341 105244484 232503765 590293367 746613122 345763640 970650152 68665152 472765991 571116430 466255513 779249819 868973479 547894737 246158360
758541630 810525226 236917892 268263333 202258196 196007724 446434715 529257685 216241851 726353404 271027966 467179092 268873223 321391678 777617162 426972765 668434045 220820585 650625807 782400836 919751641 547311178 88333779 77109740
488846472 92445056 217436685 834140241 263337519 735354877 506204907 527989760 345186338 732112011 157217420 590260890 842864109 827108165 932817031 526417493 775673295 315650073 997770339 864776826 865987898 906632013 159441437 377997288
229925717 693600759 547761829 7094672 704299898 434578052 76359776 120906487 851803576 668586802 487295399 429408439 774139729 644234389 90033479 746528510 413747517 365129238 785749760 806437901 967996582 344176239 761080838 457658042
916439402 155754544 666869635 947126510 501776029 873794622 24951571 245789736 530290436 610245710 379466566 335789561 663540634 824534382 610866721 783877254 621540367 668811901 651611037 902137097 570362692 421970606 628304935 187559504
996234704 960397833 936930079 219238717 888327294 450914794 876969817 550862660 466458829 779063168 693023646 7303920 226083694 478861903 183650604 575546974 941654218 350979247 585831474 376172992 213067130 992734794 644878933 836468699
989108429 325314722 899395886 800377481 149913925 137959817 38742730 868333368 167717146 92318630 741466152 481710954 886085301 832372983 649636287 354382131 491837238 372860234 80636917 900981182 724238063 267928258 432432041 518034376
952134119 538128984 184378026 644687395 948499033 846854744 179575357 708198965 243259698 684031712 756983195 819013238 826508438 586941540 849290352 259344630 779794523 599034925 12044638 436984276 853220492 546053333 935305848 111811016
97301479 389048012 732334535 26677914 705499744 140268246 518389193 413537192 369492380 378069643 788809196 329321572 234071927 144087766 844833048 803822292 111241342 284414583 45087266 450265105 683201654 87978625 456641114 454451912
720737491 111642332 74815998 798968252 238978370 732974276 568195780 740255298 765354015 510602568 513722964 613649091 451802367 323420108 153457868 578275645 877884712 601251463 74864954 65071555 397730836 103545094 32047653 998475512
623866866 562311847 936785925 816458392 518390821 45709599 450158022 94232560 412736963 923555061 295368010 403402849 524144663 438424580 135237604 861320673 295906079 524638717 931299037 170060153 665978382 507050210 655144946 827485128
226451403 563403149 929234900 766641022 664395121 283496487 583749799 153293794 362920141 274557617 220092035 522991437 293766371 490512766 512171510 624974765 757495402 620638135 293162625 151891203 692277323 294406102 456451350 619092965
515714597 94820907 617820321 396960765 116014796 17487706 737000060 118113415 855974598 311202523 59131640 269222103 420960973 384183161 800783323 586456273 389491279 267616724 246863069 539923823 51693553 509597407 351415850 296460095
588286984 50608738 199655651 123751138 688888094 399134073 648610205 21156751 667863667 610327315 790562016 766621069 767702138 256213108 834794921 1104572 312527703 258351027 147228648 356128013 14886248 289864765 257563907 599345925
872826297 66979664 23034961 258914879 942554254 186689153 63100320 268199911 840607197 92367414 332507056 99438399 163540945 809066541 752345270 895774749 166390600 751278067 264863450 725447531 64013910 350735726 185937081 428902310
299261120 565793620 736618979 363422560 953802882 501349809 110249822 950607807 927665738 985076837 444967457 491416315 131584506 638118820 422703002 675001571 659557674 345495156 92455977 853773657 978741667 714878258 349593506 558618833
35475429 818561037 169694671 269306582 418112930 92019594 862188268 573497478 754414145 759047422 999788585 909572881 444398428 142778647 884887084 648656445 937582914 451857492 268554636 404487397 246825845 193248136 560591191 568398709
709694765 610642523 558584205 467864176 642005972 953072073 415760802 341189355 614358921 5799073 19948800 859004687 777153949 184952327 852090755 537527962 473453336 141560306 663357947 88507231 231671093 335408047 702114477 30731713
649632225 176930908 894834643 789854012 890960448 775233902 296485399 654111453 498434856 162936107 554516252 637393861 509237669 996058417 223718389 944503209 716627827 181417709 681786796 146861397 186086279 692239909 685126589 494406948
257880711 713032047 198552216 209811850 853388109 163723959 15600674 775058315 650443112 460563389 481311796 429371201 343559578 40783508 213601051 971648089 760330843 182659621 424171030 601592982 817275476 649661098 298394588 719860301
29621478 97347635 600698131 458023144 20337825 988401956 909146330 688364899 911286221 408928949 495277376 416917202 58731236 138098033 399570378 790375641 61347093 725214647 435611633 938953778 224168131 741337148 947923361 531730219
355348996 398942855 643594684 698293797 752591139 67297652 877567125 127972886 754578719 246407602 46749814 225081608 375773738 589631045 448180762 837912728 778639402 321303812 376177459 386624632 38654267 687570204 194737893 742716653
315464234 47074187 576511049 678784337 658845436 343685030 747729643 347213970 813432677 35062163 209860429 170270641 148198738 473711312 111714146 146880581 564346720 864024234 67261715 616118005 615929698 152977095 222081214 479052801
412110558 234784157 302343090 453761466 77737361 312474872 665228468 464076038 196618215 937375864 149744252 522815965 727229315 654484496 72894521 684550606 807650749 22482057 729244169 525363323 857864223 998663165 178005890 543679000
175744231 513242204 426544172 553230832 81038729 154957290 657086981 601950944 800332074 528324031 542693371 248949210 201522470 850039878 412809333 896167012 541994890 973969342 547335115 279080726 391349146 442383548 604260553 849448480
974146637 115480743 291504944 440726977 242400460 420246075 826956341 622591185 836333815 4484615 414855425 171255096 747349983 756060399 836654383 838379124 769997389 748849834 203271504 209223192 282734906 879803460 235831146 402686023
560961621 98141342 663559541 188325949 90926720 167091945 983029725 755008199 969196115 371539247 136563715 320012997 574621848 738873546 640132796 584680879 125475021 635887851 132814544 150839309 609555877 595961108 202437500 420468222
73798023 625097630 116722417 210662834 742845710 922935860 613368018 698006512 518143879 799970390 594695866 324740753 212415862 840119767 74431156 250004739 260536593 264460640 950280641 67457734 430123203 885329643 348117590 611561458
403439019 644250696 199436507 897260464 274720794 626391963 263419437 956579004 353337369 225168348 398258204 294144490 664318432 436971862 546970606 80496798 781378144 31308840 800055002 725197138 165164987 501676743 878562958 808145940
793941446 880335994 20146090 148519685 812330126 980208605 932449347 786424027 590754512 978951519 847019105 819274080 760798847 16317891 998913153 630795248 566336833 250269347 953690131 482978815 601244403 891615464 677536253 945123217
780173857 800584019 31308054 39754688 929403534 559259896 648216748 472515386 188589490 71333821 101410559 539937473 708084023 406841056 462723011 106950057 207875964 553446254 720175266 100876381 121307666 336127693 566186424 853152474
294224961 228420915 465041429 837656881 988063108 757447212 680845375 787190794 209434633 185815320 708649645 329783068 437915954 724326314 318857805 377899446 405145622 875837034 88282366 446579001 158465536 475661108 820098071 815785884
789653231 858898359 494377182 917776871 961816597 696017399 859230994 884259512 585434201 481598156 694609250 149970625 248177365 71628385 763751924 614911303 691446616 614866101 155636959 229454501 754632932 287616029 478212785 935970503
700389937 691814336 488686825 519353264 538994217 536915482 113789054 624069620 469745258 401571194 405009494 377598270 335486919 642126979 641515984 901617868 141866695 731009199 695635771 132439022 58955812 552250567 936202844 438524554
686138702 308108140 179323116 839382427 509645030 819603346 935448856 68671917 894889795 288398079 131615231 632930659 424356592 245509329 209641528 441426930 585503020 421011957 862013513 935800227 260179048 758328753 393699121 123180628
138090189 242599962 340541151 346524664 735733428 294200991 776169656 727168274 736980267 907867772 216224277 61957950 254650487 435275592 979703490 251189673 873261708 528520040 242362753 384446356 745088919 578199193 905882245 409971925
896619637 471161962 998522359 213249621 353051449 457810111 712727669 503389331 102292394 758932048 572264846 747898399 230466498 877486887 882156103 233636896 546047536 302535974 201395097 150313167 217037015 866992255 421087472 746843642
832261453 109622842 413212333 804943234 291947869 309053106 27528869 665048029 670875013 200299032 194507937 64456340 708025209 855728367 593715932 572309702 80152222 278923918 332019848 783980964 901697680 659060641 123510345 470833395
866208156 505792680 195257528 379295117 759883590 831692407 43259617 510860256 714768581 433026229 389730501 363656813 67525506 785903197 142366681 731979850 807269789 707089471 861637510 461420961 476156008 409544064 23978407 912016431
606791401 244025877 940795150 210074053 562919004 690730829 227612670 226497739 220349103 689205828 567225522 614011064 142067461 494237297 839362005 137827995 383448628 48164889 351481608 669801365 244987207 156027609 529716064 313927517
371618300 494374432 341722086 512162490 276681030 717247922 915713045 805315596 599779276 914808358 662233694 176357828 87730792 385788777 729195175 904978664 218689706 763475769 362830536 170328464 852623699 450778539 980101389 762457451
740188378 647596966 917975735 666380859 265389546 583413606 946117243 997781588 380413410 870411002 855491841 364148001 693037908 603023557 689490278 26678688 196404358 990415872 449011130 89211105 293398516 797276983 589161859 996773002
617278668 819593416 452082233 638604630 351270256 336705895 738766792 996492689 589727736 526304925 914763537 167168926 51602605 333115204 95160424 976627313 586197647 818305549 18092567 387626518 604964816 324920826 261163226 26672680
661742167 965573348 251416674 978113114 749981758 239426550 953494994 50902258 466869333 540759600 146372165 425118537 277125277 739219173 380364102 169627724 403256525 186220605 988900693 459966206 119803599 374480820 237402217 231982324
25206596 472570009 705901673 738902231 622760956 910296720 331895730 152541414 180737664 855481360 762225556 286167409 169472648 376399590 971526357 732880223 250363525 163568816 852416044 505004201 874682904 80661347 51369671 50397404
132338329 296588742 850498246 464259995 949167505 945485301 475188669 305081627 184185664 362469342 637414710 20011174 759543064 864551367 629369645 172792089 926560319 357890246 551435922 294243173 810884625 128149832 620233674 413250321
580951196 199071627 534276399 778675382 217593635 866727971 392592267 798151810 93630620 212013689 232862369 165156534 587779122 189983559 688284068 229337128 532970435 634280733 391310782 285198530 687143010 180856543 772684427 302844417
