108 14
982035525 301040795 949156726 603043354 534106714 316416499 621442889 542018011 490361854 6060172 779569841 124539645 648747108 421395155
344678013 811428375 613754772 999364648 864431502 147965938 833240810 462855519 26237274 446044173 579064213 195828034 56433771 402339100
563511065 977856780 573848798 904353669 97120206 424258287 648170213 790415841 999192414 737980048 427329861 802881921 337679179 220097414
126090201 683120359 338166118 272593886 733645325 767704136 487546457 737818266 124562787 191670801 18637343 537202221 84023282 583868767
130307206 152924416 370558178 272139397 148727220 744357361 774869745 929991050 204968095 225875663 769193201 995030184 578115476 215571679
606139975 203960015 361064113 339986778 44341102 985239583 547264618 844268 434443378 259714673 300601351 408462135 871544182 40777679
943415845 626186062 317951278 371238136 252496177 637169722 968643941 140823517 906349040 845033593 80520057 604619303 263891450 571187578
112999642 888530862 65619514 146811938 479786894 49361667 995743088 851917642 334689456 336441831 875021487 677378622 761461484 505879506
977924063 188115263 367537925 258000493 10300 587056642 983134800 393672216 292030677 659105328 738144054 220344933 587822350 71392228
537889718 579277467 412079902 611286576 353595360 778642996 180741778 355679640 797361243 955390303 424692424 899544212 434728160 531526014
657274229 486742035 596485820 416909225 150110496 51883507 893078866 246150954 546473380 908244362 491018903 878782975 662268594 560609824
318342036 946707292 186658892 980388210 439882984 224284710 75447627 646933553 661810500 270683512 307867611 410339457 390564333 867751202
683539962 915333242 875735869 558300197 852177404 589432491 69807393 32802616 895565578 978558610 946910620 610916678 819115422 100243749
526846787 354497006 38671880 367714636 412340672 240649218 615539948 993420388 497598032 875070984 386398146 989415613 320473156 774191292
735215957 612244509 389837699 826587532 449411141 418843196 35610375 648136987 681289093 776939334 315757916 188533694 457113821 773065308
436164900 668244482 906901865 805086227 945968021 564587812 618723352 590523635 15585017 489662871 923646509 748118009 562858285 212068738
621902786 248657685 106374178 120136511 90382400 355521453 719509600 698377694 849357033 684223256 875232638 50524576 98938703 400660772
565389483 145981052 3799001 604485265 676746536 942685853 549613125 562024852 731017932 432409825 613546016 941792341 775165567 742401372
472700240 373305713 875019967 316130259 197137035 469465720 1844254 727394370 690910173 468898928 298861505 209712470 964777254 438457424
667299299 628367604 109726362 712393094 776368208 975191728 318874943 795365490 594056938 180361815 101697906 700986601 454059560 401559142
70640994 215794354 118306194 641876624 763810196 65848332 490042438 328323643 888425821 935144999 31973238 393798403 158196075 216860582
547818728 394769206 470522941 338450211 231624052 741611095 446379686 432003499 680464778 620476828 546542158 199455038 892704170 366446704
34846769 139889488 813153513 248358129 76564766 748084555 89516402 809392755 699992121 808819979 881008899 379707899 187237241 712302432
259723116 549092548 792162346 461085328 727215892 360347838 788000109 829557970 618781044 648496394 833026227 638070995 308894105 31897215
58301510 310081589 912551078 839055400 209482177 306714635 934212688 693382596 855052434 288340319 415814496 157064261 962279551 154444205
898385461 367733329 256780318 15779685 899419967 544921796 142986075 885771372 899742085 737244972 550428662 193027227 26338080 689290316
678113282 576299583 473972158 266623129 791131752 929842839 313932064 825865408 979317090 442404954 58821532 514938910 724435712 585766958
918751387 653195078 741054374 743699250 954451228 500052095 18144908 708266357 1836591 28907588 363176509 460068988 70755195 819204034
210312984 248757696 827175354 771894109 472360402 915035438 411060023 515865899 478719474 666453925 12648023 653520247 939187796 153542011
434519053 633921344 445544359 747319545 748958819 773995703 694561007 856668378 83592440 474958789 951131139 424492752 787336573 463328386
700357648 88532991 229061175 356571071 234721812 268060544 325431424 600761725 377125220 813383392 143616326 765427060 714251302 634071198
145087371 838922125 535194072 238901936 153867491 557520488 463547335 906574079 218782713 433768407 97833881 583838182 197528842 727221089
853789636 371835575 860020328 869477568 124730900 247399478 831516408 994112099 133368361 276900124 55688373 52548589 286718454 216507029
105559339 797641908 111734852 814459586 180077564 479123523 550703405 17961272 268906335 235390680 697552033 143264128 607184028 96467943
772591844 216161685 660227217 901981333 325070094 738933865 447478320 167981117 456094089 166227039 315630846 254194927 368579735 787276754
567537558 740667372 572538058 704093069 486737444 897117739 553798026 21651282 887018731 327556824 183796115 402712148 525667007 822426575
811065204 201860028 431057292 626939941 686901264 640527655 707933901 431705760 264658209 6395174 74710549 45785146 391712688 188788156
612790154 395216034 947085470 362297060 264991332 794976954 904643871 445495049 490414963 338058010 283100986 819909004 568858519 422540940
326286922 745306434 938400325 908844686 781052800 566873843 345647625 131615187 37826142 826227164 624567038 794065602 239019837 259895342
272691032 887914485 147958216 93909389 16697306 619840700 442072447 581652881 598101600 211205016 326123061 943643720 787815511 864942272
135072403 662228658 874457408 390694559 527578259 160536388 769350449 160330323 225640453 124199014 486665555 879657008 297307917 709435125
501018213 253692475 351520419 801877185 638251831 518817968 143504145 342770960 481461552 673726589 399079033 681119514 829449929 157306820
770040653 159515786 871123984 3881053 169547989 118332931 632042278 509609041 267656621 618738073 677853889 396869728 711344707 378626900
325514923 154199676 475303773 429898673 930570305 446659148 369854098 714428448 972294900 379386282 926274764 243978631 9178316 852187429
258014924 639157949 632818912 590741632 613779366 881242896 693924319 9713457 218056000 924302016 531410570 9755363 816391896 496961921
424728119 226871796 5458299 314637565 5382480 667914232 865561231 820416336 624481234 791116340 590137930 790048650 645187535 129098276
161265208 565739569 539459052 450679797 453543865 315350460 113979363 831179019 74866816 69119769 87466242 171336829 940584213 303958055
612708523 279368596 897017172 178345021 587204306 597824080 590264044 727508130 681846402 800211427 7763937 833052434 156222552 531546931
484366603 330748479 579205894 621462364 312231061 810894414 365630930 316212268 642614910 363158870 958626068 107866278 946690843 919201765
722296507 723540352 943218067 404460410 28469449 890969508 804244066 297770252 987930579 945033906 178755031 486637441 329902466 531945853
613794453 125019704 97088788 834853514 779639830 278267776 624474587 827356308 349604131 479898910 705198525 996839690 635520093 327689931
840016818 690636943 504427192 342993076 689331786 234294138 969587706 598108153 311852580 364551252 988795713 825731886 989295224 946254428
918818170 750050012 609117070 382513670 485578218 38676993 445886789 114516855 390040233 562439308 496221069 949667595 592469282 634798050
250723565 333742544 647526549 757904732 915215102 514718728 419117718 306429638 396099821 904053675 738601867 972162274 589416957 75990242
130332977 744529379 282787331 30783117 530521367 692013043 959595496 674788031 110227745 257320877 194192427 56774460 267170822 907819683
520997724 42009090 511996371 992882649 315158178 625784253 214871143 19960904 213147190 630810193 224912885 790429020 323781606 719840084
830383492 295010679 198554515 424273040 741569394 791976556 284242355 140113030 38473197 359308292 638585296 157667558 618556793 736362620
211294470 980043033 671301997 116663045 503139977 859137207 187452533 715721795 573137949 291499537 726296849 650162383 206160028 863027368
133114901 623404469 281684596 598776243 735505191 542141686 806873126 19811486 811550021 348209671 442341064 61062021 214621500 717917265
490732164 675939261 655609906 887295919 144201495 655001676 401229340 104241907 361915475 948997740 244314184 577247329 985775773 788392460
80231381 747692081 883529071 541897295 274361910 337260817 601463767 416524810 234455988 248273570 652702967 293367370 839413737 268268535
33376387 636272332 461862469 84164633 974139206 691904644 563347596 65669765 527644061 229848087 566483285 33584043 277886458 504650336
546500749 618106225 617270114 315594991 60555250 800891823 996416496 96027269 7089561 750130353 919770960 262909849 611682921 220728760
115215172 141128406 722931358 868939641 100357155 517949339 374949958 181947548 747741013 846169721 595851207 514315838 164943320 141379001
541801559 255277167 853716158 740737492 64577667 773518517 694378925 662368760 248077481 328266888 13268317 399133834 699941757 473174484
938309662 588465566 36564104 307654010 575607887 606554497 867583140 938193870 928706792 898386736 925097089 563334938 179730929 939044574
428607780 925749274 521549064 782936690 259364451 111087231 647383008 175056390 835843946 323659628 304029884 810728553 992263480 562554364
278294264 243601310 755809059 821425594 956706177 420275035 951294288 82774823 76096855 19872139 29907772 109500471 428571154 958193869
441495094 500990676 581221978 5952754 947699170 746640730 476190830 711963010 318148279 170236697 962704542 545254456 940101762 170198743
341596113 610100098 517642977 256533835 177479168 96069890 3755977 291968931 506922169 129198607 992084481 796497407 217252765 533190197
975844261 343088627 31126754 662210992 824534691 9251593 54830545 9888757 348402497 144257341 41015625 773200426 440966805 642539391
676012602 15973289 778812171 121874997 393513515 993979009 234807012 338475958 452831158 256444917 237678769 79782095 801772806 660775675
361984475 181786434 920658527 897243325 804942623 964623939 76913815 997122332 473097994 435558137 157984661 155442472 540540033 821035267
990728409 940482473 394298684 274522352 797987316 464939417 14713414 231907013 246871307 789268648 32710271 592310908 401531736 513449911
939351322 105181311 603435433 326553949 937976863 975619633 402449119 380346981 298675434 315795045 381025905 478429262 692712106 932268005
111865062 616520650 676727011 791494636 13264478 220282687 105172461 927366828 695334666 824788297 322800498 787982794 420709808 993810230
49441524 37691613 716853800 724245384 926155844 655303154 908189153 15409271 462424076 453999115 945625693 944662125 88880199 119589787
846501296 907201672 757521091 178247948 549066501 441812251 192845222 861174585 250058009 337736749 236318694 783060468 432081086 845497848
59077071 279386753 35968346 170517355 449019265 560454169 446571365 19246249 238934896 611001960 958641390 25545096 255160034 378534416
12794391 956661267 452287605 624412964 535094165 67464457 699885206 664793005 852699953 636223067 705686026 973900841 410563145 906538929
771866217 158559751 426304591 874897638 901574814 217664556 802037577 999404168 267477353 367996273 814295631 76229209 86195677 149202722
964618769 59791824 371798498 362128768 409851215 597489305 887522996 10032704 890182494 908077329 704977762 338271499 554859690 290512075
358935376 111330300 682805038 689835789 103482037 595337765 852300541 691011411 73775902 513196554 396807869 597291979 465045993 869515812
22116391 981362136 524979403 203894623 335045769 93757584 53996107 394952604 562639684 267918142 535720516 106569776 672859213 203970016
611442279 25243235 289760944 394872233 440912566 959286770 692132617 803261313 236747274 543385486 406385673 318717568 81148559 301000539
597826807 119545463 471244867 646008690 817641004 718444647 766310266 268519007 342483350 584135431 603337565 554805155 606207798 354545986
972657766 520539699 814557602 214364855 867304165 25396471 352494211 487705144 715492222 796761420 553981208 87916107 700440489 302522755
203482290 26897836 214473777 247396191 526780214 704977865 948122038 730915995 101703582 178174276 135969067 212801378 432448120 943977077
781890648 329117909 796145765 9553382 358503512 898587529 163616411 884238549 33640476 137144838 632580964 857559989 619233511 274334025
35708061 448082605 294027473 695855426 214816312 703399959 271317828 800936279 662538938 656977666 200667010 355063520 284789693 529276337
189528860 379487657 326636143 885680154 330252924 870061683 873228306 16937576 424884573 918849906 331880058 90973050 716390733 984216784
192309906 299474785 188261938 596634409 248997591 402567142 797493442 129197069 488088539 289365249 519132425 39297666 738839236 869275491
912936167 92628863 665168330 221744877 538448528 145991794 916151484 874554679 374131978 405422011 318984060 446626314 565887666 129561391
502134910 112164838 555407287 157856918 270201677 510960253 479569566 500214828 463389959 944566070 532938428 616732964 975656156 528105387
987079871 833734176 202658962 731685419 620224294 625662907 10374916 902718009 455007940 31676159 947133086 814092043 101792065 994768879
201199587 86545932 849227161 254965759 345505768 306442074 675404443 827838614 379370710 822114888 838053226 958162323 517894763 2010589
9019392 650028485 629061753 624488276 84457894 487478642 362563430 476037786 720575358 619190481 185121451 451351251 618567417 189590160
737126741 237702870 605687905 981002318 794365063 192251308 981604688 714854178 276615158 737042197 100137271 173607442 141664876 148404739
764031449 280600733 209391173 581856028 458444749 777476402 823174645 89331004 721074431 55964086 652149375 431114737 410359087 712915458
952431615 337896957 885309040 707795555 51125282 230207448 775044523 689282585 859344553 311871020 291257114 624965080 867523562 987309143
829436621 731958858 200132942 209790700 238141224 586094218 668977620 581746226 313091427 535063722 110563469 362634403 977505801 762561070
512043294 784673647 826830201 899777679 172790849 723967735 379171432 697064890 908937796 819024722 267652189 970460302 334617992 797122251
678253108 515973473 998334723 958114912 72012444 642287228 393320639 118632005 505389209 716254874 581046873 288015967 304320514 549476205
789355394 199089866 514413572 960566809 329758338 793193556 83740061 737310135 213910704 37636351 621948450 346947540 609466619 475053187
452154297 969915631 271276132 779505353 775404000 570112254 709821057 461311089 597874148 189195754 498413052 464133453 5046123 871952398
193872146 933058276 709404395 43736764 189684757 181353712 407608880 299164344 76433386 337803232 813417178 467379899 10679948 217417047
339800796 297891313 339512711 765688491 629620478 75028603 633335422 603878246 784968540 364262382 919862693 209070025 567093734 28163539
130145351 299770180 203518686 683690021 429609281 108973823 162900317 676975062 854700421 569846357 123203021 84932938 980342425 100888915
