108 21
386029267 124137590 878641817 100518140 151762968 635293245 319764809 441551891 375058889 466250443 194322892 423871293 435285073 365984284 767191191 930068623 976858319 633840128 875262994 437771571 250107285
580544153 832029466 283845605 810449065 759666399 442246015 613427577 193363527 680695071 225004167 773179731 703828828 937371512 182482794 989960685 201799693 997043293 393538003 10473300 633356846 53878038
63636581 672682412 539282380 836388414 68532020 194293160 244070308 416251974 471068232 353241362 678604201 895366129 341704222 860629833 855240578 519917270 368940070 117334974 286920969 958767074 454269254
22108790 387203277 134358995 936284757 607654027 525394065 441404350 562445473 57654955 58037707 909483401 976179306 139761047 318589990 541241969 486728036 804334245 86410240 73155462 474842937 591536703
996130028 698224170 366007301 820377186 218680370 808159382 464462040 35065120 869638474 382321237 164457016 170186014 524185701 691970247 421336732 475450391 332489444 507835808 52574962 410769239 4163550
870779750 537272089 77894208 142423199 504397814 282194536 588672201 220765987 21201151 667316774 844105721 139162783 762920581 902562319 201964657 927917561 106465632 370450646 907252960 613629515 682765754
745648797 597353100 981887844 769033621 135266174 884376016 106319942 656675651 253196294 105904792 765499817 472142828 532606900 852599014 347986551 746658827 235289471 216000849 213432910 577861617 270954061
606475137 433846785 196086849 354998141 538359988 849398295 663344754 196279134 156916796 110156107 609515857 461748149 532137983 921138954 523182460 600243259 668652790 603638776 845455847 272383773 471208366
330580587 665740379 536179579 155515594 772577006 494890482 744623081 215671678 236865216 326521245 954462448 558641686 297487955 949481118 16402830 59746413 674374093 788989198 812573106 653417590 936067466
545406040 897850561 879426231 424448151 31987644 140171796 536515785 688634169 362527437 345289079 865851354 924259685 309452788 178953644 122283818 51859269 109722858 278812390 71059601 247924153 71768898
431755087 977983224 298900179 115646173 832681858 45152475 244566618 141485171 252294929 36565198 396651592 105532945 760439040 468841973 714169676 389708693 139629128 743312522 278930761 780302644 999280213
817898586 995478485 462874101 942687625 164490568 683157691 86174260 49662391 845004745 503001721 929102368 455915176 532728167 460379331 890942524 205080217 395859263 971842302 323053026 873213115 915701378
235348166 348627387 524204978 192549623 5523560 643489352 699933719 963434359 899601256 103429213 232637174 59748464 865764605 55720864 832639057 328286819 877514896 9973006 453376410 723913831 746812993
666185591 207543869 414962339 248140642 31493629 438991380 846943959 452819194 754685593 790619121 734032596 767970883 810063510 878530584 209332991 725379884 285111060 318694593 478035155 362820311 600909190
819777178 565079388 503991836 853601844 45749572 982617020 283714565 872730298 129701842 986989993 362643536 872387207 935011661 699932141 324141040 160007007 711285554 205936869 239861132 833703386 423635953
397360387 696974335 578550755 522546544 336694092 69693142 2181433 235848583 301259739 173639381 639724017 794574466 249539676 749750386 966139634 195625890 501423250 439931480 110221431 543226780 330682065
771756006 908667025 622710552 463988356 595262382 287996835 358831411 929241256 676223990 362176228 792367614 713285711 615071546 189944032 387443452 854523679 463026856 175025656 598590376 883469265 494063778
373235421 65615853 257472178 966983488 322840857 833994412 531265060 393200331 390888838 736127033 143425822 642383427 848424660 390565086 163471272 667153883 441673224 706625367 995914081 80127863 295919351
271190357 585773049 335007541 372817103 637624827 438313911 930093537 567003791 766739556 567700979 807643519 273817994 684387355 382699933 533705157 397238249 315324833 729875893 756063390 79251749 975740138
464329680 974586536 737416337 707029984 357652122 207964599 770199502 345769183 648891982 256316240 21665620 354713399 853876032 78627631 987461872 806540206 392476244 480851393 853034560 432481531 667694979
654860458 734781753 371657804 805986397 404639553 946095778 524380097 703551618 200397071 705341078 441922286 473936424 584632404 83867910 679528285 302751385 105712258 585546805 126405386 419134129 909705408
116605754 895563493 575173476 765980776 491557505 342583636 363014710 172013961 773317706 612072622 694776769 397754213 1019689 848930241 34959411 926651124 559706756 866482252 695998925 254356320 632079128
699891078 972047205 174788743 654099317 627806357 689943268 358685564 716010621 1528600 246168521 192207623 46170089 500950430 57033637 694287392 414877380 336367661 941126301 446957687 847752174 669177532
524755947 269858543 889041050 455822776 105863773 220895775 305582800 387939459 673960661 51385552 320744428 122122224 503606983 632695426 392284957 142669513 724754622 731750374 226997223 458606153 252456663
610798949 186903713 306159266 177707844 657717656 554091768 470662009 326166218 682612173 934585962 761828965 425357635 95638153 442233548 671933299 375248413 683701761 818978501 942281125 602986202 842739871
727485008 21035886 346629006 560044931 5463870 635236152 944016228 297557759 102646194 599610846 954937113 114568986 590525603 844446002 428138879 876137486 317313629 348146296 799087100 963534027 633916672
461724905 493987592 500712306 122720512 993036338 36268211 2957274 252091811 231738098 932578076 914933774 203906950 16666431 473274107 158875852 854680345 286600482 925866520 112432136 518893854 327382294
33364945 778617703 72193838 971779213 909467544 609305285 330473012 101192299 520084339 574570159 873454831 605228425 774035579 680999658 140023413 18781491 993836893 349848298 482699435 117195690 71413468
263436891 43949773 839117475 532637261 259190684 764165100 855902663 467060249 102254655 528108395 625110833 531311166 970051979 593119106 626775539 587848911 771068666 494427067 513521297 307546736 234705083
589803384 307667332 283194074 554196017 183145579 788663736 818107741 469674098 496017179 609965838 198203225 985578184 379337062 740533467 81806020 719868724 521992441 55119975 897969831 653998310 192954330
303126383 280714145 422365894 324729055 839794340 352830050 784301551 473223732 596847658 980447281 604787246 579681241 69518362 654306151 826899079 149643298 555172608 268306930 593680816 66665525 376672349
150878675 482417813 971711119 663318310 498738080 581926098 575669632 342073923 578962179 666417468 97183658 128020241 697951544 960626777 746858630 273221089 163093395 293010658 31115999 637220982 156875768
356570184 542447444 966676107 699391841 297335597 468263130 408704587 730707548 130355687 509925177 976282327 853611402 533470464 302128522 311950532 232901666 514617784 531287743 626339994 575757419 456132225
547283995 135267670 2296389 897048962 480211894 94994664 843005857 654521622 459067130 604738230 487356676 114605130 105168681 464682520 185176073 642581858 561665492 61256410 919319516 386847316 125974885
820245949 810997695 607650123 528888214 75942645 783543176 697831205 909982200 210491564 636667425 344025590 879299694 212716926 582341639 946593155 436385711 175102715 204261324 641041352 734289351 311971369
642907798 386083187 195374742 145590783 275991709 5714022 829792847 67297259 47516080 160224824 154229755 843694157 268730801 302869685 282678772 641882874 615577365 888867930 872141930 697586106 152377701
55746266 961472481 117625545 865262015 599945627 444236209 63662938 288646485 285557306 149831813 893588495 927678445 897730307 321310429 151912323 156551775 203638137 327726476 365834432 598632731 743321300
472763450 176636361 93749920 22749310 388185058 51074578 242408966 119830165 108549973 281603330 942772597 228271725 94009782 146627704 622367403 886361867 764778749 626103619 287219579 114588586 924854900
733078953 763551816 20067898 14599996 467263969 733668494 573056476 148575945 632333977 13100378 42662759 83835234 599137648 420293069 221283815 614933666 672822653 92114844 44306712 703791610 114704838
851840915 671212015 328843564 706553802 788656653 82283282 348159185 202620408 584512382 273989467 434696917 418717237 511272170 644534360 980337910 7489115 757962859 799864526 762066760 190181556 999270830
53122866 747034803 762668163 899441270 373012014 963846003 729996923 674618648 824285474 404321688 953510726 480274174 381348001 282920324 174811135 193499429 716427504 298845808 603714232 623482014 776763530
464422630 585935093 405782800 583644830 845264712 164639791 757286196 49540495 176890440 718441555 210005848 704985459 980316014 736277568 655201757 694026901 322567574 603437133 953454521 107444212 685842799
285618880 799954166 590927297 408251901 125528151 989706545 425135589 451668759 33426627 97949724 63033464 675998697 316489513 237266940 886797899 2346356 968006815 968016427 755872096 149131017 312442037
128374167 830624108 233368274 601858537 698858305 622245468 352499785 103219249 113420480 549186764 15347391 396491126 350843579 62106769 371039190 658746387 774695283 968006449 817430023 505487194 563255606
783562854 760919838 461696527 426572013 990657183 968466617 284313835 682444943 466922879 539547340 226797850 314593195 126043740 142947359 665571005 271018979 412776641 744607950 177100649 546377579 428689132
590389961 49755815 96213902 228639313 675436114 803421298 884879657 517410325 438847105 46453180 429246254 105428883 431928771 872274153 956028707 715889883 840648279 968203345 791714721 123658542 903445200
536474307 152527061 25675652 482075798 3397629 434329345 633254150 745208420 581307701 799391484 872955795 364907723 730950547 159762606 221575231 248768686 305500340 690679702 368611792 616510916 211892009
60828996 498556736 966125850 685424886 249943006 526621246 217453966 726793235 157308063 411494828 145939541 433593582 804673620 541289506 814894965 477635815 267283421 329557098 857993292 30678739 495141554
351742466 888527879 701738874 60161371 56138141 384367148 854954521 832165879 265434530 949836561 809546465 439840950 893155499 146980962 155157366 445571679 637133320 610018207 460576112 473052875 477609018
352566939 800513757 845070696 635725688 396157438 542156477 6201271 241238573 834109892 782973317 965513165 370423672 663506877 178262941 688913622 156363690 657903627 131166178 863262606 184812236 472023974
660776485 121885382 156222230 156637403 980039081 848485861 32704377 539417545 548585385 603471716 758830614 395727075 299652560 455023441 776496837 756170097 773515455 408365005 341160335 918930958 559437962
67452814 931776820 952405291 890941755 363527262 162655142 474334603 703360846 442203545 451839116 107099333 693119539 537843379 726826944 83757510 212464848 748292016 284352978 126952780 289329660 704604074
773380738 293471339 252077829 803219791 590311753 598780172 476761131 164862817 257904081 728542313 54687522 520086836 623852153 965702035 277886868 867130675 202125010 94198764 416151453 567176027 786149412
409873325 486599245 289979325 900697066 800763489 716570666 854413569 50539089 77039976 283868587 782894814 2989758 761717366 613739454 84183203 371487813 203436561 176762947 953694642 523451442 994563094
825638542 926671871 285726852 330200116 354730985 430849173 19737709 425818735 650327567 915013137 94887123 12438431 487409075 899669285 763482322 435531758 182943479 746935574 43157560 996626270 479351285
475860031 831367176 353385537 386754874 37587084 105870072 872440255 293928006 197291520 531302898 832004179 88826381 187028783 785344663 351068750 187947897 297965508 903975863 292339283 968102885 902994173
440138714 169194969 723546019 337602602 485883322 904845741 771542136 976748849 771485895 264489069 871160347 455207181 770107298 295036685 217207993 856546378 934941858 412839766 364663156 105077131 89669202
408773218 462608095 843080197 635561968 439578914 283819395 211877889 969232368 462544088 404649566 786796382 47036024 658602909 823562079 657031180 271979489 486125276 145989099 231971474 325295932 459724757
895644507 128554120 361895115 161716251 576857468 136579358 399395971 98300950 22603021 777787796 518789265 53245826 44383812 428019648 727685586 916259311 128032586 379781771 144741465 683797823 816872122
967554676 30448621 967850538 606555686 283230731 789037704 280083133 422002834 752642167 699079385 695340246 218740983 962715121 497409219 442725546 873429697 213546567 332892636 871098176 780386898 788135258
99567599 174436084 518563197 630473632 462138234 513059829 439966731 907288226 812809265 168117446 156247097 395324799 554336121 110253248 291336504 472906088 916389101 182862991 631336876 622784034 568247005
718635697 392043054 389389959 13016266 521977339 325309386 74955013 876940780 600457747 458609794 230899741 236282284 118902262 943957449 159177445 296101930 161444468 624924936 974226311 513321656 98444463
857379868 451014592 266485852 654153888 732703702 982972769 524431954 888922514 950116474 179072722 939953800 867869349 557956672 523452298 202606113 783993676 35681239 590330520 427995635 172463567 613886173
403627805 959449352 520564682 976224872 32779472 239947041 390000812 675595136 886309496 226136366 341899833 570617762 608663158 685048791 465893641 663749439 429039928 109916662 792375047 442681914 163701191
688557851 554085874 210322030 250014266 955512839 588236255 481255974 287841856 458295089 104239029 312476323 671718299 368435012 258533807 789942938 677725855 530517919 396956126 754442931 795683511 735434451
424867493 125478411 533392609 397055785 903518523 942681267 421496877 188096794 86276140 565310510 878750785 716546005 387106264 158386167 51787736 697997244 736348915 857278457 876627774 118281959 794139908
863861525 544122582 845377951 581869798 71476640 130080149 536121060 133237577 798698978 592305540 477946088 376410417 72849560 334240833 494661522 304565878 480576370 666686334 699324156 332846659 506019734
396914561 411045878 792036248 118986779 55478691 101520512 930981320 841639055 671214289 906190931 801186043 959246706 873180686 496295257 347314861 751524536 682672367 670551089 544313389 527880267 259615773
896757932 508421919 744820871 635887063 274723411 515408379 798234301 14119021 446388958 257247884 251110320 397687494 452544702 996057201 835405850 400262363 449355156 377711519 954944808 329862202 631715511
254654173 314138362 330730115 216767923 612864070 427634468 781407214 548744389 769857483 610092336 695120324 488990048 928810415 875830554 512416482 374053034 882496777 793643986 958055481 849421823 54469701
640546238 597741904 743225197 339423139 138364725 323960512 809151031 84469687 323124485 268440247 129896787 632446951 192811757 302430582 127021548 582036720 260668452 12569555 99368928 828794722 869001681
97695160 571174978 421685791 202723728 488249506 244824025 93859552 587778547 178251810 529964448 912239280 991293695 286125152 350364484 302921839 660837547 726448787 349838249 297767248 453590372 899835274
449848677 573219675 245821068 754356262 952161092 592449516 109263606 354971101 461661890 9378866 379341676 962012985 815946900 906317233 430574378 22058071 544120607 819026112 614143072 923430761 290929919
307365132 300937907 406328116 868836226 787239443 183469500 100065683 225251115 903042986 8387463 312047602 809387055 828593272 694310166 142383571 992959227 238450808 394664668 251608909 707536044 879950203
419587907 125690760 576610197 401672612 988512038 123855682 294796221 95271914 278675031 405296973 228849502 94479513 326276634 405144846 186146663 551993297 885097896 804077824 984421883 739768838 574330030
697127215 487281392 188872830 362454987 977790910 961345617 951134678 851345685 235726177 218391773 908590718 142335637 214452195 655531141 149738808 219714758 722309282 949309682 383632285 453332250 452874510
620442108 347127960 177420405 979990829 27818548 984996072 438392240 719703578 485949787 62667170 1984535 300135554 989385449 551865006 521617900 948148005 675809927 891397957 951032034 255261531 927249045
573916793 392295074 118922636 382559909 145894829 887457609 617466807 722034174 9374489 202270696 396421612 59849242 496219719 565711107 53404882 283741992 500618393 818677523 359772194 613806218 21622720
230033156 958041897 130414936 509327430 788110007 236769098 680870620 623345158 163422593 371212410 500627220 564124846 921414314 454854595 403891508 187804228 341004784 203907521 237002785 847729054 115145217
231868712 244282102 741469928 254104324 69631804 418878339 734181410 370954513 838296663 695160009 732416416 989132980 123113062 404048255 768611976 923043694 868660588 914745488 397828951 501335092 233333758
591221147 69159517 196330478 584668102 715298674 454608956 345245177 896799745 235018907 980382317 283065510 604768256 792188370 815048635 568422841 103804331 758940805 625770181 694038250 229911033 562983254
467695232 7725159 57134457 801369245 304947891 428215120 706387148 232416996 92202618 819085882 813765416 933302633 203930308 278742445 648028887 345551519 750754005 812418214 386239926 551633069 780729029
236894486 533922231 852930029 97436670 118605408 454999391 365390702 434138049 791044063 165529160 438168947 956395938 134378334 550175648 669980146 999105544 592103326 243742377 392370966 962671790 235005651
271088951 912071102 324580645 774186279 43162165 405600764 941463376 436817206 993401376 745306518 119629286 762917009 746651530 695372936 626333939 380756539 74488216 912558975 565335639 920387375 116466821
721270368 645511237 493889751 308856349 317311167 163593670 391264150 453378114 166583912 983568180 359022912 91007851 863025114 748178111 245990301 442367776 516812999 600604907 775709418 858595967 338722966
76747024 851682391 806463674 353715937 807587801 686249097 968379287 367710199 327799237 685398554 784005103 961097051 99548586 820242964 125847599 580791363 130615085 845472378 949870298 286591514 165535050
624182464 644892932 101086462 643855058 153506381 954265816 144577090 346131176 564971264 704475668 12785902 806150532 378993064 903576712 774382650 713930736 146055819 521314459 901302807 554884429 178783712
769477062 995648422 691943695 837767253 873135382 364880830 153065341 759715721 392018862 637828970 234957362 220767891 769147715 481800297 301763231 792734841 352319646 551083949 882946694 520104122 152130078
118796764 861686400 18595781 882551859 592011730 631102585 433756544 589081572 273592093 694704687 935165890 653800778 170487936 720096182 442845912 921299987 21715568 592967158 598475268 526915584 941477274
876832043 831860217 149909863 112897371 744310117 553623905 614008241 180766278 489598214 945330519 339682781 879983778 333446470 404031981 393174779 902434538 832043698 849068711 652985523 24794699 699012521
934221567 7722428 195253545 300753118 616264415 703132260 953529754 567284697 498585897 91181327 33156585 168938870 202584115 682764464 917000468 305143908 550664259 989061969 641698127 619444134 381854232
710212753 136269951 123433750 141364065 377861665 258317504 951566813 507907395 821463622 881273568 646620413 807518935 315581018 266515681 665532871 214435241 126887755 572691067 860972645 312841786 130419227
820157847 690030673 646089343 971037278 568244949 216288988 920858721 161708223 665906183 257183656 219969083 112718715 824818868 756316974 405192031 951674084 171273366 556580154 434535569 999519711 635672092
608181097 761820298 230810727 104775913 242203058 571715702 60956168 829695059 122942170 598755959 970360932 985264613 904296190 102696480 62434738 94768093 326329869 153324282 11889466 246537646 102429260
763409666 411677658 219221120 720486608 697082665 271170692 28556715 411686407 975795155 660762301 559124288 719456816 886842713 945922336 482252416 594365918 622751367 107472857 243109474 924953209 421425438
786985259 484211217 508165308 490110035 720153578 869556588 266937144 777745230 630778370 698206597 78991568 331359660 282497774 630579491 272784187 832069630 908840513 784701247 547455878 980622920 387121185
874336138 635415183 618786946 661013447 334306534 662136203 267685147 384968192 41604073 191676544 297101681 831961519 568572765 11829452 183173721 900704841 629026499 912235420 559295134 71451735 412716235
438617718 72137082 836140023 352347101 546349488 16150814 232055132 667601043 742045942 972653872 600215370 989432892 104561096 606400328 979976090 117903195 212814329 150712690 854256060 545214503 513883185
856856751 782228784 298286345 374988908 79660403 786408460 183966496 59948665 681508392 695524217 920911552 661646973 576190378 984923702 890476014 464422765 377533898 651859732 806883046 754280343 409571275
380973943 571519126 942170906 825311464 163873756 917899552 656435817 326283980 185436237 7266908 990078156 219801112 946744558 61084755 792343262 894132960 784749172 291387333 500284688 626652974 433922729
153983140 789439013 119431038 796281578 812739223 307965364 165257025 47114409 853510008 135499946 861735258 796963819 903155670 705546693 870108835 542212042 340325748 160806937 770423913 167248628 44462536
734622095 706457836 245781546 33184381 441424225 773885921 633792706 362452465 707624608 133543663 302845222 282655160 630540974 205433397 834464595 380525847 994338244 360268483 954539355 738314121 832924525
435451676 570761187 688065854 750716169 557687738 840743589 848250775 943396939 798043018 356548848 784313772 473218492 17048172 966940707 934940358 236453686 337621940 746217013 58942181 299890793 192393900
534373936 821214522 637861209 614722320 533878961 256838830 980560094 692671888 991349866 831826522 670384930 407742545 998720161 982483981 349384743 913817452 928376238 545990346 619582527 860806510 86015873
886669638 896154258 335349207 709184025 775957614 727425947 32577435 547937294 409743327 793501099 952920996 948716296 755640941 685188965 602297677 115662405 408956573 702273088 454382312 265840919 602775850
282803465 548692538 668164964 409420675 145156702 552317178 869592612 324559435 825658675 826752341 858443239 633912280 609625425 621458541 335905101 775552182 942837714 201818837 734152587 289202721 88962983
810195223 497896172 496386702 429748754 800191534 381630798 446148130 850915116 71042060 164898465 18658105 521610848 441670165 371020652 796550369 478976238 21980578 946743624 925784412 22337641 584115328
735892322 903661730 768881977 520719726 216941821 383247580 619001626 96692898 836660718 497465578 61908891 876453445 754599198 849232094 202311840 886816498 249612 641332863 562907361 874006587 124941385
