108 53
711325173 174210807 292484312 178855410 78629751 195787110 332155329 915858879 25666843 680094371 698980024 219599206 410489646 686875330 401500998 549597127 598550547 52843024 383983685 382430007 649717950 709063050 833394277 65060862 872395578 377441635 584362155 879381721 597358373 201958786 132532461 666413944 536813103 299908097 494846039 336227073 152040095 139559343 486765032 172731531 548955597 720961679 895768309 821692836 663856809 280970327 375277478 73118412 776292915 186799858 398700404 160889336 318428160
95720703 278220722 594669840 384679612 725389903 723365889 271420017 764788898 329913962 687673561 981730667 516962310 840447755 361353223 844009667 230340556 62946976 104937769 694039347 961637870 235541195 269853236 120292838 21074425 544450787 801937391 558912764 41374608 226987124 86860917 323078156 163682024 442151355 154619831 664892573 726418763 733684778 437526520 125079211 603000213 158193386 20350543 70285609 129776826 368120148 337714984 938879609 845468222 159174519 621904579 489439477 123467451 357902486
59601332 83623274 899222623 425156007 457629537 302826904 985348971 683756500 941972103 122804403 54438581 631159550 545852854 369567205 500379687 938272821 341354448 219808458 669360957 324929089 364595342 141214194 72991115 427526685 877030651 966216546 229979957 787657078 77312503 417127187 855328118 744482096 441445045 893162866 990387481 411187681 17016637 703659486 673713411 288976980 406221035 382586158 779330727 902439432 524195566 959178792 929809040 446812591 737892554 635500555 109786843 3872175 351621334
211698438 361611706 736698532 159755967 558112958 625685490 922361820 150836227 930281676 600282461 742749657 634374263 555887933 717091689 455412947 872314562 67532560 576385432 641729844 278151391 939380924 696826878 630414362 790794399 745332903 734749638 145751512 924918309 342006192 634681773 962203765 923625576 838282662 148567173 513857579 83916724 553186766 380778932 685760489 789230633 965723489 416626610 262781394 676321851 420730891 354213007 949056444 798688560 54918254 667503722 373410226 696098725 724819613
914456059 124671091 520998922 24811169 347006730 440985072 36853537 555439351 223393525 187811281 170769539 325904 422728495 338378737 970011931 44429776 559464379 940908766 646869928 46198800 89674677 590087770 113451840 886339357 294001609 891462621 697977288 255433014 546317498 539125008 607625340 859616273 817846237 233955411 843930734 852996438 347778971 203105080 750487806 223137571 709671410 851583237 361585767 970516614 613538549 979500855 770879538 62798854 468734792 635872762 398250945 984029723 728923812
322577073 841935046 6406577 939308633 857662580 784114632 914768554 957597127 421549709 582743205 478617689 260493540 901347066 373266699 64331783 342468281 83695 618913021 364904305 351441893 376383313 509092180 649060680 949763352 230175547 271018043 117089200 847388057 251203197 863983027 802023105 575214529 857670680 157594637 408044809 337998718 363068611 101795442 554675209 466306769 522805097 22407518 186457779 517929040 668220329 722959137 894496243 192215461 131393621 896244829 128321827 930885644 482810867
420780683 158810772 313899737 531808063 717061750 231238668 368705008 408584103 202167997 933664579 834117195 830329293 712160853 167982181 600723064 332103689 201796870 565212819 279007512 493956325 767769577 291166305 607649122 273720735 10905584 36127833 808875933 546142890 215345246 744029047 514626473 188266029 975789387 518723500 401475447 477874818 253323809 259142748 584206220 268598968 194677282 874048223 11268483 734848274 808175839 529359619 301235848 367379846 80253634 933806984 528046557 736406079 532841349
1007267 82995032 229521948 350568121 401085564 862898147 96847150 559274561 936872880 158806012 529123134 984477908 775583695 399487538 948764740 594447998 287722463 526365102 149923569 534048031 543989463 81395367 386984742 19610858 318154277 773043949 237909627 108276456 112885289 427710559 201232569 653834611 587291319 107823989 404239456 160598203 566655897 602400183 383136546 313815364 926375179 268864067 853256806 370083430 51375677 770901067 780202950 898130636 971321301 86530965 626099601 154949366 661050474
398523129 581904202 707310519 716328714 400650471 918707239 836547255 529281461 889533406 615781267 253084401 66594783 670998262 142932908 30370102 787592946 900317271 465301445 962651817 567017674 555278784 492507365 479031618 104654903 524528385 588061767 127742027 243916158 944241793 415593944 70342886 289547480 986122680 925702845 470284932 977121522 306687926 863866826 790257519 222294380 882419611 777421323 722040641 378635098 915353372 901227839 364355947 991589318 584466181 902044248 240816047 299000875 96873393
10905084 37534375 999486204 332152724 327711495 359214652 895141915 468804530 558406407 692404783 756321634 881484837 768739518 330035347 58110238 236108954 201931940 597290576 971646606 673150676 816288611 674577314 583109225 952665896 160847961 148511385 11855701 790204160 495657497 70607767 483461233 818707289 836465386 960838101 15122380 440175428 267068230 573311965 831766763 544053864 760496221 285734417 545421639 309263230 531576464 517483811 672139468 505148116 237663734 424927899 241054812 496538827 268502746
362200405 232501322 908198489 117963834 754050560 413266656 868996488 973937226 563791264 734675673 848843765 425060079 576168972 470710759 396256082 752040005 118284912 643172654 305126372 261246746 781807565 223531463 688704773 464467312 61338996 555507518 820122531 278015231 862772111 132344341 285832895 653459376 625850776 510175295 144226800 28372515 709856992 543564709 316834270 514821674 41868042 553258661 6785223 896112460 976726669 154997389 570476284 874950467 773007157 868855845 217516389 367417982 346664098
205379106 506200057 711469216 51368647 687332276 795859015 54065407 357946988 472737529 813808625 677208358 360820141 666447239 900544299 251684691 714747514 250433254 338126656 814269177 345910549 998523155 205430029 402563903 593823894 220942591 237818245 544609152 177999210 2592526 25351723 75352010 922101200 159138713 296287643 391124319 886608987 944589676 465351681 481603382 389975155 604162120 486439328 730799226 264583891 137096034 912991564 680857354 620497420 208085986 583705328 310791672 184940801 408156006
612908042 131445258 611751273 10427516 413877802 239088188 273365073 321254187 243527542 200885308 741527703 906519403 455458601 56461549 242163568 801453992 232355344 503672037 169312995 541335875 365875467 587190510 496649291 831198993 513734546 467312776 629998808 782576602 414611501 477503590 384892943 884684507 717393659 643098349 179559494 289026117 217247276 86336696 221841193 843784123 17110151 80501014 287247928 23099608 673009125 668111498 528914246 82246055 561531316 925580106 818253563 840021801 427520373
59882434 980171603 346664915 384473917 414319886 868714014 235758605 350271032 697461123 104437118 274855092 291883810 147132710 665636971 500359064 750417612 801964595 285418290 984043519 44005533 626813336 457121778 693226784 364286734 656912247 520163614 742732969 750552621 922695592 259874814 500815674 838194203 325912116 627636013 900724968 927589774 482461147 83896604 383612347 847788112 520447119 467781262 306905648 854013374 347228663 114751258 575737271 566715209 430587885 802617261 425434933 487702776 689563392
474534149 791213444 282031077 335709427 65643063 608013295 860990139 385558332 16609577 87179447 765486655 73498502 28438296 394216336 333900228 603623471 410977044 725776932 748614069 608219339 859441791 943858319 487115279 890938015 543296914 984545761 232135907 427330342 266687448 313974943 871322841 11068560 406374577 545823555 814940072 336763454 558755281 947721399 920065183 271905095 472488894 388488414 22303520 15450871 767957589 446627084 767911711 560379211 972748613 810416264 729735079 36484469 888163986
916681489 704076117 70769246 835022100 747857238 991732955 59012383 947044085 392620925 44588926 717379463 408644151 200859037 213046169 379388057 399916844 420008003 691248408 872835338 939565820 975243505 488748542 60914631 510139426 761372314 792303327 96450669 954896111 575871528 509600614 45214159 572619782 732907255 172880081 3121780 717208286 358654807 730972272 77093655 652917316 674318093 263769641 228540197 88666838 540447186 801929463 581715266 734667144 80910803 921201510 410095556 844843555 39594031
216443417 770033974 813112257 735710589 747222085 854836951 451328339 802892867 968192563 390327065 183317531 763576704 816686018 609275426 671459890 736699683 828014818 728378446 199021315 886356625 792885786 235125931 705507278 423984931 758245634 974036859 291812390 638365349 945569994 305257654 803611764 961981401 933875378 135214213 740833905 405410546 523961488 588313544 524643760 710588953 234842957 933717649 89030674 297046508 589079400 210415271 639017551 437695994 189499761 947096580 914906228 713771336 968590479
482860887 282403935 437068495 188371707 889516163 460803653 87661563 771118723 598640414 354751789 341187885 442671880 135819507 338551667 475276858 941244160 808617089 544994118 842824939 836922868 970837369 459508521 862155643 268637955 361890627 167769206 538249500 263114078 521377146 510148566 382897778 876691146 374354540 442310602 296276502 9375265 372975515 85579046 424340756 440784337 733994558 579705744 430819181 331437147 864110528 264030725 543721110 47076565 875821632 77593429 665678327 28400489 315141904
661169314 481483118 329699796 594970423 31085029 90291657 862761448 625485807 449023081 505250639 696933898 679291687 995785038 194588216 867372980 317310977 581724679 64518960 361070068 91016021 232784092 25635288 313281003 95005229 974072169 717197125 270860624 38006855 300528413 947368063 812887787 986029718 239715260 663396100 381090586 160104897 81367518 665881922 207358031 360212643 121204590 606852896 295172495 565816009 775024171 626776182 493955316 801483511 70473258 418584976 532418093 809813924 879273042
931171759 83373305 592504697 190935262 831759240 820764591 715566549 586756063 781726147 987775418 987777868 886178232 951781245 12790805 688846883 802609056 32171206 394681811 961522390 885321251 740411684 216833177 300176019 18669986 789051407 508827938 712314300 660671182 966848370 36891578 445434473 562337073 120937008 252432580 609544932 707409829 476056733 424262965 341425707 547999962 918418689 2473238 816992369 584340949 792450585 215080965 952176541 559831659 360566678 595936692 835360713 314971594 131251867
729819241 813816260 139567345 226093123 366790013 776964497 502943027 481917976 262521821 790822630 690460857 716134045 159091340 483364782 799011580 963113926 846630687 409127559 426334542 809631099 326132287 468727621 147135314 777361433 668412971 862579053 221553536 946884336 714608947 640662203 12700579 928690886 703496766 12539804 419600218 908613202 260410693 724957109 446460058 54641858 76441046 605773914 203289130 248299062 32961938 677655 189341733 594064962 526929070 319075883 337532540 836622448 157648502
31921416 28426098 957238972 14318534 41956053 108236318 674810902 285445007 124705516 755981548 431362787 30919512 234526556 933217820 656214909 61869498 241709928 193139778 762702510 970282723 736369669 845033156 717969977 577424660 229260896 101924959 838422865 680409379 911115350 753646499 532379936 308004090 805474555 79948658 220476226 874414102 979471636 945870213 2403911 194179081 361889692 621222631 100421684 412298488 868638787 466441848 186337538 330186781 688859626 529285995 810148638 26331718 8735016
811172296 132710376 592467028 612261064 820641515 239582260 149631933 416215113 325746691 106153164 999143179 804813917 433001620 424381163 696180827 183373162 239549685 915453123 425261535 762933260 648886995 583289336 183392348 811820433 216221612 134581284 463678381 418152059 720528725 676852049 214174014 817285378 515391605 610967170 12726417 29360527 521913095 914156586 248053693 353925442 531308764 1746098 397118954 457362542 749803031 280545528 127807958 609703703 780841903 732605131 843344979 528783739 303136752
317412208 503904454 878913670 143607546 600195616 902118314 408300636 417751873 657560711 842227467 109481683 285991435 195479879 44948748 720870390 449170421 477062771 379444833 653386371 37178223 222600212 866223829 329642094 931339067 881094312 833227718 768933724 292228850 739656605 729511076 470290729 78207359 223777755 214493046 928939618 913846689 827135031 708840788 22080716 562133613 436484097 343403758 369079259 749873099 31566199 836635907 210585404 331073780 781598799 822730475 411585355 832338682 464958001
196625166 16787869 152699712 808225595 672026475 679218040 124889086 334835324 167754258 416926294 440419518 555930745 901651370 195968102 273657058 162625450 488479724 738704139 835819548 196698878 391888933 804853083 992353523 854818899 867801528 488692897 845809989 889717503 76021914 559111387 511042239 462528074 428848085 649999164 300948327 765901297 759738885 948926635 431315987 242483877 202775518 281717315 726508271 693524618 164164260 994788817 997348347 504123832 522854065 211906137 757376395 624381630 869293554
70511762 726017733 106126618 10101866 859312485 528325158 771433922 216329903 633475697 28651006 310061982 276343400 436860042 481393903 54263307 577850069 188787766 325885554 309146457 279805767 819160111 305286994 695751502 42864547 460340196 108327982 397970850 720339683 35458551 403331579 477987969 475851669 942435008 311334528 853537036 738103386 493687496 470843097 619774424 403883112 724770127 567170549 993026413 314846729 77792456 414790424 476709576 138643738 255593303 295202394 476512217 562686861 520827738
90011941 941250566 562474983 181077981 100607162 401997478 301019074 473150756 331289261 512651143 856858188 89295653 175287141 516794217 399027911 373240843 550053533 46727809 116199175 148952757 395645414 915150071 129561079 436538164 468153635 573569896 635430932 298578256 813922059 737789284 559589360 913511172 581935530 330218481 475913904 797079806 615561440 442993670 850607247 222796576 68261088 594993937 134033753 170406658 287243443 744012658 673798384 37698669 816712883 836879613 683148235 608639457 764312336
279859068 395443058 86773008 732892238 505081131 832456451 137806177 966598597 60940090 20484016 244212334 910847008 384091215 970943295 677715590 952378847 109405953 785949321 776820012 194069461 376861790 996698107 594798997 426337194 428169318 811520024 17158446 147960921 248804493 661110260 176419861 745413811 876639805 718874043 23259035 10435547 569486162 370452264 436190920 642010057 514380444 337801230 728577239 479104455 504006752 650695891 636356533 981041910 834962136 979299056 542100614 403662538 340225710
713109362 545140769 363877258 467173253 271014268 471139727 208161489 782876272 741952707 214908559 833890320 837275769 292817936 107536405 239558921 365913372 295742914 738612935 495162453 55534793 378512457 635410303 832850400 124713829 384041132 286852044 266811240 890376393 298244356 229178992 325057281 575469378 831153919 182144483 590502291 629108239 599461470 550743247 859591514 74101223 808119671 36474002 697196646 858502000 18396595 773937599 312686361 472762825 376343057 436958365 392280748 782177537 446104482
896352166 300018601 283064989 36334091 242732041 19358834 26747414 450525190 132389417 373165497 92639577 746481633 171942428 877022982 560574277 754866685 787036205 244405045 34729520 326990160 372554075 859459829 311955043 400787939 65832920 218792778 890490009 90836309 745970570 497567755 9930372 46383447 273859725 368018532 431768904 180582446 60605870 415815510 178321406 68704565 494964466 822033970 98670643 846399832 366836749 588498722 719713894 4284313 793367788 830445984 390362765 779881358 912261676
324146941 806983824 375215073 857151392 118522587 995377357 484699343 262123726 353318835 93956243 399600810 271876467 635404113 283268775 792044119 348367355 145864019 184837058 479671249 513782281 443537325 383062800 242814628 812649205 299306791 458981554 196575858 809522761 316355549 639683645 366437234 239005252 731553214 771536185 362244332 887119959 387056911 711451556 584309182 380284842 871164645 106935404 677193946 23908248 679457710 258618360 670452165 612190254 810101673 860052128 779653914 557740720 209335657
216673584 852860165 598796309 767062614 570699114 155053001 482983814 259788075 239243904 914493499 862625507 320738937 218939806 95280708 448202046 545514275 589897310 533171554 568164189 41903328 910537553 657629991 82570300 74136253 624821373 39096249 337000841 368730008 844249562 378665553 190580263 295330982 401758676 630777276 876183211 83396589 522580940 789948125 633624546 121717451 458640023 764954409 385593161 764317805 604174077 469770537 240348563 113404505 141261883 619963643 265345319 433212133 117821058
439489234 689108640 536672189 396568438 806760306 317966667 426325601 905972911 86061748 212401580 28884132 780279867 868194824 436412409 476423982 248548634 573016814 870165661 888627707 420696001 749441404 476399799 188252379 981134488 60666587 48392344 154064880 908843644 976077258 620521545 978426418 60151101 386251034 851889155 730386414 456388129 937226800 299271348 704630595 296482399 533861766 112135809 605835428 414107045 906870057 325637438 77682521 535505555 747918140 874006264 387685885 750543678 961578100
290052716 602602241 947776430 502819483 572198285 547723560 221506144 643444494 844893185 79248905 255180484 89155391 986201509 777052817 710681024 441235251 722581253 632834942 706815019 503047172 175339493 906054116 693804883 988234336 44451259 884889516 573411192 165174536 756864049 834504720 92148302 355318610 991617448 816765473 9474943 746614184 508097968 107288385 277610791 566429191 708663697 999526313 22448214 463238273 292853446 804526820 428016530 670671291 905159549 185243218 35318610 836782448 720644376
63728550 738486916 536486124 49654446 552980329 416483591 233736081 578702730 487584629 981559858 160394069 36626347 98916730 368400204 149419330 145830979 576024956 742062609 460201461 269238329 293670995 922740531 139840544 763738279 923402281 912179927 666363657 343003484 41909504 595377428 426557192 218096474 857787178 814632568 873456653 760098649 927218127 604070018 19275287 295925827 105079146 498118697 470096830 69422518 836951628 242575443 741767850 577128069 548413208 995049055 497117721 983881015 879244101
747603612 441519965 148857478 635441056 371657935 395920988 134217698 220208839 648850097 725885455 690412012 262606766 815775343 55486211 119325947 259360798 726403368 77640667 708951450 186158897 323601267 337658827 359336712 768277464 284969942 317299999 810284470 517533525 149695312 296218546 572593101 556374465 179243984 40907639 322245542 124779143 603229883 667362548 412312655 151119079 158540650 170614210 256444941 302725748 831681961 765146382 740611284 695581590 995764794 406421019 80174801 352461833 938171216
118776510 743333089 65886044 597045524 965291489 772647703 246658932 135996964 228163072 369385274 210502918 175043599 484884399 870559556 176456736 859946970 792083473 639416804 231845536 705475710 83106146 667122941 305572539 323416423 966740847 164090405 602596216 212648694 109073945 172540199 682848051 963948289 257958870 847052929 562119195 403033934 915337264 974455271 891069107 297865755 825336388 937503422 805131348 202331801 903145283 312273570 363070378 475977580 308072180 883806688 20213555 742438189 428185648
859459068 878808516 745858792 697992549 807757357 60721411 825937566 241936148 391160796 31585261 106662340 795858516 332971817 849804626 239452611 704116044 623407974 154509396 82059894 507393468 158871961 136844012 783187631 93690741 196368638 427595365 994289841 718190812 875391363 468224991 231340215 830913387 627167819 583665869 609177452 961765936 769337900 530158455 914130034 322583629 68037169 652045689 159065819 431005046 251604504 327658562 653482931 270739574 146296020 766843286 325199476 870243242 104504076
536101901 367967119 605305220 708379035 655045010 6630122 728012041 935554574 571705316 656016477 603398740 428973865 388633368 731952692 221280529 112037218 159044629 101797808 302484226 938427236 700785942 847071622 686979710 43515534 629527596 322576990 633617645 339723634 964098490 63820117 912655181 675334742 888611575 557405819 17980592 156553142 916023919 540021590 669550268 478855872 63633538 605370206 952987689 270729686 341287908 471086719 397274439 861345552 873977883 569433498 509524085 304441527 820573701
253775107 353469099 196922827 380849231 87586052 90361329 56541310 737429502 409816665 119148006 95704247 500925674 359098035 446004282 78962321 878100030 248949557 148544819 543351513 753758970 515300090 857825836 357955987 87370353 640177037 569313298 246484085 578995403 805101423 66876902 722914666 518825348 915370132 889661245 469360400 22896107 672846054 414673603 806418747 908236196 106199745 363009203 60660080 705721127 945306997 542997345 710967146 184037951 35068872 498936240 401368473 331004043 993030257
186174364 22261150 27997696 420358302 641835186 156096721 915866981 850506863 564663955 764073147 333035733 704944504 884881269 594102684 597856321 875074371 6544545 137652966 880582636 382957516 17803510 8901055 733424877 99857411 985420645 445152132 617981872 579545677 154764147 390817857 320129141 407787780 241741754 504930105 298512336 153033458 159938664 500819300 32538919 586229210 663830462 237508076 451462455 969066224 425836178 953450159 980130448 585954139 774592717 517645504 307756564 472142010 960427502
699726566 272302972 674953116 586685830 684756508 354485203 433701382 599061946 964654095 437918713 575490034 347292100 543187363 30248225 350750666 732293746 458357103 444349779 338148593 202859174 327769660 619739627 160913466 849205204 889264009 390545432 943373423 195263111 728886282 474405726 773761227 824829660 86459429 500373524 364669312 706233604 114082931 669438951 700478515 386560455 203120197 838788181 890536059 91109628 113115677 860568883 825571941 29811730 970734128 791930152 733031667 12261003 369604331
212297775 787334808 458078843 801380203 942200857 223848381 624815885 650283011 47450377 706502976 786919166 908458170 255012342 744792304 519413024 541384138 478043436 416152082 988028633 173237283 613181643 243702751 469796513 791748069 288024391 253733379 240188552 700428522 806972390 174797088 950492333 473448762 137471301 740986697 917823432 948043668 959750612 137480327 880675233 388922860 579342933 537989464 609797014 74640359 434261089 207486251 735702809 93956448 162341091 444803301 751218736 310888679 31672474
390157663 269417460 194475069 388484763 134688741 730937106 196503258 961057486 864907448 563564621 840893543 260237932 598713229 110212858 374997316 95601799 171114509 881524098 594096899 222829186 630503507 874881507 279595755 48322197 921298801 393135152 982079606 568961610 2242539 986834700 325054931 58424067 537123897 264649779 356718693 330584177 550701898 523512562 446701377 800819998 374150908 771767466 785179572 131356901 213386917 613646161 855115195 689866612 133075341 183463920 6039690 715069649 81717105
479381286 457905926 684131794 195475202 27252643 512734794 689924259 484205668 858681006 304512550 386801476 196386224 103384224 403042203 295824393 776696178 957850983 772710240 262024728 982101291 228285700 96369760 915689966 651043792 755843085 802428474 153051 506869321 122059308 434316224 867342465 190069747 949380253 585264504 446894425 869611295 680665268 594728478 67435822 980620176 155081813 63766816 495452319 513139969 657124474 372028193 174507169 833751453 733834673 867637366 514832123 549892229 756144283
222132652 401243849 924935758 130212974 72559616 192121594 865759104 171641204 376470501 527457490 75915032 572434314 447346050 746736744 248320262 91589282 771992369 349050665 254163632 319116097 923150850 590527571 886794605 10141954 370768950 565671803 728670987 713523473 106478020 447200008 79329354 836986544 553080023 977199285 260771679 783230389 785751117 44731411 660632690 742676234 366694970 407222020 496093216 554887980 71531107 462287938 826523129 13434541 688037060 276378070 578116867 58862259 364788746
971792801 651142197 918948214 790227994 893637078 748662525 691753669 398583944 310697854 960465851 438502530 623132449 443502323 815706692 596123937 328876130 110122085 460733535 906833453 729159166 893605464 785483 404249284 245109595 454073380 12613944 828471830 645921813 801557108 921905097 298686441 883490938 593403335 859967128 333525784 414541325 397394674 375192754 606928399 552357892 129480605 895590935 997625681 355073994 192863425 320510011 192347635 241731965 934366512 915373704 153683486 436779633 405268493
592318170 131695504 197671339 688312144 564808193 227777564 495711334 876512835 308089411 830157349 797598354 627073031 726474199 474467623 861437264 612027408 108969834 73888815 38850423 485301925 307092638 502258269 305219602 106827105 861819015 278599529 84370656 257135541 410754604 865987100 354448083 934986595 473457932 460604114 78639249 564416260 534847382 533833727 396022006 257275524 517046191 902089895 299328912 641403809 204928304 975774947 941315874 433417839 198790758 88235619 790620706 915926 682055825
736296679 435639610 876970002 389626981 191935685 794329034 252032819 426682507 761845095 227962468 900597659 439868449 322519497 884919119 463916674 82780470 556441855 75392774 939523701 280039759 216135341 45969590 910757331 864248805 126802829 342928067 649374543 221264613 894837741 680910147 781302385 418810158 979911214 772792449 840099349 295567126 617715526 113148796 621705450 846588646 479059775 792575077 23063027 463599449 815905718 274070309 263856906 101600289 310325341 139464148 173517656 904067682 78139769
510328131 438816223 690188597 914135652 72289139 35085808 443896359 711735820 816921628 702136245 177553335 384732530 258695975 646251688 398249435 840242221 594412340 698979866 536909436 392086244 131318805 751399341 326283765 762984407 895995729 84282842 107340184 460358999 517356194 48766573 163940905 942998602 981371511 187621635 733870177 359936168 503234163 53570963 607273836 668559872 409476588 994730722 161065323 474680308 111580269 823024909 43695603 395317944 319204916 775181315 365151885 838161815 858870453
276306953 846787892 303611246 956334357 162881076 643171034 39790383 408490159 314029810 412509667 546433120 415740307 487986306 608453287 412571545 831394562 265683319 235430900 191163658 726137843 720401209 1039243 455759602 816257938 322453635 585094303 787301929 739344315 792710630 234528345 633264791 729655171 905393733 229985878 335509434 348700080 327083351 249332007 210018597 149575996 741444649 128068303 529679099 287137750 365554585 802920777 970413176 165423712 891362524 9475328 14470248 570383218 865508856
784498517 697307566 658620886 342650955 622435101 55187391 548611338 252754178 548238624 682083108 541805505 31614371 223613595 579082748 567268450 533067396 227584959 139102839 834834311 893187921 835055152 90401628 504121472 397432202 569229702 457913476 615209934 495022850 828173775 172104028 446229928 575084129 357724683 706152295 597899897 642981283 72817327 820778170 46005087 777699479 652663843 845292671 606066862 887814498 943385412 528636786 899886699 604208889 771432418 186669671 325195474 154485162 409829699
553156802 43472081 595042196 895940767 348343037 27263626 950845738 265045409 989654310 65140693 659442099 204437740 388207454 409790651 25545677 725520532 189515867 995542012 760029158 97678497 970135527 618124170 695658178 173566352 225237342 425013516 123795448 344607441 862255668 512683100 964564597 122495818 301098093 477501449 943192823 744563666 6214947 475464150 882908818 100770743 98408196 747756857 830818607 230585657 422152402 954602973 387019784 241517068 288556001 500498976 97693230 344066522 231028379
343527830 256253187 757922495 619503359 450088324 743831232 897769931 545035038 703527270 821046512 933022084 360613790 44600169 653215987 443796065 434192951 409524977 601858684 629035856 989929016 569559829 665240084 110448689 377308930 129973534 168506773 333741144 981700748 869237516 789663407 798775055 255656926 670508561 712226662 184716305 743986582 788375315 143141010 425359377 406898278 118769454 790801501 872334129 211910035 854465072 194059977 166609291 900382584 315065628 274173480 314583468 993637889 222377640
621632930 851776787 786328881 978727870 443526578 637327543 324009372 607557630 571270313 348486526 531861741 823966779 118768426 257561287 980448354 952073466 236139692 12966113 53232971 122494710 688183804 763563409 760500110 849573791 873533880 532976272 960624678 589704085 843772628 704054795 316772767 922318642 930771737 318750498 872587420 686782206 691455905 229149801 821476434 769902648 528452445 543996521 916684554 552967508 772427663 536699424 88521378 45321335 625354832 400209277 165210893 211448829 711531787
472978405 747378894 850125044 29687552 62856369 630531969 705697694 921375170 863501230 147612243 897982963 590287801 145425307 743993989 226713117 941869729 337771694 823883757 973420282 539048457 108797712 864891252 661404317 514921429 188218716 560971161 525534412 550492861 501438244 100785900 603627908 42010828 932225900 39580308 530576241 818151393 994056493 973616330 122186871 46265905 249443283 398960988 655121964 854096067 603367872 75196459 819951707 862530547 933781703 607003053 701853058 572496879 878198449
727403883 24043860 807634237 635944891 154307716 567346489 971566387 769159446 786759209 508687049 324345470 502853990 896633887 4810325 171813788 409503556 481814336 642768222 580791649 421767612 782753786 440748827 592279926 516606672 710838478 394458872 923311829 99588083 848913618 206007570 975360079 118380686 934634544 657416379 366545158 336231038 763185317 979715324 837028595 280571540 159490050 90444046 755561825 744256276 174643887 266965728 34377584 766163510 429518371 406685077 826284179 364634281 223309677
181198339 825707282 323313163 242322350 334355252 930403977 904176498 961983132 697684712 970475111 676132838 895396097 11245586 140323952 599174372 820853050 183899479 382033724 745153757 943369145 123252626 956203189 788738996 768715140 42950739 304974493 630943044 594258611 863448667 448745222 309333976 386303221 431618081 379376344 686128305 877413900 120478288 308348494 373383812 255523404 48572487 144054137 971308025 169691936 794079895 50699452 928352301 919257478 384861065 22657358 515885873 350345358 598667670
718916027 448734344 622987230 524734444 766210147 895946669 625797169 672144112 699323386 194394251 842240467 619539638 524598278 218206211 242063655 650364811 130787685 84751465 696531233 826901612 409127620 622899719 877727181 740177804 775623464 862508441 698505414 110557394 182333033 748085968 617658815 156760152 395172274 706346703 740400382 672596717 894098435 3390641 281429468 776973972 159067311 900008449 815969606 38671619 520257502 924215616 368122431 820062245 137038604 387577442 292883548 118967961 991582088
85661521 832915526 818978352 324833014 684683881 717632060 838598258 952863694 204535034 644102798 763578650 787573210 56787402 240044067 424874646 391104188 496497552 999048436 881435784 225750118 556892538 654781070 458234439 825346976 826348456 56477332 462665567 212691077 722384302 49010491 986397709 419829510 422026006 746920397 828142531 163170661 90059228 149131559 239063978 589739708 9387248 577464890 127401243 127125364 392923320 361784973 559402021 70505422 674057611 504853689 12877835 613363294 880749111
247686892 691624899 166898314 219426939 400474983 505000055 976534287 582155150 388873472 328339976 996225661 168301718 515417505 703058822 339930038 394023218 454792903 777061817 298792563 408992753 739730947 70685596 831751615 1911001 996058492 558580444 865778809 386582497 564778604 169014365 913369047 872494966 888523167 284697781 794693598 328544506 92705271 313211055 195764715 795650368 857341162 742772170 75681581 805599506 724128514 198756536 848397608 949349291 759037020 885635039 405800499 40427325 724626730
345842139 712257019 56868205 697534513 280405498 888805886 180766162 167071052 800521918 879061009 501032057 935969767 736123487 606435035 412923492 573623172 592137031 327723607 503706630 272301114 244974740 667243094 152699337 170805040 815572121 535546107 886340232 871553319 608102237 298023229 532027925 833809646 808620314 950492008 287795636 996763115 774717119 658910620 434907806 390324889 972173935 518005324 969308800 470557444 269135360 822179009 733586425 938811215 531448189 321069461 598321951 736066094 272554405
52858680 536871419 879237484 560896617 874654319 788820744 539513447 410609009 830916304 467298232 394062479 47987352 436366662 437097199 359613418 883429484 307796115 155065734 743335315 107265711 964829641 476925129 780843574 617721049 788312272 722603769 423238806 61745299 806195940 983377867 908609032 679304253 979512596 589895912 707717365 693466473 841861828 98644587 340046684 394819933 247071276 110199142 208548173 74133909 490829526 567750749 880364911 230625344 166814244 668782537 320566139 348200126 840011719
820944022 684781758 583236648 952978505 470790821 686957723 798234568 577336197 263502667 692369671 75864476 102023465 955478992 232885003 892163800 148562235 7707633 203320134 526560865 353352849 444369503 223197801 604564818 662655319 941831486 638542264 110221691 737806221 102170791 866619792 564247517 697539975 639358246 805283291 595539759 449515115 881892412 984812189 183234652 908623030 186169054 242154603 312594691 300819640 65690612 57199343 614342646 671741203 962490075 619563366 706299323 36686144 212965860
13229345 130537742 206164489 394072786 619190279 999721309 620528656 533411680 340263698 299053386 412321863 300843961 307677390 49951533 728091766 349805822 227963357 594657680 659266489 598411204 418241397 895549873 224772863 671523987 733455840 403828227 277810572 960109672 967216379 88784045 173959031 908175155 515813047 234786313 533335597 357120090 29038492 237264166 512113900 574394677 685439297 733209159 748967753 653809040 95438549 682495330 782421419 748846636 993312153 857911458 355517901 185396029 917401956
710093030 923522880 240900333 612482846 806039103 127304166 268884440 889279301 989606518 854348408 706500494 105018475 356966275 736713986 477338389 596096437 921343511 36586338 295526245 414870366 655860755 319551948 876363753 346070322 887276815 787424072 779853060 869446931 10592468 396769843 587427466 351205240 16261602 695822522 183716931 457629161 379512811 282691426 388748395 952578948 78310998 963510147 242253365 270252923 541025981 881236936 616852547 87394708 718018415 98035888 185802544 990588583 207627247
551917840 329923078 302792484 47420787 260547727 795645640 331386250 978306918 361691177 221983466 55847153 931639782 241000621 349886931 227070337 476347974 40186687 752232290 98546425 505495437 445688278 613635686 706271529 727322358 661822399 799586085 231653496 669632622 579973144 233386454 32740447 447281946 731791958 188637991 836650987 747009998 174887616 38058679 6692415 739772310 238427889 141904285 731768080 188109873 248491098 894030047 348139815 559241361 921402045 324521980 172322531 931115356 219023539
355683171 45842612 157709678 850962471 506762489 768212385 387991637 88986329 375579800 595558851 165467347 177184477 244177034 71273672 831155552 430537497 427248658 809917553 952930470 137790922 757394403 37462292 434236419 304036607 894635687 65468954 826161674 14813469 524091257 384079490 636521730 436156249 711807595 570437468 784259941 355833409 543997185 829472335 817892451 669159476 174472884 276134933 894580317 859893733 815061873 865146105 274147690 321422044 104237079 894167903 118542805 406852597 798764797
274284605 771478172 267716062 187121257 854517146 653028851 567892381 704649497 7451414 602472895 405560073 126765758 573500514 594517532 595980108 517287037 150112707 404074456 560792423 897521516 599462547 338647797 360254638 220330267 587616704 574276395 943383368 825216520 595136588 523865187 912487088 903754793 311378379 97242429 352485943 609081191 255092456 263576971 698854271 528016413 261465568 391595220 396890369 567909789 689693445 434184914 630335112 968843435 669185340 936708596 878667700 961494016 248333439
548905437 122879609 989864136 125717085 646083043 65053597 454385444 367604853 904293265 540931389 125019817 469046014 365711653 650444616 458543840 940206402 250980370 738124802 972739524 668816415 161004927 17572483 498130503 998462085 667127495 404741942 29051085 943301626 827421176 807949403 659335086 177515289 487466068 567175301 622475705 939184142 396556498 286163228 907518636 129883420 52287133 104399067 267675069 783833367 705839508 367141971 563251220 548088298 993419465 870179431 897382222 697056531 234738434
717157582 97072636 564782114 704598331 34742421 311560738 856293182 414556450 905523354 619175864 179284383 987765146 973688338 982129964 313426965 696331577 248570115 750243295 240096640 275046601 547180235 531463331 598439253 668001738 892589207 539464771 958022688 216377071 450908653 987382779 678185468 536983709 165417251 244622332 951285021 194306415 927457765 900885482 920313414 698973876 96444851 811102045 622802259 179030255 717251680 694786147 809551281 31200342 279061140 322097660 270271201 147153749 807066187
123683997 539364089 540556040 725538132 251728558 901824290 756511172 318339027 230357772 653810715 594157966 635576000 731578248 103679156 324583074 899569766 987790181 935790164 479985646 400407268 30264798 223618420 106570132 345868975 320449182 101235746 833667948 465701134 808137286 348383871 8918399 515867805 501839594 398774081 162326669 55478731 600738452 3454002 485195912 360663900 156422080 885290159 837977879 632184039 48206814 244321321 698901012 998209368 805054420 72875176 596735502 678411632 174515321
908689219 791367880 223307328 734948123 990590121 303788984 786015154 650429434 267200411 263766153 392028928 924806347 336320879 275315609 39744315 758047029 246775951 22686332 311457733 673849687 338535672 451768951 11014871 555130432 691360444 468590341 795794428 845265014 657038976 632363606 784363668 443092592 160752126 104667083 136157778 551765788 375192708 636169339 142667199 733251162 880550260 972100018 63774389 171823486 161414338 754784108 412622564 245887442 969984377 540536030 593092176 525414161 389087798
666004206 314983376 341791726 148198827 399896246 614958481 585077387 598827294 886644229 310237074 877592834 188856039 983333341 603803174 549006304 838820085 171033846 61995125 558362277 662901066 853102138 514444026 839366725 309983867 852890951 521720326 504503210 652428849 751147248 747074108 207515183 747729834 941757372 340260115 677245990 627189816 415254118 283161943 863295316 421083585 570050139 225176489 746551664 347163453 148672063 14542074 930937511 492842300 735707240 39719700 802611227 171023453 28957537
459424017 113477215 270469080 630350441 246217698 627296765 90416629 985573874 676982985 202348016 759397011 202976802 837065695 358524970 724036002 488896853 307912847 355354127 88226729 60813465 778822681 207536888 825506369 37366832 389923856 919764658 432272535 160558098 784224988 692659196 362825198 341205096 900553785 992207116 322853403 558302738 715051958 109534731 108722695 668452130 354194231 847322004 619857969 4875615 344526196 81595193 261582633 230925507 681086072 821239294 322415638 784440829 180198434
254551772 138097457 676065520 326827687 958426943 227968072 891346226 427587342 676177801 223822140 725566094 265329586 183590797 197863555 644460419 928698052 898045716 29853095 744110530 370846919 996877404 548981700 859596467 763431698 14780051 284311566 251727857 444627538 615233632 399688265 366220233 442287877 271054939 559788879 880172480 426160127 656084368 766519182 709136650 78886121 332280833 476455815 42914579 793492669 467289377 561706064 736998906 692485708 368615513 327696403 363002129 750121144 95873926
531963533 631785311 514678778 120010105 862421904 4865054 920001885 933216886 54554497 179617597 265779713 38234806 933851610 424908254 95735129 240692453 658097065 843709657 699595181 258742436 657299984 93748536 518958233 598587144 980778179 820028089 309176204 52097817 320958093 522947663 954460234 598273620 108752843 708487841 2956139 860925226 20046575 323827850 358249689 383284095 752477950 684678039 542602838 257284395 288722451 254645900 328165876 56766076 941662682 192412128 847306907 946277554 529904661
180419132 715149446 788146818 754711323 990883071 326385094 311704212 790660692 844439741 151102654 684690949 870019774 123856827 884260005 403001574 780960619 267935861 918769671 786828474 938256897 80976409 395437892 332617468 46191928 763043593 958112016 214392727 286719328 379340637 967214321 60762476 732355288 240599903 925747140 932605648 237807768 372643853 4987961 143542795 995658920 127532954 700278610 405690330 825973414 739592685 455151848 463865325 171225669 49577248 786680870 665694058 653181384 840950786
146432524 803146088 896967307 616416406 822504429 485011317 173976955 963648658 403688945 802895889 341366168 368845793 467263380 925005616 836890234 200498977 405812261 658975932 758951113 732145702 684964168 904917777 562172100 495293045 925411701 806880640 664419515 476067786 4874358 152331468 365817237 863915666 601084909 792871855 245081931 586145906 285646284 799176022 723190635 163979454 107853530 316061665 668076438 391760130 663761205 892921061 971493890 44295549 753489099 670025705 442524152 475106721 605173215
351784172 264553559 612994197 336359307 776914141 729913359 905510323 491340344 351308322 531923623 72660234 322470439 880848658 808072889 895709148 494953963 12173947 432127088 687452961 719956205 749516316 793523728 203659267 949019623 800843564 227484271 580353632 13044586 292854994 526196 759791436 192134744 110369962 954192031 118387084 275205226 249177414 27435905 779651099 107441323 661036715 590043199 278519465 179347450 46192336 555808787 312791575 976854413 702781474 830559179 452592380 360408937 86861315
828732488 66354211 701732074 87830854 238302465 692892939 588501826 852241077 457567869 838932069 742227442 366597004 937456860 304174746 26580818 158966267 555829327 449578051 943093007 569449895 843500444 548395183 941577383 688405545 376057499 962733664 266440175 877123469 713650875 779555726 978509198 245381845 140157310 310578850 687827839 734184052 926567672 542320828 204983699 559484628 207154260 48807983 107126252 522191568 966341711 586925823 323040644 746976826 862676411 168350570 62337700 520475222 574102526
598890588 257877869 998403165 199208336 278432249 73719378 859314172 596500608 37747223 642415772 697536466 34899696 675554497 414808805 870476789 686314900 335540405 101733277 867618926 170917944 232343015 706543497 776667064 177635383 91555324 750889534 167991621 62895364 170994896 357990570 225217529 459845285 148268272 160245644 647718573 662333490 196120097 513749495 364711597 702266971 590789591 128610771 636573243 881597408 64645055 490605148 868333322 40688150 174586421 565022369 925147843 600507241 138101966
869694982 202218883 169785300 921256144 806196419 811510875 708210538 668640181 390603874 422990799 913672401 551325100 162832964 669629528 919360962 154087960 732660765 794598626 790626187 313974287 51588212 287989070 900195213 151269084 176475940 554455281 536742333 67673725 264889822 129818899 468521767 798198821 47492261 679420274 500370534 607299771 135815248 75244732 996160558 97838938 684811019 237690648 835931587 611123663 50793686 73936542 486511487 17597726 767507461 115392474 203137360 190039550 767865278
239951949 267771191 418978136 906152062 896472300 460376010 301490379 709103252 772774559 414118578 792613163 883142309 622922947 563514158 440726270 767242790 716489641 69216399 954415870 903040997 684528917 143547066 758612633 224418945 422577343 290199209 954974836 922513133 778524373 100259050 316520164 396598001 124155511 693174302 791469683 379850665 446545978 105047419 28004961 25226756 752612518 33912651 377320225 570182982 112085176 153633643 505167063 941080454 124557921 473567693 877982177 111117361 699806468
426959606 349738827 153233029 865014780 429002880 545403225 388181527 209165588 611268505 55308801 648277326 102009613 733464963 233980270 961407461 763885595 586742290 51963006 128034157 584413288 914061361 267745605 58650056 725745296 935800413 669265800 975128495 858048548 58719528 655109443 717876526 208962599 809530296 654654244 649332771 37438356 736185925 10856205 819118274 860787157 172200606 456096406 44795923 770553165 268517541 372754312 504437362 126205904 632715470 651790435 588055055 453956902 99527844
247757017 881923948 79902604 920618309 514947153 441523170 401770034 156374497 741022821 940217884 911088573 654188606 990021988 301901465 594695879 881824055 603795665 892270638 859654234 975872312 160674273 283851906 838170745 666211524 931631105 368021137 893496984 376876784 783180623 873415978 365949471 136709605 938055964 368034673 50849002 5379425 523882608 596664669 903462347 139873078 830114950 877402171 741979399 428861386 343347019 116311849 189329109 894655126 918937059 288789404 343808995 244431527 891764517
598214619 225437648 933446944 965549082 457999233 854605747 508890038 969906817 332865535 464587411 787961138 219275086 793108247 327025644 981637619 456494887 398067042 312165424 687428713 464117478 772131531 973196612 291997595 169644570 177329938 522643711 830040482 81497477 778938443 502567342 403996204 996964767 631116124 276544147 256136954 738830609 198356610 554854497 22244450 366084924 788935116 320982978 974187469 66647216 70520735 830099409 663286330 733355957 133737264 164649120 287341242 267864773 498813197
95729588 468097778 201665295 3794837 894097540 896812444 488607990 373281659 96877309 157752070 636586128 249884231 764624385 74908049 892408872 792168660 648647651 141307955 343599805 280223699 243184364 149210358 462114945 880243783 898930650 89064311 63969626 29578760 282083932 336425831 645450084 410674240 438196631 429198606 786790252 782175216 882975396 529275843 756821367 312076396 771188495 855523957 734650681 911233499 357477721 909515813 72334495 882955704 862214008 683434089 528141894 768150356 924845906
292069867 189216769 513766993 882100037 959776488 77947734 428922152 113266850 883841458 149163010 591803812 706718253 888956718 845492849 215667557 976724127 404982615 929942086 717523039 865765156 402067385 640059609 660792664 884726238 30504950 842705332 750238829 835225696 869410885 217308438 572221325 834194995 146710510 430647408 91428092 367065428 65857999 469299434 244160466 715715252 896451290 332920287 9779322 297606839 185709717 619805532 348306227 408395702 476063128 690756261 346936978 448651389 175904275
138461873 371866110 571833549 448431173 397638825 326732851 504149979 702756102 67445869 435014592 543634127 869607486 12992270 870121353 831434566 30106475 957838677 752440645 378797009 91523103 567419963 593864705 326252148 630273152 351877487 678283931 949788455 138250183 968382931 370640455 651641433 273252033 928415231 991107854 988194152 570458193 946025661 862713418 159888681 814192108 169469323 891169580 877967463 319160859 743346460 383187254 403310684 950379261 522345431 16553665 680139577 126774466 53859415
130326905 31695524 19162673 121313257 218283227 468985909 260704035 501323537 220650686 178587640 851987717 302136325 642602951 445958382 264007514 7411504 89940467 513568139 880724023 112631729 90125073 703776313 252586182 5368793 629122885 886479316 341776835 12778929 199764359 708351533 208902146 102494577 452719650 953752199 103514343 819316746 547038517 233598493 960034028 93493662 457443637 375023258 274654751 708140034 247455593 612484255 764020897 981757763 264458349 866264128 270663464 639733790 539023024
493736327 501716861 230580870 842076406 432769264 319566591 398501921 283175126 164620780 747919647 123144396 66333500 368330590 96281570 586508563 141421289 407431200 742209122 302914746 149830894 677724543 848316749 110796087 52998965 125182907 396453732 431147572 110867192 664691337 197246462 20923410 428902728 750229393 984000386 958713441 713696135 984836335 5658608 425683049 66006510 45209526 846688601 743462821 63094280 630248040 746153058 16647235 617528117 709563775 989143750 827906981 590474024 404429288
863010257 344479458 438277737 723108739 55890149 763138373 871148244 600132004 808986617 984291021 899755545 350008725 598396437 400002732 390808634 869577490 938713047 649500617 215585807 308886219 159226353 288455486 311846853 772468965 829686696 83458778 386352987 400917881 961409367 365106079 946627876 856598292 174942954 881686085 282970695 162797366 363202659 273852854 11826498 474155731 948290649 348485008 471273059 436622037 431305332 139698342 871111758 126435479 518273522 132215167 119390842 83077739 835491877
854449877 187359155 274049046 81509619 931279896 122058905 658914127 436069717 236396521 990717984 571032643 491092952 972050079 471880719 198606356 568295711 945810629 740100993 223120213 816683102 664364954 691741030 552068752 17342433 330077071 545598211 829946560 575161731 340693197 325522030 657901015 65144120 153488301 826883347 849786681 129656195 385796925 391424050 877701183 716923904 856444866 360600414 917053622 112694236 201970480 449751807 504578397 8757847 445830068 795360465 558832746 983200073 627964971
249719395 377973766 871866267 751676584 220334489 968196812 786991049 684192498 697244971 545584718 896685671 897328387 443069220 382973328 931349657 909495178 866928995 473347467 969842841 635018346 535398429 632543148 413880884 397407033 936373337 264298578 826710861 497731522 313620594 247348051 9831001 540771459 692845209 797335671 878901474 118901040 887574353 240825340 682727429 546565934 16762353 595624209 321447667 947347481 475084070 990430299 394678131 472755262 437064558 134362226 936538719 19389729 790250909
512120933 985581090 868957689 249694556 17442354 947487553 270722607 910994341 735454031 349952207 518716387 909795145 701090596 935752438 540776039 493240682 182739854 633074549 313946305 117161985 69266270 688693277 782008877 698443353 849817816 842108755 409267353 588744082 726922293 434707602 95663400 503267615 587346465 34327270 9142960 52561224 725975613 712127857 387225148 268224937 63706014 988831721 327256458 958161329 694021964 860951832 773214605 98522404 320351940 694747483 133690092 82148506 364180599
497647908 708524674 934432765 114309705 103987577 622765020 557394191 35292690 808463986 628167614 104252386 470220832 96502718 317831326 754776926 179004851 700288287 450459431 477491134 24101248 302279913 870270648 556957971 842578479 387181191 138658275 706102207 587247325 637009142 933911790 174021372 863886235 373917512 704236117 439843155 420834285 506598179 495779142 400224037 621864267 776790336 279334947 921884966 283610531 936089068 90520836 390000860 654937045 852637578 557852722 723343652 16760886 971652366
979950253 920522414 669725966 185823875 563209895 833325180 25166618 895016839 140251143 550419559 412644874 902189002 848815848 938473370 438985476 659262867 247621143 776033557 732380447 254254138 749129624 437955627 733882857 24816815 707099425 383572740 135916514 855080946 23555741 83877660 598087935 217301913 736371370 339006402 563496231 379911245 916884251 571635354 343393465 906389068 359769976 290828316 385426693 690633193 825491833 628532242 339480782 204673544 653610895 367676958 166518991 30132387 270313307
564194354 362523186 784588103 100474421 98291989 745813786 409392535 757171110 671442661 873156891 314060232 486962158 523264912 46336956 682267428 740710527 371245913 296148220 194713223 455951487 786724185 441820618 940270309 722644810 174358524 318971532 840089026 156913391 223185792 428378009 988649912 53383854 475895929 173440959 347531509 311680384 428398672 43609278 554174906 950118543 205125055 692552138 334790365 865082809 131120470 588588045 994933832 51275281 469970938 595689250 131240823 310037598 711729505
146151836 674179070 661561755 90749591 596676989 291836929 487731573 372277371 920644799 978517179 395876560 454582850 613720527 638137591 341460547 284481524 211603980 703788954 195547287 230404842 280979021 826155543 156293451 845904470 708506456 896508153 158822163 877346747 145988716 183201373 959293013 339454833 111875512 980262517 946340266 587950883 505028321 991835654 926392419 982470736 951363968 402563818 17342722 966889677 607092642 134819984 62100412 522209089 209604166 710497399 274736382 565995943 983366626
661244598 110838757 763522512 749591263 76762743 115956420 625100766 880518680 35854967 444820898 281950922 157401951 558018952 732312249 706206432 287738873 3275536 856262393 131363390 767819036 577175944 564540546 446354776 833552504 685703421 553502510 23197559 367172267 383369105 365879044 414430005 788924875 825300987 435558086 455932674 42366945 954144771 605653604 194476963 464738152 100509447 863348615 577973933 958465490 814577274 271464455 846199054 393530883 541372511 867433589 302016389 693461716 733501394
200710802 147246373 853828497 413902719 364214230 143767510 873449084 489551401 36578282 459702484 951605064 999607077 565699886 492890926 175239582 309845724 571339572 187314248 490604955 381388621 870368067 400692313 820110416 101437576 604963029 188024046 439011905 802645812 49935897 495387493 775828967 319647497 915835506 672057203 373937198 191648087 33396981 399922079 999122167 424423806 587311343 451186628 49864599 405959028 531633245 255651219 680824663 931527746 248617075 319205647 197757426 63483527 883170838
117332239 284758041 436592371 554276961 372878783 234547698 43354829 6425892 591036191 335043989 512874094 751037280 605678466 688720270 468123588 797183436 226134033 80666462 385827024 278021459 752015174 442321402 691543592 906631572 853713265 354117706 80461686 485315425 234294583 183532971 205576695 377893184 36667405 987658350 230279420 633354733 100399297 570282071 492242540 416265430 299269618 135390494 493171520 649064606 506299539 627331313 608912390 904551322 406026860 748337904 42091360 723415639 253225625
125942192 702616706 458450962 103328777 976479673 102114742 228471614 953688576 219665928 287423195 282077186 596700309 86594190 902548962 84936888 841094965 731909294 833012560 477857904 801751838 158872003 932859072 997759339 131022821 20873624 780187486 43776416 371388401 155673326 354058860 293400378 216490237 803338746 629083585 975990551 574410394 259893475 117459524 559956811 101827242 986406984 226361974 427484059 924751334 355947961 543626470 957538819 9443930 928461881 729601722 73205552 538843620 713521347
421412396 981604615 66406072 619267266 360459531 779429660 101663198 650688151 343146806 53124924 39137202 376079894 535043365 506905572 284614756 460989193 153587296 877946055 32815222 784667052 567152133 17970507 134212929 596823855 267257670 96574220 434700144 101543992 721735145 874608216 75270018 804426078 841470150 905540274 943533132 467889583 992586317 293379408 223514997 592298282 295702781 533699485 446074873 600416070 361157614 799190455 625128103 290036586 345117512 212449010 396946595 604886898 521797834
6986835 528800228 616635441 745429060 52012821 570140087 428434409 765261853 409185576 837752122 828959956 330875341 399780269 804334050 74220447 894598244 165576571 96213493 870268394 157773058 618011549 735674641 376621257 261150045 283607506 415106723 449655110 379360318 306744588 704216689 324561628 174447619 700133361 960176401 348160509 966640415 299081053 388998255 936387726 923739798 145993950 914397259 616689766 655669378 979849527 611004089 875480018 579728 801394910 59433631 112117268 801216131 685358205
315483194 154939359 224854704 730403188 783160729 849317853 528401025 443012181 243672352 651468073 327174387 332109671 641719815 90957269 211435799 660539173 258076377 665580902 732802196 395742396 478668790 579861331 367065635 741300880 558096913 233823625 537842194 162708151 455377586 688446698 954178754 837418876 398841012 69157833 3143977 825571294 740932808 334474863 964101457 449338382 841855985 882504090 44143831 110968821 251852294 93824249 104137069 683150251 238606388 384336817 362679128 892327937 543587193
494490331 112685042 169530104 396049194 435168259 832167977 833985608 375511406 358532011 346086142 79038938 841587136 233481158 652029960 614561358 14873969 539812413 690149359 719393142 664045091 930381677 577228529 989111513 557392975 385532071 124969824 339861553 960478656 275728047 301632033 52909037 755095062 33800254 525675822 109878192 523621701 305067136 105522709 333647056 962591251 767675799 887896184 807537368 436143773 390723862 78272139 742904326 20230866 99238022 221936025 910293454 910937846 858295268
