108 51
623322729 360344868 202450937 974386022 68013335 534945958 782377048 807851324 611290912 561685550 147948851 59521250 758687115 277166619 931868779 479140386 313642676 14919235 75864694 578985339 171320009 76605038 830665438 1203870 605972048 303628506 415059647 735213299 822468767 507454133 709262157 846004757 551691875 4111526 378085452 459355730 368762394 823721285 330785942 849060652 880859800 287443359 675878553 892149722 832487302 761446835 752750294 109973448 988924894 571856631 832571491
878761234 256657009 211486419 914755434 745727757 866030689 524953892 512094120 562932415 815609767 531046587 483522799 313216354 459745678 775516124 143131556 898264293 261953334 500159168 241077569 244120682 515474450 993270803 605699284 691382473 522005098 689777526 952430463 978443532 276297178 814494718 399076086 8641265 331978193 167846067 932026884 495660396 773447699 913851154 42923782 66695458 762594104 201840524 119321710 865283822 632417067 509655045 784533825 49349727 771488683 906456661
538691482 847544888 747459789 533944010 988609317 237011696 371925368 511782564 836550564 749627184 18849767 952493720 243358574 311499863 741302315 140998990 426476011 207449337 395083943 237197283 55852569 798910300 482546834 420736104 987660042 705286137 624994936 777826913 395480676 553344513 556816057 274679110 33657567 469466582 521779209 271748869 752361675 210176397 804742638 184118910 947285127 845799795 50779462 21440518 468213515 415525509 568887486 150323173 110654047 533363958 151832411
438083800 470212130 604577965 199689973 691244687 344467972 166023108 397674679 911280176 117141067 138703114 704786849 323462866 76542034 524547714 536642310 75307523 492951302 925326818 584580878 879950915 600940903 707672341 580346165 470170503 180001037 173853881 950362314 747294646 7711905 486839458 864498033 123789615 672363615 823440469 903980450 534748994 293466267 486005646 381706024 529035954 67977272 622240442 170195362 732088378 42020658 817693054 699315973 410289412 465753366 201387822
542841880 709856051 710247301 203245910 329695478 873731675 415081141 833778229 255821200 759673859 361474031 254551357 385712169 353240106 724228626 208592789 838277592 194086335 530882063 845768343 403329289 823464232 796095851 311416914 12966908 850774716 479827136 603643401 536127301 102016329 720998459 357058225 856130634 377959567 477723680 155395959 497205704 309204930 476932418 716679224 192466511 330659340 878518155 915986440 621711553 796873992 294928506 772792236 816185559 470305608 484279712
696136735 158482332 787114193 698459938 752186129 794395120 176258970 587782202 350982499 258678534 940792849 771323830 519153068 68377318 553645973 603934327 740182711 296831724 800814333 27392500 42560003 182636103 493749007 757247157 235935298 619507323 108011786 730116312 178007002 756535263 924300573 812017294 793033575 654368800 437419245 437088927 748327991 363594428 922891795 103925986 98203852 833693576 950980252 242755270 726975838 132541227 5542791 599410125 359110742 811379104 459525962
579545099 644002004 165452984 334523470 571736747 364481323 723344022 876627310 277077098 700723552 16289841 654820988 292299290 655907246 461500373 420454076 975318817 3855108 468870562 91164007 623778807 142402437 54370828 66235946 515144875 700434183 797609049 879841188 763326303 213408661 841878310 852842987 958355656 381253613 206555362 182555400 999814831 239009795 241259090 167647606 694286450 541661052 368230668 54776487 636295043 92437556 976902139 84390271 637276136 526185145 688778209
834832087 186962106 34984141 909096912 21660667 49565862 544890855 571351984 358824237 600865391 859614131 839805629 620747296 9578857 281314446 388618246 348064381 320944640 564101131 286992623 678694497 627760175 96590192 100654000 984250077 939393546 12802617 871087059 807868021 69710388 120310420 184815802 724376994 745708649 626195940 469917718 995899216 39294454 474090303 331495025 958769504 761224764 15556080 378024358 724371239 434308401 267573237 85445987 952581614 106646494 749247617
42506670 588414832 839167202 140405371 78522717 446967902 312946413 538294014 139759772 929733854 691951430 575949783 276644715 689001224 515262022 124100106 784909342 932935016 360277979 499946574 743728603 39353215 315780614 660685196 201116447 982105154 688297821 869244772 118841402 146466457 491197321 318394023 47617998 929355233 343564233 39197662 959767380 257731179 114983278 741155778 402554262 546223611 91908189 61683138 774174518 550954057 383640976 285834880 816357158 823833475 599043477
910210644 302525230 836092617 775042317 200288199 138021482 248360112 771321134 876579865 522597833 574694848 512858178 906400189 275116687 221159158 286189094 322685144 605632211 19878467 383390924 378398149 94823938 907117834 76504761 912582035 353331034 671055014 700724104 986689157 458769008 738707170 441850981 968802449 725050283 749210751 463219858 233193442 141824198 665252273 991813605 628805463 368249682 749256866 510216008 635442945 449018673 823859694 795772216 957157033 256305949 21407526
56084551 946185799 844438815 896250189 872746907 278641292 928811800 758404446 843782508 329403737 791603515 548031684 443786121 493513286 961233553 206753760 648770004 299894556 636559732 590700166 216005825 705485915 99417108 744522368 437184987 771322293 553850613 500280330 961365056 492775569 417610607 543556180 803708192 753808009 380039725 408080900 787674689 328500204 639370670 22375857 136725630 180107325 708925127 600897641 347117123 400569522 972757279 63415851 719512595 459842741 298185138
584648814 467758339 619390567 98740559 580182681 285574460 633445656 380086042 865731208 700714620 501326288 115579146 887085326 525191318 312817098 593286252 324748909 945136621 776750835 859328606 715091679 730183165 707265135 749397589 590044433 934740435 797841685 293279384 58729123 973907599 995268590 740653762 803584681 748048361 517511866 281041476 815693869 864382634 901939818 981596896 98646698 897379118 614447015 233879855 234643090 80414185 186827594 530576668 370494410 735128030 952979170
770780263 379819049 505687849 501524273 927515428 364792316 315399031 889765551 532036153 530437765 584669833 763416070 107360739 685767287 457947829 773897876 820544049 910004860 126848357 768375532 607054216 715994031 117853077 745357653 672877853 277526562 915925593 519853641 701442430 714796890 765698389 860262135 574555914 373863630 500502851 701584322 103823988 942806635 630397553 470072513 994936644 477685523 280973120 774722109 776799318 310480153 745667238 855476533 464131673 639144134 420681389
626718685 261933648 55220952 15030514 176797210 462001173 498655486 637320998 161493512 554761425 37411933 173090705 871800949 551440261 820491790 103759242 52284259 900503941 496873885 904654336 786927753 977551096 725125516 728155636 876169171 954625369 964264398 423064828 741044190 68155385 961529420 480363970 208991869 834848378 382289251 64912003 788778807 139341653 643565668 650023313 69624774 387631189 99876883 311820242 311569049 189668634 552433961 108875582 956045139 431948696 176252626
473512292 934738249 785726613 795694384 777264102 818477064 793279022 259429334 998141176 76031950 542295122 501831757 936197093 328058892 375131461 45516434 694682506 661146090 968575007 269730198 976920281 941170371 986388299 56694205 61801304 585111716 834574089 339192160 270052767 216407761 124832748 309470027 118214110 45890625 325049180 149150015 431681108 874065437 79565332 450507889 261317081 756300357 816015525 274073609 987533909 230813131 178498546 252490660 704869190 791227765 858788274
725528019 978979391 685590079 759652594 421839514 102335331 250093527 171922064 170699762 536069102 109057312 274845121 975007303 327906988 702141103 794859659 370282234 226830464 161555281 510044236 802545376 952164575 498996355 877943345 726807745 521342546 932402936 960076224 999741402 702930680 91396375 511490895 760436315 427182337 203883387 295880842 39788522 24305460 627072369 478036209 118865439 305782634 520363389 10475607 279411462 540559120 944977877 468129124 703036832 195298217 655721188
257487892 742748769 192929098 275098569 176489526 715993523 770376477 224744661 339586031 574269042 938492894 416753169 4804660 215057007 129749089 248045494 670254931 396700398 384512522 645875890 567425387 431706919 382021971 268182826 715068142 498333384 679462474 428195058 801565478 993466993 427913488 13942807 311660718 859380278 843104859 181266774 114481141 560719905 732729844 43886754 729949631 442545326 618827578 102913442 951018915 19667278 448163742 325712432 452083853 281414372 362615077
155383003 882622270 614547019 801960169 666415462 150894279 353133261 764431768 968481607 769272082 807766701 113297395 391224873 826124633 17255327 818477905 7067242 50262189 955210571 88823833 881056669 897788016 458581965 874249291 752951050 91324635 205439544 678252024 362559529 108095353 487116558 765757382 49804587 417709482 654308553 766904685 864501617 566657313 533364310 318146108 777829394 308491879 466219413 699422612 119918170 333376854 42086874 306502508 246021189 717010334 504521327
900866252 773098248 135562563 636326672 486671954 11405193 271994140 627606637 123003056 949228258 713364310 582296747 359797035 584490210 237805552 291123684 356066846 982330507 695923517 14048418 487448437 208167061 582469733 531513960 957263155 556371946 302269411 466588201 844603884 514593320 388643848 202378959 446372171 219100194 217963895 949172661 446446733 349718623 814944167 325876014 28317445 583115162 180760420 947165436 934804118 201216320 16626511 492407001 47792700 400916981 268666457
880658673 234553987 399858703 171899468 771896934 712706574 450624537 962663490 913824715 965201938 36570450 489551660 316072874 591023832 506470955 464980044 361170686 815598654 346713293 179366331 218975161 930327095 414236049 855272164 974257984 211160390 734920069 932898567 774172906 947951879 955168494 66937783 993195652 558384807 845849536 88008028 100224207 5719911 261867048 493453746 379024385 835328796 832472835 160021576 280384576 12674738 181350500 101438210 606956586 295208612 518330386
736330392 864587088 790594438 842853383 744960789 171129014 254252668 53093106 681249880 185209173 890558912 546642614 929942678 951256218 991289632 845232361 183654614 826055396 162418301 584486230 746300276 367670281 160468557 155112059 701164190 815688146 59590169 385229324 511373530 88283258 47979776 532715886 735926142 588062003 964999218 870338109 800735031 824361633 740929399 8218310 199298179 647976284 472117158 595129997 709675574 622542451 344035630 722717897 70898681 895697892 627631248
552400099 919033542 277346085 544270562 912211195 300628334 298222494 109131342 301259363 197162259 3142444 349972625 955607586 246672814 838312608 597753724 91799410 9612426 528277566 560088438 956040258 218769095 124156479 21191673 961442228 316665816 452605775 559254033 806745760 802965509 539303695 333444832 540486160 135668458 316176532 463185436 522572226 492588022 593768678 146091663 339623593 48953581 298648962 909715094 280413548 662887527 216490713 395357347 801687270 581990478 743505103
183687612 649256100 371904100 739532604 848773625 699987306 309849787 854156910 565504777 748989870 926494267 90303910 722181294 69979675 357537055 848521622 255895868 259749392 287498104 960617193 76191774 218970655 908800425 974006459 954103890 778153102 923998953 871665437 206506216 146709465 995199940 750817683 295952262 736204078 953193114 179114389 92210919 804700911 978467871 916331281 679986519 42695988 217730521 527951591 168280889 278199366 764738726 254671212 386894721 272135461 933073715
760615656 199861819 947814404 794902149 638389272 122386178 562799303 362072180 254114476 529700233 420960140 893340203 315143114 606083606 902207263 455429802 48238729 740514306 398800772 780687172 283898487 934425146 832086641 931831841 371184148 926853569 864615889 177373373 236756309 916777516 331562562 178725991 125914658 519711268 494396824 130985155 759681239 477633000 791301464 700582985 356121287 923827656 174534973 277563075 798802100 137309867 920539063 636955603 496385881 433986186 39020135
320944491 777655776 441632498 645831845 546591827 586929772 411842950 335519226 841031846 471461009 442233467 573484198 51604565 735405527 215817499 504752667 830459298 126841402 739990082 593360256 682290599 201044141 491671268 203148335 895807693 900832658 538531973 98391095 496400213 564104003 709178815 91256538 888604114 221804173 740976832 431512336 257892269 293556528 228043721 956112387 508759968 88271456 53224880 126578065 516035644 646272327 652203103 936421069 601113699 638869376 898629971
507671679 343397326 958471070 349238813 607040415 208025992 174268835 319147748 716196829 896721520 17439625 677399778 19742236 155396540 274956221 320709859 953452787 374232945 769213854 229613513 348891947 706523372 286036483 585133834 351865412 713856860 85492658 162154800 201638639 233243205 56113130 490191960 270377877 275657726 567968986 654014644 275012815 60340788 766971431 466209033 240390635 89210469 402907498 561624882 871765870 314554982 848953008 948374171 662378893 895649502 265241848
822956742 550295730 565393352 10667705 95967177 786863101 920328949 151228505 184861902 136688576 225537671 376156342 669620371 197084162 591395192 625548705 605478888 444398333 165777937 659002463 822963763 327677857 396276851 878908455 514202607 303507983 857200913 558426278 848454952 864560670 154389812 934678653 698636800 456327641 290981750 248113090 287828270 791755774 423225927 174679675 35672186 689839233 827949164 724325158 55325506 306060039 999716730 420492084 523067129 979001196 553366111
406468489 536688034 421633085 552572378 329445118 412583001 63256382 342085374 98945248 271402442 969902566 733100979 70798190 755826872 736993758 881147701 75971166 433970296 321210246 994253459 636607832 378367859 29892208 216845617 693424249 289034152 400151011 541952327 617846994 870790439 434648409 358899295 675368679 777384599 502673153 791816667 555897137 558911409 173009982 486523756 693566108 527565762 300729382 740629404 89844490 938776109 437695491 636102725 797064653 55452391 721797078
722949912 323094577 484433657 915052751 903641624 445745136 575439106 580463062 393371676 331405756 541290418 352193030 438842704 640762808 175070800 275209004 947179956 281663999 940049717 136308812 112106396 315210524 886446671 827382300 885976110 305277072 510454687 464018312 220792807 210706768 119059387 993704492 208200470 798861380 630904909 291377373 864762976 12132041 342972050 847412769 57509690 429273392 635199963 672259761 851064946 724589373 744572431 895911422 544134311 201728680 416182312
185227946 614953676 456802208 409056945 424727818 653174441 745699139 919765071 907739563 574524762 701085734 57745973 922910154 847392718 711264467 498834606 210908634 729738057 639249478 233301399 535464962 28684258 817460336 624074977 49955485 184320774 714929333 556907796 537789624 871411 949642861 487306183 448424599 900882494 910441318 113519657 247396400 40495182 683843680 330371451 41717678 193000414 139135888 928773524 828275695 957134463 474229022 802843996 106535687 862341651 908159910
696715089 168479931 946538835 760513723 801649157 363005703 178182219 4886880 803280541 112431769 450287321 86219405 411040596 721789267 912013617 112412592 492877302 478316236 720261211 743443753 592464997 170444496 954477235 285471436 84960024 717819356 428172905 968133731 193045911 358809507 128076799 407303722 436872960 764289931 272735950 355523409 945703045 716434737 913322369 796206206 663521260 703922401 391135895 375660616 749465101 312905758 270870757 211301821 743957848 168244256 198662162
544823005 986726476 301347409 20356890 167713052 387043841 942419663 976273612 157467620 689663135 640712430 349232716 755560721 11327461 520721331 76104593 98012531 518653347 837110361 900257768 2514767 753919552 297108176 494950511 610331870 181417780 451344953 286962331 948711629 935988623 418466155 80123059 356511420 340696689 48681330 542347858 92938175 675482512 150511626 16791785 801258720 436714933 370881576 73872954 290293146 420881215 169879154 549046494 619278432 130858142 717179329
356110528 578582292 839897305 620074406 101429152 576859536 439816713 118061795 311938450 597216801 544973788 760553966 136121724 825188870 508516883 325300081 502182811 959617525 271758595 661886156 854680062 81275031 768746520 642287762 635890954 595988744 250334286 913947400 987615732 463784792 700535990 53801129 287325514 793846540 780384503 318627492 326348651 190047645 904306122 415018844 245110026 36012279 787114365 939544807 566544815 141920252 652105329 132069264 989133877 326417663 76264349
64154198 650057037 721012297 161573128 365428586 623005690 281175704 32783442 24732853 843632660 46154651 817036076 783510607 401556165 631581303 439943643 933451529 717237006 854865477 737141689 135767268 513804355 788903569 257739700 13794200 737386635 453030877 360540366 969733390 725180769 572888092 314866843 64395238 909207574 94756663 788908998 767359986 832263244 867423116 200843404 188911801 783710332 443625577 5311295 310450165 166280817 911172757 537629380 64046613 594496459 650072264
717464341 154652348 914521726 525083183 14949313 533157184 196845904 541848297 411211367 832298796 661594206 598868620 485543230 801198270 752650135 402924704 932884880 139886954 923039551 452664098 709762107 18701909 581968494 842942211 624896047 107009754 68995471 834017959 449152754 421200649 183418593 285277287 866197791 106467363 322424569 517730575 643672802 662942495 863760190 468267616 789166718 269706537 295615084 380178831 965746887 517947421 783063826 998652868 144787368 178307856 447857172
338367645 515311775 616761032 654515497 672080552 944853308 16486975 652616542 895186924 536602534 286513956 670884241 158922337 615959829 631941209 662655222 618118771 298641497 77670518 237747606 825364867 899000402 426404421 629788875 397159014 863526517 237613892 582932934 834003940 316307278 120088614 670194185 608508730 255650040 360119122 681295853 668707481 391059367 788336994 594298142 388650916 590252062 204513702 420844314 271039990 280191545 957357215 270630837 100178842 95048037 625254020
688563607 530211729 393786659 803027392 605249212 747155536 10856841 351688561 361934579 727810623 260888512 428282347 999341152 686831163 718666887 897737012 485247483 565688340 507559086 732152197 391640591 820007184 907615132 906470863 546526395 756691558 498453962 253632563 242681460 200440260 444979014 706136713 916020865 364912074 146226225 975901402 301792638 131363981 509246273 600485350 614870490 465081365 599082048 474949023 890169433 225848030 340963979 512941484 5468818 319833691 103815571
576499175 811790193 201092974 305605471 128156896 221431735 942443250 891451657 191836247 636057717 461532722 253142333 756098501 749446549 782479726 493671613 113464532 438945873 307470941 747168479 262552547 929341882 476415654 975018509 85376131 896542514 139560038 703821380 645528572 375827186 927568045 824694678 168087497 400791173 892357632 335159976 633695767 642025291 955119321 529542964 338419786 30183159 311909410 584418440 601293177 162272786 257461694 723892742 151025389 842388085 162975489
127045538 128950950 359258067 461067058 861928039 219992022 800661549 555720720 756791538 546153315 412745307 378291274 799664629 797024361 335219338 728151558 598022326 198126774 401997497 129597787 453970829 863490893 806496059 334920918 708338281 601784548 675604279 726939641 814520652 791677541 780212011 611035063 302331594 946962289 205397861 961804538 268512399 515573976 358571657 285733662 174467030 31641890 29447182 5754995 826815986 399439625 255121088 574675134 950822089 51866109 20788032
500959160 215282003 18003615 429797503 8825742 917883936 179540806 694889543 62276447 100188623 470443645 423321010 404970945 223564184 306382722 860742064 818650429 260041667 76234441 262576006 625668302 949469743 629280888 42812746 491132006 480947404 752579304 985485928 603504490 482589217 212463914 998779424 398176561 824205255 490712448 917619205 165390216 832782571 168953311 937589375 42812721 740222160 617018484 217841482 843700831 791538507 452626460 541326837 943192891 743673157 248725226
281744484 101542499 670271805 863318181 588242767 208367462 209600963 468941639 139608257 5308745 669125118 558783359 79473305 860949253 270488615 985397552 491854092 544891910 493692428 924221424 878920993 30077101 482183566 173696394 334975795 490728143 948547875 876545660 19490675 432167477 355311700 354677881 340932196 195023130 552869952 974123753 801758557 604175024 50664472 245597540 685678859 384499099 203786657 19039803 315228140 287619700 83294133 254231791 93313236 244175431 736293058
774425272 335294828 430494997 3919689 463111935 588160174 295665235 415023712 403806692 646682475 66384233 904772145 420718777 984875205 258921013 369412217 194146436 159551669 602133893 987222794 997525633 880377990 206598560 589036105 763977886 279727448 374158014 275163568 913620990 713400990 323489163 633778253 30875511 180925088 608213928 421922114 686585363 628620538 717262890 901899331 490361747 71645467 130848281 867637275 435253991 27561671 573122802 494935335 226334391 850053270 236982054
905900505 902962653 124408946 878341785 846101814 400048617 68327453 120311076 442639705 132895644 528113577 792642323 492513262 977893741 554339838 750346151 319712951 631576071 416313687 705734549 538106891 195220681 671784389 92049797 965100370 998750276 851521451 744579220 744994186 196504769 753126464 495892178 291869637 466829497 526695952 800042437 736245673 908289370 170368891 723397860 900645358 725536521 295104309 723423261 424688867 160066523 956437188 303451216 83867370 69992986 6924037
580526546 405640952 102008518 422598824 688951019 456371990 360867857 191877295 223897688 274162402 702116834 608165619 545712073 757544975 145472083 150401183 730116196 456248032 336438323 39877299 410614593 306761905 712224133 288231042 246300651 167122030 17187327 851997748 598038245 14358810 446066060 832391493 831266851 408753226 281193163 3337988 565087117 683258535 999945101 890888981 44599680 586618480 212364635 167132656 75303244 961762805 894580717 711802719 218893751 493911581 833330612
572872452 972472696 241824993 542225489 488526033 276877245 570444239 642447131 446547341 521269925 445448328 383729566 546654038 577938375 854205250 196579863 491702810 729835690 142029638 876151801 547324444 174907210 856143219 673746026 368681590 747839642 803726009 855689414 140860817 326856956 4478111 586272027 927846830 819274954 263850430 432272556 89096032 603588305 402839108 26892911 314095632 216779985 414332018 850836367 8195704 810512894 549153054 638919146 570423080 974497154 884278834
115527827 260459781 7222009 41259819 920699473 600267717 92410611 557315995 227682335 380130932 598678389 344938919 875017130 748777969 25541240 803179145 367409622 226318705 928704617 213144847 572358969 253832956 870969000 779017754 805740191 354479083 803935241 567294241 815283076 660644720 489332565 497793707 782274717 204135182 540586954 305266392 698769999 472750877 791513495 934876633 843332918 716640072 436782177 366098548 264327328 689133326 126781377 12433025 843911952 580258884 615874500
51126127 721889979 467133329 363113833 846302399 615806990 209551600 873263911 656782984 993731110 348159026 200697188 872292850 129515350 506322297 783686911 476051387 102359461 947824575 288233415 706906805 141732685 698910541 480311041 547363909 517862717 756005956 227185638 570662630 441373080 519830295 665736738 324551332 791740468 249445135 233038935 808716706 440662300 563545798 418372760 195903124 718328591 758417580 710778094 956124998 800345598 473985926 297667542 386291987 257736082 516659433
58672833 215692654 118744483 969898947 753628819 688329309 215868610 289373907 448090661 808688376 160695984 178667308 315225796 914466799 812412133 643636918 949780143 139293698 54742794 691343533 544411548 526555270 42240895 27063328 581388083 71270375 568493526 410892915 220703122 998519328 524563286 448455645 158260167 694894916 750166905 883914731 624677977 952568313 779027566 740402171 310168000 57993720 840412055 880190914 955945192 72944271 709847564 334970823 649678771 491918622 429994775
945597925 780795252 639063453 299547830 699046349 233033076 475107605 575522333 798172034 343510384 285543458 744742961 318280667 850017817 152576376 256736781 849659652 694666131 376336987 305798017 451250941 116499958 372026149 164440974 403893786 594273744 497684932 922296555 819955073 860299938 171412537 384581763 595563439 407316318 336337178 71990261 705623795 354348272 41178640 5212179 83503090 990198450 139498074 398755171 236039713 695616245 662169417 147973281 932083278 860977535 646018242
192226107 517730584 345312264 873584063 279986131 250119026 831497404 979988686 146456257 977730340 322879676 155005584 945043599 241684810 393673372 484511803 911076475 662553299 445327079 75252761 331307256 103923459 754513559 92865543 220265005 333643249 968508829 894183927 281085044 9528074 846502239 895767150 313072348 959593356 22505780 627367174 688690088 485735692 10872554 169327853 598499022 122317809 152534849 851362661 579800697 952407030 639105134 295221314 380144008 157123244 702212761
96126575 212437005 342322165 403902559 993425513 991217614 175352970 20371280 912756418 615872199 797081719 302330482 442778783 336999333 118896026 120414396 946693179 319784525 980297767 284236188 826314082 531522643 348947238 424488818 701447159 271483779 64728819 677822994 942002286 586052700 796567998 931009862 176232530 198749328 339702281 211717450 433325248 496601478 208797997 208855886 307836651 968122072 342991317 147555832 208006806 703728341 448845952 163545567 311237277 772565248 135115267
710248465 92853612 695142031 122899973 414115470 904407942 265944813 336075650 608614602 493372415 637337144 35324745 656546863 924015363 257436611 706415742 496402585 75721293 970349206 784837400 489089240 250552752 894672361 121924708 472518449 701209490 642753453 593095552 723741662 654166892 372353795 385760737 114020233 389275723 479025346 709302734 799325653 342030162 578753013 905140450 615269333 818176566 93940315 568124046 46531731 823034304 784880358 18919060 498444683 453245007 685224508
930657165 411335469 806773331 906580281 1083236 197676382 477819603 41425259 519263705 501375991 863790568 725128085 395432704 751189317 374457664 887105068 892131775 629744775 434783388 814114781 732698707 176086132 969400914 477199365 607094987 95929778 584622027 916156727 21421451 724627808 579067398 542440890 542589387 428070797 691480084 898931208 69240854 252234174 853123994 277770577 958587596 174227308 337040210 507136502 242912928 242863235 643501962 876046350 470284058 869255653 76816547
997969380 68030741 329114597 784007571 244123766 940105538 855643341 812699236 642622456 178852516 165139800 191581363 282228303 794332947 125742904 422042673 365514135 702891961 42600849 954205989 974984350 853993367 433486716 65029353 244586854 720483841 433740421 648078441 784712615 175145246 310949166 891527335 725014858 695691881 427295594 722003257 380846831 812865331 521373474 855370953 451651688 541985566 217217716 500146580 204500284 797077667 297749359 253966828 306479397 924353933 881683992
565173430 563382930 229395324 569297255 17210349 14388518 341397604 803395723 768015645 157127223 947008779 558352290 736909800 347642192 79853966 927359554 156243589 104531119 287371228 643604979 35574844 198962631 180169273 993251507 18200043 732246464 74621373 900811632 857826436 939557874 303108819 902677137 852501389 703777390 49338298 680604782 131416478 547428469 548921607 168633299 762831590 67385086 833061921 655955585 160574887 582734644 432712644 816861101 491406006 164865270 528937599
849817216 717810684 613674326 167574326 8208021 835670775 543771419 875187104 887213181 145938745 777043774 990318794 556137534 36416232 47371632 706851218 155256272 708563261 614764179 884094764 969129887 337743621 107420477 693452193 820663052 996095267 301080632 493952587 936659692 909048588 706256644 529518171 330741767 772884809 750023764 465773395 313890714 82695161 916435085 857154444 542619094 53850444 236978762 388465330 21204574 905624073 346092762 952998466 600833741 442473481 171569856
637977107 526583598 879622329 132528179 934467274 467321986 521552284 58857884 387653220 738185534 330814663 130642970 414318256 197696970 625057636 882906113 644527570 910978307 879950895 532291926 998342850 47447737 856912380 401066581 255773643 972656690 228991535 4000236 40945420 479633573 634090306 732785213 465622778 188145600 369802050 93362976 789472988 630142499 831709779 556815006 23320910 941557731 429839144 667730295 761076415 367479560 931921291 94271901 394083827 167707663 808397531
357538999 154594433 714655336 376894089 294738591 697932629 645329145 670682778 882992100 439489327 679143065 197201448 506517577 548430115 441851030 662654945 920659780 982184216 337421616 527749766 386888832 241736777 167207963 797923181 419180123 981104583 315588865 296796928 128884329 662052084 92713470 720411452 364689391 373097481 176306210 483565619 840000616 40816785 231775730 430530186 377871364 842444780 572148200 242047484 741070884 407565773 35949806 775328213 644668896 632801468 534025447
472398199 61738625 606472341 514164519 172073689 118373383 863628040 821919477 608455938 276302755 70186519 773293072 62795923 159229502 509715098 996158759 962042939 911327473 306699454 298006112 425518912 313049483 107232898 396796882 601071613 622126351 636667448 162121226 390489182 313014834 915256586 651045514 849943141 665847265 445183347 566477382 731839145 989590457 466926018 692353061 742973138 430610061 690017947 598538118 129613854 313434341 38852469 396462264 602798047 733839225 973382940
294739328 424575995 477386169 568890928 686989207 657787243 634834504 370592677 396441898 961055420 650358140 59752770 107671384 213315217 865473505 459749922 182116536 290585118 82646707 827477813 365252048 538571695 457776743 286678464 16667551 54079263 178919202 955208665 376124436 604712033 267301696 350376684 488647828 475314171 10792399 784616505 148984440 122305926 521867025 106993491 136897420 163231792 546606846 639727778 950755986 131646777 219596735 213787106 583750077 388860025 607527988
861647522 348628278 3057881 414788207 23737542 199857051 281929429 407855671 658959110 120833659 461115137 930902406 421493101 48482523 438342273 269301516 696527834 253584820 170235279 840441001 825870978 969478770 20822520 406547958 162822252 867676022 778466207 4862141 907591155 653224085 419393273 49374077 628613448 115578776 38887824 273734631 516613358 474972346 782968449 812837731 406771772 652415277 746679037 672701836 397882334 571389333 899389643 821188784 437079125 545402507 558363332
393700945 526726770 621200667 748751702 127958438 85470175 785227078 880249603 41144859 410395542 11796609 505327839 916192204 383302247 261550133 54642452 904716814 942336375 439134269 684726625 7095783 822188220 299825002 723552663 992389265 114411394 984027138 278488091 942647291 601780969 109401149 688241256 399384903 376737380 105658567 46700426 880884045 851590203 312131393 802665123 317043991 610188810 389932736 656850793 620631651 709157184 551023693 559933094 284429349 153831841 995449699
349323959 919687426 443043269 916732531 873070094 272562645 7827350 229171555 632136112 803433517 133562582 138978827 292220344 846778573 779094423 250918583 418970066 847135276 412757696 83635880 654892993 365598451 751481999 337256083 173083097 852895873 385177874 303469856 398443397 634834794 518816940 683709804 35749314 390522356 234858647 682746247 337967522 530618008 993998172 946293495 47791307 712765063 332157276 729109300 457251830 377945635 20116299 740520490 341589872 807027585 33687215
538770106 266796956 404400366 739937381 227467576 783647086 196169575 849807133 665091566 511272689 266870559 749660121 770347928 618491843 325195773 494101106 472246247 83808660 175157787 84831251 322969086 995298987 380281416 22887868 813820152 474842720 47215751 14001344 155987040 277556131 426635406 559613767 674390710 847027572 76187208 389138637 944196081 766133096 455229011 502136993 675710456 830708779 669415043 312630887 704780072 718631416 530753629 851475607 739962065 229116195 358358941
891600123 247282105 722003600 440958640 239452469 414588567 606039609 231034683 443470646 242885273 524871595 137993362 688192968 793819615 675770505 963756609 427239686 4027901 278080264 687072391 821120223 59648637 58634354 881170646 850706326 629972315 317916067 920234069 710891076 168822663 669583247 956552286 611258197 136639334 629165498 261702912 300206343 461215058 981092542 197038974 935055854 458917397 610217673 86193869 197099379 164484978 897529884 486326810 417135184 13667484 913128333
528911170 6932757 363411133 339760390 701640537 435546279 871919985 399952899 743435044 12013244 827287880 337408536 818036638 49791071 506263623 216336745 591907447 79375986 147785831 653380912 520374928 525454375 674148373 198752315 340706944 290354567 872000689 109322604 309010194 663074283 448291599 213486647 849480133 85122181 185252857 375670055 102794571 103891672 681917610 583867481 780911626 888882492 516205908 174702079 493879966 118630747 214099867 453877982 329375829 588922551 931909401
991102160 22168497 10661154 725122008 481756995 871097578 576147267 718547675 227889593 609456233 427304728 837843605 322489414 241834830 537426031 78764911 532218389 293315564 278864747 626003015 71006179 315927624 473136901 115670764 963172994 410418333 398234505 617736355 166906712 635171290 414562069 255555237 59303645 440141346 418349085 293451422 11119393 879468875 718672874 225190192 678368835 767229280 625185046 445352558 619694331 869593887 561688593 853237857 74699537 72406652 923415455
175977863 942958051 737011996 302851928 613698895 777509603 645246171 714333223 565013662 696756247 525696071 907145420 165857357 52241560 322778914 201232474 286091176 452743955 141055715 755222713 262403312 746887243 744043318 266886949 843710938 490042261 294486648 832840365 210900495 854636890 267951675 724512949 74750890 183572376 926001096 200191348 430492093 770765410 939427992 216129655 945948364 156888156 597057242 590058780 218834767 916153151 359790065 429543192 394859573 440616539 831086323
422311154 46363996 557732112 205799723 418855045 164346394 268986196 992364183 795953538 707126711 124340784 370226794 17902060 532356080 213201987 640942987 964670106 498947446 57386557 783518997 142960056 108470381 773157733 452339925 789288774 861580013 775590420 81342927 845195159 134429061 950894648 880438970 845172692 438359987 872159698 756091519 429488759 377525869 150849912 681809598 684531152 538923675 195078868 655511624 991876740 875719066 183093538 432315814 47722504 729006522 282577334
850386321 377947946 959611073 979439220 295811960 550923401 646009959 861703766 443708925 642688792 723042008 509685226 192987000 751803551 853096245 900760529 402916466 974955066 12851219 563604290 564763691 623149272 524720634 570701956 229247254 421623229 130639847 981454711 817443160 329430784 136986058 426380812 190302540 333663758 751523081 853407432 20040705 517363749 845150459 812933446 722543546 15300314 225942382 838001330 986192493 852428436 987751202 741910606 728916549 401474830 108444748
779246064 264651809 179328473 177280276 300302978 585938962 879018711 430818839 68071041 896607201 307712705 756143845 473079423 704437126 900780962 89277572 257352098 580445618 223257946 552408043 844033570 839714374 499694621 946192008 339444175 472743642 20403441 818267835 418307720 920912183 60077619 421344345 291586757 466530781 411949075 258359081 438442510 95518334 491075347 879743850 64282497 127055489 296546956 349918796 115240528 29919616 685055272 199252082 143798337 542188490 357677417
783235190 502018092 601257186 681514529 421371749 610479745 797108222 769592568 120808255 321447871 557189768 514207978 142592888 881885950 711497889 809087174 673255802 746114662 254102937 19577776 645166881 858466742 164172408 99654047 7947581 937736382 182656121 895109600 58051091 651131876 904574345 725300625 559338973 419094179 328828108 866593319 700805957 62800904 641855769 346398696 102281198 707935028 485786489 534323826 602051819 113244636 607190444 425301810 763643206 772539596 55879331
265813998 425988731 810051167 175712519 762505020 374811386 911175433 563515825 833710344 957367464 279058382 13705264 27727634 859096926 454572744 467942214 545803630 172938601 427578788 218437995 812137730 976023560 389216805 126397257 500434955 413137906 928933536 69917758 303964312 982464461 465132159 942870237 89341709 356322488 386184895 377460589 867569314 700419778 952849009 300154984 526736354 230369136 729931580 410982141 479988525 883141179 207061465 269133711 316048182 610855184 699905686
109732405 304394629 568227022 987153876 295319864 706731765 717863371 93446793 536667031 266238519 623056464 705661631 542581126 626824782 282852120 620047891 242910954 275779345 823498197 393049143 738584031 199392173 282978219 158640496 75989810 962140448 254552499 166919448 251589352 770237119 210273146 21479453 490399925 475236017 618234239 604173696 471210630 414929521 632565176 45127384 708297976 852548432 292469774 422170317 897671646 722371312 563454684 827357085 134443711 551939530 433473396
337451417 295092053 574058409 315119770 393257897 265341967 535740973 9059079 998873028 699301519 518313801 350640615 635590521 338823725 216858566 835701083 764290666 429616243 742806462 196471544 552353995 714234272 951271201 651136070 418594279 722740517 460919347 209878851 750126235 981815338 435324428 816852189 53598681 822171658 862011671 421909883 147269927 650125010 574975891 70615925 907478302 289507782 37449237 593343895 964738539 492660701 585182212 729068963 697295312 429782592 617512988
708358348 81673124 831557327 969781996 986223163 26908495 225437852 208091480 386261901 373207120 774135917 800795415 300482387 661389879 492075838 557818677 440546704 597569322 755221693 568443027 705895999 237298788 73337293 617752674 940856267 229981874 341641987 775276716 219522965 820001012 953740588 785233099 44510834 298217634 31143365 779821552 991972650 947291716 506967937 473811869 531339002 2659321 932848327 875101739 303442963 785911281 690918962 438587717 114763289 842831603 971112719
645282411 205964964 772090584 315751906 372753265 916904898 785863950 282645729 520410365 959363699 581747990 617729655 23309580 951078188 948458245 319830467 682445677 601870933 329918983 688712982 437541444 923237579 122074328 44445817 226616969 462743134 399174729 357488165 309542023 28196948 837346753 264066824 177508957 579387364 619403193 444560199 24823424 80804028 966327359 401953462 917114423 89683324 69166964 242402146 186056734 371692089 721866766 826782216 492591780 159470331 779932631
438378139 716378764 825787455 717091884 497673410 337478512 263096693 775447678 288916055 149114425 783905155 467949780 622108649 100047272 55538496 836364360 605935419 700527313 200125434 87015301 415703491 219234203 914575857 941793104 372876075 85766977 264365785 494024956 741614548 291020499 941417052 244302580 359950158 75302326 307612310 505638197 956542178 643032096 331946135 718955984 952822280 657463197 551770341 797882733 480785649 463356301 331493879 312774595 918940926 627172259 752981179
686188065 712504646 763028583 439161104 817177577 189539604 618357685 759787597 375688463 500794471 602273084 56518585 27341470 581600881 240460545 864782608 947893043 38200857 533618649 302445828 965430656 153343609 663395314 868695482 464918730 568657248 499167050 795436873 787375468 990377936 666328630 274538047 885256530 873280129 485835741 443316251 226970751 358335069 726337211 262643156 93588359 489545474 246648095 740081744 907142165 220073795 90275756 724400366 176422759 814569895 925207516
870758397 442949325 298530025 397496952 706034498 564866605 968185462 832950817 894671478 331422850 240107250 191756747 413083590 711658072 639453363 301908285 304122961 771569234 666178116 907403666 646060206 738502565 238790372 49347514 563010403 340618906 432879876 261751546 662184303 990197008 25920717 465153384 392690369 234797815 666853528 38255728 519566014 954178774 906997107 313435473 721780927 89569861 909428131 727480737 683593360 923682420 212252444 226076613 220848371 750486691 121907211
462721402 696718875 285256360 747736397 332096079 805090354 555843948 453036789 48115752 321117651 837442414 443310794 348088765 271219856 624291134 488709830 230450456 6893421 203364867 402683800 371804187 310337891 423283702 7967011 875423480 137832414 472546533 966598909 353694391 497165632 463731377 280785137 591554483 213780316 372426192 355105661 30846493 875588603 162016203 502065749 495027320 608423770 146803137 76137694 506617883 64119978 568622819 407859380 992518066 386995855 29760758
919384100 990410686 399425954 286852308 756222642 124930832 257121519 598086891 184578453 380191570 699857527 845189564 600632886 364157822 511236527 935931997 161755317 568844388 505162752 876034296 959410788 227423017 955468101 876028234 439057994 622141379 24242256 28109092 914248609 53567870 888887141 761929966 702553175 876083577 833903804 496443423 157653393 648120106 704398083 861187014 459299364 540349654 536996827 475060996 922099483 195730970 424954454 699798928 322517556 904424549 1654144
707336754 389027426 26585979 118773971 904003400 256085068 675907571 724772032 390330180 749098701 305493946 530104109 441314091 61630834 575572111 770624498 74478871 141117183 725565060 575214427 523892919 49930218 103753859 352287401 864048074 604256478 34442439 680345745 274042023 787887930 658372959 63564219 570883257 65527696 796191406 50328388 633665275 961604134 599479790 777874748 554115200 582986104 876654504 915395881 241445101 938020020 587979325 427893891 845293309 638540348 372319329
869894454 486324476 78575656 782879642 231934499 444084045 24449729 961025733 4852126 305271525 396414215 556725394 38860273 401198541 775710509 935405059 88194008 19156899 320117015 396140273 177924 603461657 71737059 762347143 106209432 80583541 493266269 550116805 925926319 619221264 571589257 617758206 796365268 877405143 481273885 204443994 210043784 733524173 639465988 391866709 650496191 59958151 251508444 893766974 68683107 289898158 698419833 983735481 837359056 438721153 220718176
126107709 582153046 637223248 98216524 404069783 187676347 855036418 938864813 778585190 341814454 187777168 504210724 696548508 865387125 327410824 955094281 627522307 134751256 112740747 405550565 177536950 701298995 555456462 478198264 524095139 912873808 434926237 331717300 614812176 470309483 716718292 658084160 958032147 132474228 877195620 34318070 950600729 489417937 472404948 196742629 905864544 720601 407707325 845324111 518903676 978251865 437576269 283049004 938556886 858559251 418961605
449090470 276817704 205347387 98081019 781314459 336163330 296764152 193728217 58191134 881716553 361732329 271904732 882788086 793855154 237883549 764151701 82787870 96075595 932879897 804998188 345226307 727906291 520302423 356457176 960247881 30878685 278878913 792940648 342949063 836778769 340687802 372670909 471569030 755198187 868176149 767842893 320353029 639346330 37695900 852000418 497257208 944412578 40780938 764649177 124979397 325442651 518093841 34295076 337638150 167223407 660696534
597438536 55353097 923689312 796392816 186646048 854253395 690650368 825423084 422297112 220814361 977453046 900675404 406543794 281050053 188033088 289389315 218354437 828977527 546486700 966682746 631673657 983989633 996009565 49949327 893891852 6526954 405147980 350460177 595643216 682767084 750829253 99602245 435138410 740365175 208323302 763002468 665373653 333699500 783623203 501116442 385909917 794601314 727653317 322236681 302461413 520719524 185710694 445428036 680704097 244621872 178078326
749418196 730529244 597834746 180606137 32017463 306189236 169182631 772213447 298796764 426117977 661958931 855398283 10405288 862520018 848302795 828433861 748282228 264916279 729369235 927329416 498475404 95377720 794273250 379415996 185809969 599836052 252203105 159561373 641768728 582872995 227513968 937246266 583766506 213578189 66570145 188434423 394880706 686134289 201343803 326929931 754582706 42876031 102118584 984835075 685579326 726293438 595407943 939436861 398444511 691489159 17821515
388041070 233155201 981184807 879059162 596371741 423150597 8455169 777498686 193826341 351529408 50153482 651079544 945632823 360039674 759216204 88479672 444570454 297572720 376459107 747078630 738927705 364272595 350691331 618395421 54848364 753977927 808295792 354233642 816500367 774909669 555333124 909604113 980672533 543733817 742655404 532717960 295781159 734231492 776136299 52968827 271339583 226413691 937643734 815454342 923375021 548901702 129993367 88075646 348239893 920092546 867976427
836928744 450469615 312270208 437885220 752037248 130992902 188012803 743640871 132750516 635859194 802771910 785885166 810318119 739105726 616110580 490960391 66369326 420878618 617291950 756895763 166597974 24373290 629805705 986878280 573011676 798834653 411353613 458995696 827215923 847492983 605195831 764357608 242193794 534520079 546662647 8618274 601156387 214913042 289743795 574611491 140818982 81666494 967537091 590807173 270075596 317155240 767199474 18653558 648438028 552928822 915899395
448372280 135824145 226667302 204509994 893586591 761526713 679572997 97251983 30645142 175889176 518223033 117677775 72623002 26273523 328643064 597901690 407510333 593707334 838666702 106616214 272919460 650741439 307796507 659034650 646098186 472740160 409115411 460324980 402451771 826623072 467550140 232837380 44932633 466755563 93538931 755040671 407971355 340248158 776630120 254815245 155509449 143941484 453390621 126320778 477950273 558795899 807690474 815082057 143816885 457521959 725326716
953258476 523175147 698414527 282867538 473153038 305788604 507021763 994957119 553207737 483385493 584955500 598534379 379257584 976157945 809790756 528653138 445078823 378366204 428060169 501141827 243621317 763701449 606672495 32011746 763282601 944195102 121186139 87538982 307252386 241761483 98728456 527022684 782917622 361751863 998108262 48518306 241202396 421769947 59687318 216129389 503773698 733801156 603938927 37374211 266416903 288055317 225374204 400031490 844567810 92254339 138561532
792659159 689886969 628883159 125947745 404341832 40653931 802805104 541474514 283159019 603315655 952112830 526597416 862469036 177180914 958749128 739134452 904143691 150274501 598678183 671592440 580085979 358436493 648639753 417642410 383047493 685948042 508143791 39067572 806404291 492934256 823382511 29799286 26239333 799500520 899906610 70797187 400062863 925353232 214141559 465115167 342582905 485773559 993444303 122444232 989616814 334459426 417144287 331300778 9846413 138369034 187567457
137431081 863200459 632194204 16479394 150183771 257051376 501701815 105612806 912373131 312549333 836223153 118552704 638355384 965963820 78107347 881613850 145066515 558212856 739733976 596549747 98866821 254168080 75755378 85348156 323734822 661806241 374258885 650271930 580899527 337076649 695685354 742369864 444205417 322824317 722040174 130325713 76862660 791941955 659594960 97592154 272676545 281921401 113905926 214574966 8914432 392125036 988817913 526694864 185934931 926300098 742948356
717398181 12800321 895628273 638142585 747997255 138247300 767279813 669451292 230683547 540715659 625296862 223597478 328118428 198088953 686680367 382132291 555198166 170230564 41814401 839225876 503285227 548876439 45713646 622615214 630570514 174123408 668779878 767809434 855242899 82937219 494272813 815977683 52239948 237892501 182550875 665091403 705198127 753749793 803889243 131851110 807853505 41854007 902974060 295719292 1507741 52795928 444754979 712962652 593217519 467178939 6550247
819560900 969820922 427483212 951063924 857250026 539735442 643489191 761419865 601172214 396904355 351423201 734817402 746522501 425116328 748965568 946047886 422341416 15071284 716524606 674376865 404400611 831396461 743198474 539760788 463096238 450235532 454625286 657315992 450632439 161152350 719563210 921174199 4907806 928406982 852027168 776262731 430035192 570132793 928427398 836157061 272073549 156066880 165171631 445887207 526562138 458715385 132633602 976719306 612128592 953078679 820950297
525958873 966257875 419508958 734035524 337840020 624343419 363603111 692397060 239273423 735482198 329934434 156293264 910706224 280501604 748358031 528935507 336374452 61264410 989055556 191447147 814608170 241200608 718371754 346827564 971932598 575486355 29668480 483319963 702852944 878823684 351192983 3602676 745057859 574760310 156614740 192142629 527753902 290610724 985378609 683166544 326499590 228410041 2754107 884179277 165039250 159157717 558498709 343031077 460647406 243175311 882251764
641038744 564521353 193889262 601866530 564435096 865941542 313040239 912753788 983219148 822816095 58767234 662300532 427769102 798392349 496154893 301962767 552245486 70362913 931620071 75838311 229762348 314930559 522776158 705241130 494253889 652537118 955925938 731423001 878472407 232371513 386460823 218051466 520127564 200363232 237171383 127295975 747003188 406255992 633121326 452213293 868223188 420434231 714527756 39667310 601720488 285567913 847526615 888265039 705220317 923541038 195441414
564664971 453674711 232911481 395401095 227408750 904315821 296418578 265862202 775693658 867391144 985870293 273529971 992565829 417496008 62444145 775009660 604448569 215648319 483670762 85353744 425608403 630956787 5941784 493809634 900279237 63704320 761472038 47180820 573568853 754092084 138039571 694102464 981800411 836573074 850207028 865644403 804318023 233105872 426526640 247755436 224141720 938015704 142318339 535250530 198297958 169759051 323016572 830987131 93374553 519769849 997126590
500134742 294527407 278658410 386101571 215988290 284212410 621339992 999479508 971564548 370499424 569962547 784025874 202895446 641532569 407935132 694508273 948971874 657986805 943843050 896966711 527027787 665264916 672825256 901221890 448885156 903951915 318629396 446262079 19058166 550062214 73774242 651937076 100299839 288980480 491026296 971503094 170146926 458643596 69750511 222406388 850978280 358933168 122880024 283168618 67553798 127575045 258388276 581052655 871802517 868023736 429458491
168480744 605103700 333547276 795358551 800850962 690219385 583400918 712787814 313528060 356137517 722335999 761547899 964998282 179509003 718978310 26336348 900979060 840367013 928026236 406856966 735997892 361107199 370051205 732256037 569272668 872370194 277703005 349524637 989488238 822063178 364272849 274242308 69359618 786411017 280056514 319365157 214787699 996817698 51778470 509893758 993345010 782115678 336203015 989272002 583041282 451020538 497612289 932008793 373004538 500238631 301435848
267087067 250879622 153856649 727632416 942480537 995235878 242375609 393447395 494547476 532622510 620796355 765815167 319939204 239061957 303326889 47116661 926027602 418827366 884000222 797459163 408173214 701857121 247833291 861589979 830121914 292979675 629673805 912406578 73355692 656521674 692891701 703154610 609999792 184926842 214343623 228580544 249681332 259587850 376777275 120176854 192187099 53382384 884286528 409764610 168135675 733358193 407985012 874169446 252311582 90539306 344250093
672890550 454384389 297454218 985318323 63566013 131308960 90383957 530884931 414745816 695467159 231925538 49677326 230570361 320925380 350979294 211244023 283738533 826089911 962127176 836074713 56313207 891770417 4691058 411244799 315911835 390073513 88629062 148027306 677958355 803895754 116464639 402902927 629107830 705052915 982386348 400828246 373077228 934165173 539023280 278715420 705776435 211662169 261662276 986219506 299371101 868844888 654212852 578398811 58702864 906644448 206873118
231266002 917836548 943741270 310206582 189166914 628598153 779258831 802254725 81484428 898032638 2781589 68463653 136622341 669900635 113384360 321052935 245052149 17559976 676701242 340402477 343109400 164589700 434256178 275960432 740748577 667277727 80874154 68796411 396350003 339252543 49950577 476771022 864233318 734422719 863223690 199453244 911679048 762734860 947240107 270383725 609323353 956905767 55034047 834056925 50726541 990367909 107033701 956680411 764968910 98214450 197600622
337465355 459020152 436072969 435933538 803716324 939991771 567736958 381659132 46321459 908113085 776717428 402873770 191454870 453100501 687348711 555927566 899235074 214473041 501001828 40509567 269828414 530040657 475841932 769701513 927966566 766545257 343543701 699188841 810986856 166004003 864335816 304541074 8816522 823934587 588226308 327654186 803928290 977663073 244641850 202983565 627139037 244944699 234268911 318225865 323136697 722910560 645786557 507284001 197900810 928429982 493579985
881026699 420378425 135988660 959185519 236143154 453575936 363482329 792100202 966305012 179292655 933212723 65973164 108420068 29220586 336067937 334250164 484902345 935337385 804524786 626251283 841718686 714109239 884256492 577033710 207785744 978470004 94831942 865509759 817937667 531759763 660230765 450866068 838887949 326539676 849928131 161397007 641442553 758258923 597561371 324751716 204377414 530663855 526645823 98099486 915263398 477275500 887404394 375756378 313542783 468723322 893799375
708661065 780558957 203520131 103629072 408868019 366081214 118993161 668206791 574007919 52725748 555371997 240411904 829099500 847208007 135364009 504236221 825609388 834143265 350537832 317916273 550099139 732388000 314080744 345187974 923623260 852405271 815633999 467211735 494694708 338376845 281159827 615140406 966388509 920773180 508615425 514041063 70960253 338916371 149018039 463540515 360050124 240906293 136966953 343758999 102023962 789408888 146999456 679479266 120573062 297430759 510223542
209881370 875855048 406810177 991790043 611449416 237140392 314180215 724762835 449056743 876981892 599603506 868345654 53313897 964533454 712526922 701057519 524427186 85144204 835138128 766234558 285552027 709091543 375942917 24249782 157901936 316353116 725602785 293573055 836890226 984209886 920469645 485477653 21068631 888138929 101468521 531811527 288289989 43270465 902652423 363068473 170662618 228529033 687148461 89081762 220375719 579836829 513275864 79644303 129204400 667121184 686604468
