108 46
842719326 32856998 650780303 424155910 611978301 532535380 115235731 998887533 919337707 615448890 602704480 440324460 131673761 354073448 195856136 199631742 779421418 334662497 172697136 647958227 824052006 110583711 766351762 995825868 36229384 316384015 929784957 980779649 233773337 965253521 299565648 824651579 21713203 640658041 25686786 826542842 603939078 800203537 557794205 812580079 341031574 801313045 732664510 258608643 622116539 221262645
252100375 140307279 571512735 115132822 189934062 827757730 341230916 261737041 674116507 147499775 185313788 446714355 948940302 531383067 133198063 173155324 305978182 838041571 194665624 399936864 734842843 515444468 58417992 168738057 128988021 706793762 459485090 417497682 247725394 32048370 669021981 202062221 146132164 949584671 476817542 645710463 927344561 199885080 369558139 698502367 743264017 975317376 741902832 714334938 788466548 710447277
158076078 893777810 979836794 403035435 527792079 28930458 547968600 657598518 49039428 528749948 612362329 786152515 511339343 583290931 636753243 359804791 984189193 760894385 323542350 550960174 278389981 284455770 266437817 19085686 493003787 445632135 311837493 520274321 26029606 509799685 763309039 490038391 319212438 681083283 940097578 380411473 643839511 278292071 272340411 751087615 39137080 453371818 686003083 850094483 556525277 583978487
250744857 910235860 279690174 12091104 374351862 699483580 749985766 194828137 92475462 529386747 96273204 930901131 143936325 514118769 324293597 849189811 684592320 349294007 66920680 577145152 844621976 646936727 837224113 470211336 762690883 893078416 70874470 243436755 378243659 224528467 512712077 528141535 300744396 144576072 735455356 638610522 920558074 387465994 496532704 885559275 595573145 934609639 464302391 512519210 394770051 69549409
828039765 801968676 321695014 229052335 480076259 510972888 69368323 70674237 541959899 304769212 59763760 395867687 566894606 45578808 713784791 102084546 924295326 496979497 650283701 597412116 822697604 132834144 911621276 761175383 93200139 358536737 986386417 304111226 371033939 868232357 709773358 830186911 627270863 182790552 987841633 714552222 155952071 932052123 965467564 645958529 386509271 738327235 996173763 39558406 898760814 207442200
714146673 889277217 16427344 750872343 558114579 747093111 632298773 645374257 557200155 917915107 16866728 659221322 461574798 519195380 712494792 521229114 20334983 599013485 737698442 62821199 341446578 825256133 640012245 263396553 677613777 303896741 514981092 150239837 854099771 544387948 959029192 419882675 844337752 971884462 880095972 428855016 50039590 730372529 623805807 885714701 282481847 747404270 813809653 992898214 529004209 647665558
737340118 64435499 807718860 220490507 403798214 861955210 417922648 798028898 804759883 340155811 646399156 18724328 669094723 690942155 96786904 531449498 859850587 633491530 242884044 405898923 690961048 965794013 112379951 227881474 417222354 960474164 761839793 718312121 481908020 615250805 679750040 981233567 29125310 137157047 388692543 233098935 183100611 955652744 485251987 952275895 35158891 103407720 61828244 87117450 353609778 688515404
80466650 31171534 59713639 570192155 819303694 163768663 268347310 311000116 664285036 274286762 202735743 24268775 42601544 46238083 328301733 180314359 147465861 874364495 216824255 163993119 223750175 235950259 137160642 136552073 171310755 372199427 727717749 457250392 589823922 638588875 172587251 67570976 916020098 69237834 806862381 578892904 538363228 750920434 514620262 830785583 420081695 753280746 243566517 243617636 324409532 192810380
366657926 364702317 274875064 356557031 292738841 436920225 679083693 527151166 421430018 407200718 339022024 791518854 790460583 574236340 857374029 787651820 35489477 664818567 596988687 409163085 836391916 118463857 172876792 205853885 330017534 272779789 586198407 372545537 219418036 27195885 299009357 735686164 424608025 970300694 283683695 942568614 646604301 933153151 183556391 249875096 841990595 94867350 728299843 307359361 811779651 772046522
762946724 676910892 503985385 589204418 150179521 708565528 713630948 717943668 462320162 987531255 661541304 671499023 900371173 959291695 924258236 855060162 277917499 976723036 120404637 455103538 66200556 277834444 619720153 642487544 1218255 865920769 344504133 516237089 522059091 549395251 890637704 847544236 771223802 678933963 76997277 420875023 898356184 613062121 960884821 244383155 47005464 829628384 1699027 475074675 817579895 715126709
735411470 348614433 393010631 447102883 177341266 283560193 940186990 219559065 259151295 301695308 513921764 641940154 941228233 996707247 288264760 622428636 546604470 185151689 439536524 171489290 322372899 777410736 766612373 830581762 291745151 377671533 735768092 363702200 118327695 834662267 633607295 890914001 916337897 204389452 209573936 641145641 338650744 539370180 375086901 458034510 861314814 460038588 317424295 843092738 30641037 858669696
749911859 367417276 262623245 285836114 376961436 378172712 833826234 93067237 115415350 945356195 196719011 593956834 724564589 693537472 854327084 930620774 531776316 952769477 300858509 800603522 35963319 869740078 376413520 825094842 192205953 485646377 220599511 279055239 9585494 738411801 433530067 82574549 622520707 237775892 832226254 728755845 866272361 137619557 75173795 238348780 745987070 459094538 927760384 655535187 280250187 782092854
300688107 288147829 36740335 281021392 804423482 884795395 627650970 701583859 508406041 369370659 251158675 104600172 489627272 343775725 322620979 805002815 942194139 375046637 444988008 245854755 336467512 517364644 642548019 725437185 668394012 81722887 633312554 308500601 69723607 383656958 449076214 322321244 541999115 867237606 299835606 351269939 660614193 204485904 761109787 314664375 221114643 483316800 759120554 751765847 226296147 661959726
265012861 69047221 117917155 618447624 330603810 944682281 745435275 624967150 205093690 979255356 179117671 976907125 577807867 396346926 94360166 999291941 109862831 758352242 199756748 649182459 109667379 114278957 195746480 551536616 417833337 182758074 791137919 345667663 783431174 894318632 439936119 510577035 678004597 974363322 855233069 560559463 773801714 453390438 401653768 980465828 926280127 733806935 446863811 90487670 142298546 759797868
660905711 835064327 547816373 206020534 837715822 626495731 991567941 90557182 106042874 287370187 889409012 788155964 358866076 170238354 345713128 215384609 912850229 959588675 905068633 888216206 392407544 663667785 681080086 974664987 780995566 484852997 913616897 791097233 187648369 604782923 553465742 711000176 676545713 691080933 227797832 510199658 319305778 639191567 532731981 956345318 182527820 441555961 380022221 387109758 904250538 331213641
133038990 45832833 796622027 818462870 646381163 655329394 842564228 74149614 782749904 45229191 64955260 601955408 778434880 536860202 519152303 654978611 649368784 725501820 521687276 227798014 242497961 804085709 194285911 208939405 632924041 568288293 57011175 832990131 467368003 247101887 515415529 639686322 94000186 778610824 59298939 426303684 583100650 8178596 569042706 226297494 499049824 123203050 198035445 138704840 632639676 890258531
117113535 76736878 236145846 802494671 464137953 376076434 941987863 461977119 241168925 556719279 387916091 808238332 373200140 242909239 659966102 878709311 396060057 885036815 703657259 315599735 490258820 781248782 673540374 101421414 775270625 57166465 640836100 858168964 560055446 781655722 457872822 39337851 271683808 627754556 404931714 159188393 790986702 329639905 606065106 699228577 292561349 126945972 901509794 314466218 427241466 735521479
527841286 591941694 367278331 131053471 99835298 492493964 3675431 627071667 775940656 902609143 476081457 766166512 837012478 753846166 312479393 178248248 501786477 661593266 803080275 146943966 83490675 255415626 717201142 671594283 448605722 458753426 262967693 903104221 179518207 914892655 478919666 687302307 440326611 482845949 189510990 537216418 328492254 660336394 68513442 392166131 510475127 310525848 183102786 588211746 224675981 588518494
786301781 181371313 948197153 459972424 358682710 710601107 329033417 597078771 567216534 535323569 244721199 281844018 320931511 629374056 974926736 474903948 312365106 472502025 71545150 490907067 22189010 379432536 39203871 300811310 630548279 560571662 51348011 406701192 754950741 474366039 66960113 897220638 878083570 227099221 897269779 591931005 562781227 840407195 168792005 997863907 128862447 626455218 486359890 9667009 694174850 680049303
777390999 59716927 836194300 876280635 387991430 734846904 822506440 291928834 166823589 62146873 453489190 82781765 259666828 148621062 332396457 750513104 966837867 637425174 503227833 8901988 285449601 886367634 233839377 435425846 638539686 466153306 769561666 714874734 708471490 138577024 988469807 771062441 775002195 656552394 945210511 550638200 549015532 409737780 36766831 973438175 215395760 369270124 120833197 19142103 289645275 200630869
395543166 32098252 401499193 660684676 627139560 699613727 47021741 463092678 215173705 75620773 547850668 981358744 360609486 449708326 774769599 527637165 917462781 989690335 527110405 753090668 951218988 468219904 559654318 538891888 129317127 492357423 155836033 806510086 652373518 652678916 241501527 718143410 786977300 602894219 830712733 598858154 938153409 366826949 583307478 998583897 266504465 422664230 863295255 943036126 933599187 878450968
578697610 962421642 295833644 630834039 961353963 14455910 538118417 983244052 646571022 420239275 182896848 220116787 484786263 125511 879967624 566663436 409429056 963408991 369424299 540357197 50715095 336372167 513817219 564256150 648838461 676573836 409254571 533998843 804818216 599530859 94600850 995601542 214712161 368117847 265663740 92931763 646961479 86729975 598881664 598969075 54604363 282701093 228120842 19733545 616713330 507476848
544907355 32825648 651578070 643506587 764476548 153138514 838280229 729515804 483275631 972190418 245681440 243191198 123611734 884325732 657693982 813767039 19855946 780929200 579213958 79867986 442350765 721770194 956587352 88042335 899579832 155151069 523630501 588849694 893536502 49020243 478471699 205135552 248558535 663790254 550041690 467368102 965060062 223045083 118714313 925946087 374485444 648700602 45320129 582746831 908960595 679047327
709505081 106815578 945271355 65670356 715675193 388496061 52992128 458744597 174807647 387983070 627420921 700064786 565086557 500868567 416038355 766256624 476273784 471517047 504541965 560550089 290937867 563603648 863548154 321427751 151038978 842355306 386115778 949996173 512557152 167877471 180839648 625090030 897291193 797597501 578204581 339092532 677398968 667131607 716536244 33864378 714182554 738335412 679972484 197099475 513704114 652023695
20058849 35896641 489773795 320692949 704436076 316221630 2758441 552145194 515033878 471751286 680035856 619543780 249382825 262494091 957113403 604586638 871156287 840306832 113922783 922935143 520680393 354988047 306812997 16971744 631873929 748693251 844431947 703294498 801628568 463057246 148708068 729227910 92789089 760326277 209320595 415698970 219665956 922778063 158601972 712293667 685025652 750405897 226871092 750892949 566227385 997603572
707238036 899506589 900015279 669489094 900439273 530898456 761010149 872847781 502269215 862716185 73566527 534674735 923560881 903791719 264203125 688854517 810940211 708804604 333792402 751474427 644660937 196321927 603427445 59227962 862689453 43818475 422750035 489503775 286329005 480198590 519900211 378021897 692496554 67316683 851249009 377748686 57934106 396886160 803547451 979931703 998843782 295830465 979458583 315462783 531962637 997865155
782857563 978299096 539564767 129021746 40185268 835900902 138605252 82820955 396102560 294821953 53146003 556127938 448560115 653519608 336645051 457701022 137824342 523516425 782186941 674277976 249313731 597134570 179605679 716493328 534221579 77701891 279298235 647386392 901660496 741660209 12687262 447134839 702275723 998952773 242531625 601240935 351767047 181661827 84219843 378656215 77405412 191336996 174481126 648436969 262945941 275295956
957792670 806799733 243808098 902470196 991201037 621620869 775046375 265274201 777261801 901426647 259295891 262638923 980078076 312186974 874065450 252156807 722149027 84714177 31589444 219915902 339750736 256295387 645273803 344651796 73172745 549525305 997439873 970575393 768728550 84388255 989197432 719091955 925669270 209730947 124947608 21774283 980853211 581513104 601306652 536282459 38428937 897570597 123178261 544377422 812818059 267379924
493493222 483155392 719519071 492089059 16518086 603360194 588880021 192374222 564374849 940144600 725011411 111028931 753973943 908603770 494727124 272184868 404974300 981908630 635007204 104443401 113557302 923562508 528963942 542719675 315272867 140012593 488564302 585900346 995930064 665207629 29086632 395519929 246980546 531086365 741160207 508283420 278848081 83053649 761638454 160015489 615503016 362535695 133488483 606714804 737532871 386204014
867497455 23190969 558404353 185227516 199584967 75787334 69065342 210741305 404602606 166736710 63670714 542743322 882845177 731152727 60401668 628241287 727855761 64053325 957801216 500832732 647772917 805302189 882990886 839802732 911291765 545698098 440985152 603613433 142056184 731964748 304703472 648875838 613160311 188790172 357955624 656683877 839874175 772486010 671002032 882993553 245223859 961043567 418716835 911427414 337192264 986849467
931443954 343069244 895116936 322738128 888585439 83193919 696810063 793186517 856908164 530199122 123393425 831776548 176257354 696916183 899264978 541615820 582043250 623191592 674660780 968250639 542247823 102737170 767230285 557140709 535131658 112530261 204226806 307130744 835503261 139698725 297499517 73545382 481658841 32804012 140998348 118252418 771249312 519201413 89657952 880907476 397868715 72162371 568137162 694551956 922446597 115394024
29703985 879358834 65400461 705418606 214479823 385296209 82523769 979286338 542919792 754320840 560667854 390124739 209537014 414099872 461588713 660871368 3282391 45680217 145617913 890281495 309733533 151457956 535312770 641874927 750519909 54821610 857666011 658553471 381259105 559722948 947817649 931342700 874850390 309086848 309344130 648670287 306696479 316067235 35856419 379917109 456729384 960412514 223262011 461151517 40813043 694998567
164735685 145840766 317708694 848259858 337053842 329335230 377065787 98033781 994041028 765222843 371647392 325459031 484082773 898555974 701327253 535650546 721669518 49259172 393143424 940183350 503889552 391311372 9608412 280240964 107907534 866290731 849841845 576131827 125301393 656627618 932703789 786697806 152088435 229604487 867659771 398701075 556021476 437028064 609481191 459714614 981321641 382210347 74112847 431621212 442259799 595068121
531061670 578325601 430331612 915039950 526476015 163938514 832190711 139041251 902025798 735339891 571524795 161459045 485913687 41945531 620016144 213090707 302860773 731294547 298902578 629772835 206386245 640056475 973020720 70045373 151582688 394440997 22742894 432192894 451534517 16302648 828533284 721277815 538402516 973898062 670903772 973894956 560042212 678288534 690540024 208362262 222169246 87504243 148568617 555124769 757346639 910810875
962256121 15212079 468787290 315057272 381758530 263573138 484757940 211287531 330062261 915555990 141021286 209365636 914168661 974783477 536360719 140375339 658664953 349304161 299275871 680500987 311927757 320799997 33574301 50387905 540479185 353922276 482910498 259060353 849562457 82337185 750853852 162543089 460774027 139845813 762702540 700564221 947517668 279882005 479239560 340202305 779087539 743373737 331134138 694459794 920992925 382858190
114461087 964979318 482158103 800616405 152888712 885207718 427867631 566969730 816767068 675071379 595216580 486340749 360892181 225962975 929947529 853437221 45172286 937286111 185798150 118667368 216758396 950656032 201860439 707418347 458072834 575486943 450409579 952198968 944047131 480839567 572735110 865174091 514554276 814471511 963434943 499360277 540010894 819186066 769297795 420401146 330545249 742353741 610866960 715128146 706770868 60819148
744796155 462330347 325893302 945396229 175542443 427995781 888517800 924796195 992721627 736553813 963105633 18912516 419168796 186656387 235454409 405117372 116591696 839862955 984557662 167959312 877598256 308671328 672375730 196544764 827544520 788567973 441112298 696954414 23604470 376542322 479525953 533595272 715610606 522527029 907789699 934565281 983492024 309734478 296393362 894020933 54666928 618171281 772377573 411079665 753748230 642796232
921705220 247048536 142706492 742359599 735312141 618582752 732278955 988998902 561818930 279265830 435035134 27845571 858074425 635444598 195269556 591127341 587377658 990722131 884043938 99516482 620512741 661019125 830686319 147601666 855085945 277012422 131527191 443525345 231213518 805323236 428002409 806255433 414352140 408432035 497495689 763771926 447092978 234443272 736284270 198781976 943976272 15058510 939012453 156165524 137562253 930578021
844870284 76436675 410524193 900687726 184210264 261870162 85659932 905905216 912264208 593582561 175455902 424373735 150865999 159705220 579685469 548015647 654983046 307023173 962814754 266917853 453663607 908587423 187692364 527542727 717918907 377901573 188424523 288186038 603320125 163311705 984838694 322926651 760606909 205634677 177767414 663233304 391407951 669383846 1993321 645942211 475319257 442209835 770828096 35633894 791943320 570034618
794693840 656885217 698245531 6796284 668388485 349326151 403875655 222942733 929474395 455242077 963472081 934251005 516727395 606583966 891189959 948189521 374025028 551236665 626375560 963937666 499794103 939813009 439619015 938286716 967252746 591958460 165227788 413227809 356244126 288198149 915367474 147070916 586310762 836583531 75413482 230671534 578087541 820134687 220300087 392556701 742842975 274721290 385316849 830714688 551331801 768777540
522351938 538124732 554235176 613389214 742211627 2077482 945252774 652315929 910458880 949479190 679908417 72105837 498506472 416356354 564424187 653874307 240131678 320440801 690596968 77543163 580986803 403765404 786638387 635216039 429142665 421735569 563074969 773127950 815651673 157702926 931628780 460002794 395464174 962867930 594430225 377174442 321730024 399935661 348976642 384322033 934585147 579505588 724822862 346227221 498969773 853093390
311296660 828371873 308973659 634514769 714695691 515776723 213633588 76811013 531828989 750420767 4354684 759482151 442533960 407347626 899214411 765319848 255726812 104131023 925127180 497994220 985512511 650838942 303565822 672692556 18665228 599476312 691191478 433033108 24781679 285100276 210370459 696471685 356191659 918110878 90984297 269451604 576380052 242348850 753668783 93966633 751756821 880312261 672328785 305100706 874299308 295537437
367441926 680129869 595590377 705936436 490983643 122817073 179154931 283759289 627107246 989716038 707469826 647742350 225063347 978751992 876820966 238588235 633549555 478312104 656826495 773761210 585722568 20509995 453700930 657593689 661726307 453606473 703835323 815822811 865894214 374018879 148933893 654876327 215607242 572519486 901599316 406547031 257100699 311546089 50696043 392757819 109326391 681773275 460317734 178708692 90677106 582847007
183218674 89685081 818467316 998697910 794819152 712759093 765980601 929053205 693345622 321257094 290474128 64557476 33029677 419209888 983823517 577750336 292148628 649380745 427714776 654325433 696050267 386583418 857291148 348989269 282201065 567330148 576794328 654851659 527751863 478073704 803492145 663592265 283851987 593602910 115902430 538286319 41731678 197521743 187923835 186545490 206502414 496240123 748022391 18461818 875356589 496382804
390016918 915358947 542693528 462778625 967743087 665334784 966728256 766285020 805936622 466386099 805775020 495482229 391192276 746121175 496678134 640211596 750397490 90586295 80509386 656875418 629840370 612971923 928301546 358512713 563573582 579662370 67188908 193673464 59930455 540945931 231631482 276352312 957432175 493134187 873931601 195145809 245724111 645270866 507582275 109127614 810900994 208943173 522261237 654338476 471366504 673462974
698623521 940808575 374656436 529760167 570380821 785518158 924427119 341079267 316510259 106622818 609562226 225849286 756867183 317139643 607486576 377574807 411124692 999134091 158266218 665763349 477755135 676964024 868245560 361991151 801752738 251153246 360322823 330926923 417954819 356588363 304220118 427583040 520971642 934113666 797411064 451241819 685946614 14937785 991864212 982893086 412018809 171742170 326154792 357700988 174343831 196759686
270132994 121947743 783741692 119813005 252046534 996747299 86708451 415465335 443799275 927704856 450231711 700033790 405811261 597365507 314933526 315452306 417503581 814487965 925180992 474255316 642269500 100450067 657017261 357473307 97674148 617881220 328261116 215760114 325978543 932877958 635125861 940397975 468743245 990010786 370409776 56733822 330623683 564378835 970398268 73052621 100074791 366369803 697545593 919655389 344240869 129877167
951619950 730911167 209331005 88338966 118377908 39675829 111177666 106437645 505947000 327377844 289709276 784259926 918391293 409238505 527009863 185276964 879814424 90378545 302022034 508509856 170129842 115661215 807255201 206581608 224477770 864379642 317927468 381159435 384072560 243801404 716010558 568729486 333591115 669665044 136547510 170340586 646446356 932810853 580316617 130904459 650413977 574254277 748998782 761214418 158001595 71081471
396950832 882740628 895097840 715873937 120971280 670748826 69431233 316917294 156086689 807306527 153021517 164932670 778903354 356025941 636531397 321024089 590878600 177927392 264876270 187514064 709051657 674471769 534432162 174876452 849818257 293658828 558921039 402011789 767568841 43658042 379603574 255752820 776377259 999351320 527142957 870170361 899386120 312886990 384556702 971234670 416298754 1144122 480068998 786987225 599615890 398552618
231870647 227778678 157148675 22335461 606881942 138077235 833931125 247497891 351013021 506097459 130146139 166306064 741934042 382719564 819385341 874230989 372429167 990411912 467790583 633871599 301081872 301610920 689322936 241077374 841713544 910934172 100913156 440138999 117964084 89252364 663764083 471678155 739999366 533974738 242184943 313506270 166415491 255390334 738988858 454615561 329320774 510071761 421972326 81105304 258258555 805654338
184460891 528533452 528927204 499380092 193445972 680531802 415848920 912367070 221172578 237481706 664004031 285430009 646712808 513465241 679891095 807498006 747436317 605874039 144985970 615561390 851890061 200838154 564126710 678201583 97226648 319803081 609774299 128618046 671883250 911650210 627231344 925390512 963445281 485879669 604408087 226143375 570368770 483248279 83692997 433230555 353103173 386859856 805973635 188297158 338110956 868537949
827604719 54239031 614907088 11286894 887753916 320557384 621311260 212919721 196959277 696932040 230275536 525127206 631768222 351973818 308024895 260602480 103394555 412354004 652024465 425589002 447449671 620640001 502348866 462109160 398485015 747704800 607868577 118736114 376178964 822171714 101746514 731167365 188006269 873977264 328947917 630072305 865713570 30970850 22999772 564194300 787524202 878449993 927367969 217441117 96601550 523028870
645586830 400659778 209366876 809401328 606246634 588153290 25889461 709021203 525239635 945955468 211825167 462242860 531253943 202870031 856672947 670563758 350519129 706574671 706898816 493551039 113415251 429025343 626707302 164910523 114090510 760223297 610773484 101973424 210083019 577973679 83781035 917563105 147062045 2515798 350674129 223113796 25480301 885119734 220495263 460329220 794024821 239677379 580740843 920308479 393690309 361775335
805477023 583810888 678149442 84483070 55462968 2132134 401732770 164922264 563573576 167709204 208953841 684698554 253987828 680831807 474905614 11979357 809979766 559467787 133242414 540120558 64197276 910537742 829312089 1442253 522851399 654237972 623049704 2428110 794156014 766588825 498992141 541576122 471068696 470029394 697188939 800420815 169019109 305989028 269831930 969105724 746847366 328584235 845927365 280020902 657555905 691829557
528838187 565571750 693507182 214061381 327901697 59310665 896337916 729738384 429890542 694890382 48681452 394461571 78085613 129025772 559647829 86697787 336707535 429009609 719912031 691098123 845665718 905618436 968052424 719611898 370155164 212861548 886115426 597916994 615736010 49515846 796015250 316659922 126962273 408834507 904778707 289789133 805012436 293240231 802715697 522569993 388284524 893262716 393896399 212716433 176404675 399033693
60661089 712572708 294895945 587602259 575630003 319443379 869255875 188155355 262738720 979221735 244360390 890427494 596882971 722981528 767866432 967589336 328348074 853087575 476861424 403904266 890559205 56597221 301726441 255041865 6751868 918942906 82273043 89311956 255040303 69016703 788874666 121940833 598519379 100349076 716962237 864712344 7336020 827483787 831012016 803144343 522790189 544953259 476976314 510596204 171515633 776281966
523480424 561333918 173580870 994604035 183235608 987602853 208855781 506962124 26392703 539151981 22439964 545749729 638088996 72194776 240149323 12432268 260643298 146599481 964188778 26240715 726519914 496960985 557678210 495664594 641736383 58684277 373422127 953633158 363945400 965104574 296841765 814938370 307875201 971933912 77614504 407443990 785462810 533424859 883836178 268753347 772086743 214077013 505397841 226134720 882632158 423319239
732331366 12059128 367460012 538038051 920001767 440313610 552078992 788141141 422238333 761746120 72721967 620916151 829491047 846464952 775211774 893566874 579835126 69755030 198076875 255923652 81257231 849953488 678112565 585489389 969855148 87829768 219046959 362333761 34010715 512007062 255630977 207124449 257420989 941364484 976143175 915004769 402095880 780920464 977995120 429781836 751863686 973513389 390679616 575361180 195501588 626431362
973626318 612735298 634612388 524772201 858827143 205852324 279593403 824921457 893766825 350688793 472206579 140423645 152757961 235044207 515153786 179783843 811563598 336766822 152626834 504673262 327501555 201208371 611654159 9850013 179257929 703601662 157194460 158674114 688041010 556661604 151507830 236200995 693555047 692934645 909108335 835467964 397229556 542469303 643729644 798982970 787312055 311960737 255825192 779071874 772412132 785850657
197037807 192550696 416242819 650864279 372871716 591795704 644968176 130680535 347504955 641451121 376410203 436309419 221609919 40903237 829422406 535420751 677221069 826074843 428595466 244667635 906753432 85166541 203220050 74658109 324909027 933897578 145359773 469771460 856078474 902239541 748705728 370256022 658841081 565199972 655346274 483152563 670427827 539264098 8075391 181898383 517971916 926906189 201524966 233690004 504693104 836854392
119690427 406829982 938459994 975097067 404743669 851775357 242726237 266061278 357996513 702095734 97824223 432482114 333943709 576954819 347685465 629454904 736270494 345816334 487917528 507966871 419359531 274937082 731488127 209575018 971632863 712864410 61902083 978871408 457678635 49440504 31076141 791342747 484521937 783533968 419747420 440960913 79612266 992722642 870768896 131139118 150902241 794838691 47683616 314190848 769185014 434422492
819871189 20127178 372723901 295138250 921121741 769416705 933229596 869363884 764360649 913156946 963747152 546922041 991704607 166364442 859729512 604263191 283360824 468774892 687734216 804797029 962009875 580570639 395501736 607994930 654946241 587218941 687306643 501493763 104521703 225340646 80052457 870818641 340801599 869804843 925780829 316041224 195417367 126781667 150894711 408294666 207279824 672619609 120132882 930978986 389694048 58916491
633503711 474727218 146218449 379328941 453098977 72199005 515854016 978824100 661570288 468043997 466300126 968991884 950234166 148386006 950804594 511164723 482624180 968321121 277856982 973738907 636979134 45991178 575166710 479169916 984388987 888406355 22252500 463789759 962036582 268053295 525556998 665691652 458150096 347555463 439536950 34162973 915768667 760681401 977689761 626040721 193757056 858795540 213494681 813505306 564013322 647764573
169775875 135110695 188994457 317681484 720953050 387433563 24116001 706116112 517732010 345433868 259687016 121330887 795746325 520630725 390835083 919728391 842151250 141023940 163235961 648712792 621780393 128391036 694382454 919119544 64130040 785359125 377440154 100844309 386574641 209518311 110202704 237127126 38583002 915700483 621248215 818897747 534960523 700753578 9840324 60249688 44553075 800104659 29274238 359663782 674303700 376827049
800125633 967318898 143768707 548081163 612356124 967017957 4067945 799374347 622396787 220124058 996864516 855615856 45531261 599837986 405791462 796156723 645980743 547269251 281620789 601596677 180725167 635261877 816164906 804056520 704063465 870518564 378572434 995361298 303820542 579184689 489331024 54099629 781382216 562083761 976936921 998568217 710258936 663649900 822928566 791002633 685511312 387142559 113724422 928712674 21995369 719385467
765840377 532878143 965844783 651639203 63108950 67792239 806669663 110636978 250197494 366270197 22451152 820234675 689227078 346743304 260196647 697813159 173574345 75170577 370725729 804502787 803618964 891846447 165332045 785659183 453760977 376347830 182646799 433273352 662629180 962525611 445718431 418362718 955039145 192545354 900348744 594160759 276143228 320767873 734950697 102825098 343436847 731186034 748738487 578999109 664483535 339543029
577258041 367929672 195051648 432426259 923905355 469291176 816181237 860592012 848047964 560995181 385678584 62171986 263849776 693364756 141784808 648302604 637614174 903281677 879469366 962066324 281328594 529585214 635308007 55039097 622545484 795403134 86451221 80987262 684410592 991941915 936761454 340604185 979498869 86258517 938264499 244156405 718907206 641542112 261842746 559179632 518185828 990824038 553080173 261802782 20474161 923629827
86099017 508257348 400390886 474085063 797218272 745054301 451254286 835223607 609888983 758348697 766032905 371247053 590327529 967666009 924025482 578992243 900227938 654492341 186871321 886153740 844669348 199559926 350961298 799973356 101874598 158605340 932611493 170711898 125487727 288583512 948658004 408173589 740004512 128730515 280660599 998152396 321910504 662432742 589699899 971394469 492384909 562562080 441210271 535425719 623584234 991170884
386340341 884405391 490434283 734814727 839885159 671653039 727611794 764248406 444223088 848072203 936527990 730830030 647814495 837753738 485403967 730768706 764119768 173086859 794166059 922146106 658091602 330966365 742914444 660606830 516156569 783569349 701115464 234380622 60715597 452060028 915875416 170536829 514762850 520778415 392093769 20738641 328303775 65532029 73085118 451407958 877455391 993372029 508465387 698513096 253330386 335918133
276966172 122893340 926506237 448811940 170389292 939563127 133159862 694602681 907750670 385982517 86411625 287505369 813469000 746332772 569996630 602854237 143513971 107413318 106457360 798481425 799136445 632804563 816278783 318229687 24433254 821207348 801221343 513137026 133270086 444414281 433093695 668757659 749567302 831656228 328546563 719430304 125597666 254198924 246019043 313529632 877935790 124256635 61638890 537224480 510278350 22228129
689286135 220498841 333210748 927546846 735904575 545502199 112386437 10880715 102678473 34779291 243536844 416322354 152508400 784000858 633412038 275746706 974689253 210456573 466353405 237389724 789655083 683965631 157864590 963506872 414403609 842805970 577294762 514648705 789200987 383919834 876922392 903150917 563868018 779313008 262801073 813704326 266445871 781179296 799651811 172797307 278333500 900852075 270317616 458845072 537241235 896401990
347260588 278837985 160936452 637417882 787043713 464174787 621568436 131827522 641579118 371123260 607309721 544107023 361326404 743488134 291391743 54105671 418498152 647654800 802082566 130667554 330163541 142087804 489863457 910848076 787890455 109167138 193488280 438307942 134146256 88307084 315258375 665527685 94682678 93957240 423302109 884570290 202513939 772812250 295792350 867963240 736490692 955806295 352807330 865171992 830321851 619690698
995946515 4927144 341340413 843529410 385295859 683597040 233850789 730834690 113380180 204641596 513713247 11274753 130109725 785466061 753129710 799772776 142668684 105663064 689511846 733824918 893771951 937756293 297590770 519627807 310231273 954065009 208769231 688063049 782003572 803230764 600306511 437227149 891061977 60612412 642621720 812479004 331103609 269356313 676314851 371434840 427859464 998161839 155262717 210642518 243112460 584942047
475610057 671318371 986919010 380263933 961498683 39371644 153779642 968402003 879539806 863992532 700866838 814209949 910402512 608605010 96628303 416667532 350254657 441083152 385180304 478396739 877252600 181732573 217336025 337095645 791128141 801845436 506306685 375250661 663134256 942627427 528253860 742211291 323683489 42865597 658606538 991882678 143137589 778152296 480566846 652575069 946885272 108573496 548030116 129266733 114875653 659594418
908583796 472870774 842809552 914786194 136296568 630607358 557511901 509261893 226707282 679218300 779931430 817298544 656048627 818509342 742476600 869896551 273903397 743093508 386462390 498401462 332128003 97117378 351390677 889490588 380979068 210138338 597358559 46496907 214820051 679200608 46276528 299251114 826528289 608577324 357462588 160984915 388085714 564118699 879276807 79562645 729566244 286899255 888919211 539889587 67970475 27636890
433177430 877656226 703225296 789242775 916863817 983497103 332676429 472366689 95637850 378923095 493150386 678618658 191650163 965961230 66383588 947650678 195393296 647648121 361259417 790321645 69505477 710099347 633516508 269359244 132197302 829864972 868772495 689478220 218125341 228392389 262670052 19797914 341742024 595621205 645599972 293994966 850513817 190061447 966033384 827272660 912156420 292477402 15745314 826718302 703056020 302911744
603780117 148004015 154331238 290844511 111889177 152699129 864655020 544034195 420677080 93036256 551568427 610206954 848986068 965746686 551177917 122719206 10561247 318243421 27433936 818442431 120060832 853051648 503014630 527129566 231137813 306183258 864539667 36244579 898585612 609559252 978251906 520011425 4898728 867755852 46202096 801482397 225897954 948714897 168740911 775765650 51652870 898069736 347059109 144909167 559201074 183376010
470096330 964793687 408633050 482326051 744254126 158724640 975970631 45838933 702884464 820165589 369974035 961882419 727440840 480818484 42314926 831529158 413539454 145280049 81466076 946346892 75317744 694169201 411465525 624268532 474894736 614238672 364251300 426609123 910422884 582477532 803289577 490038578 109730949 836985687 33761815 485646893 85897632 396657848 991077654 506226453 250209656 138133163 975142946 536956831 255289186 766248845
179882570 156196212 776935367 225936624 129993970 178269359 582965413 580311069 916663377 958916194 289842191 667027085 263948276 493105937 214509225 377243759 677275961 588099892 232777260 847790374 875752405 82151866 358337512 827523528 342867023 778113153 907372861 417483168 268883586 666659551 738441761 890973868 899351583 309381660 716598685 425784351 365130025 965846005 826291280 23460064 741236855 673050395 116346602 671134730 117254709 929733554
390369458 819686250 400359523 584999378 639540225 531577860 395134292 968258058 765008069 237411983 196516401 951979992 829972735 989118964 622216052 956750386 326126405 11191763 457598829 569049088 199968065 10241789 434967745 418225823 864750639 149402107 57495269 125458015 688443235 430779270 738917543 148855046 141331137 501979917 911840934 948804172 52535107 673471282 81401301 744909917 644708727 350763597 426025468 915478106 191788542 832101607
42452023 700978904 546442255 176523840 156836213 214523487 566934513 308604107 963470074 198207980 13279108 320128685 885499101 850591087 519716537 567775297 527976587 266805838 480391189 214080662 281535298 138050528 226146611 967912431 616248983 214385651 535663935 539738690 336851697 133699399 19740027 235295162 167793163 581998097 450939837 122917174 2542454 989267065 78051567 279352007 281799956 46365980 789613966 26841654 654036382 189847434
678761004 964899707 417307935 433152713 94582255 299315015 227751799 457262544 191587087 340970875 356499162 486071309 359200092 277783983 692551246 371588576 295194805 937480108 671375920 231572766 663685010 113748978 782004400 966188942 448569723 136331827 686320720 288602479 356921230 191517142 517577833 10216945 220854013 245408373 144360869 469095863 726527374 155462239 42326150 397851483 991754265 837599511 111372766 680319978 498868494 979163603
298215765 583286628 513542892 782973437 532761575 810369853 40458443 512189878 605644387 990839007 416228563 334673998 103649261 699542566 546432195 689627853 39882876 299410914 734726763 111847534 409190237 160576600 753939505 789795102 952831918 201679810 370280848 788175361 306346212 88452810 68475285 181659118 880382789 623998739 595090785 471258606 139482223 232529328 654554793 213749185 516750287 41136043 900489785 417512536 483336491 910053504
814689900 294362204 982778649 300598943 364790710 686371494 376895877 808694765 52037915 940841669 113890351 23597635 862230709 907256699 651351339 575625710 872206385 182130496 505666399 175489069 724540242 563925182 903206152 491157431 848859245 687449427 916198453 180662066 55709932 555686802 144739658 836471741 841057228 441593282 953614719 371760487 446780446 518435421 94471007 106725813 2695049 12746386 633744202 724583968 852543686 124486340
717709811 92149909 547015203 188471050 457655010 7213043 482421761 703110061 555328754 897960592 47802710 478280620 878722772 603841205 749441580 660808507 953682315 637387037 516595744 915281983 714067694 95433594 395300068 910050004 94164010 389545712 995608253 552870343 140439101 958967960 357588741 557706525 697330300 336061951 372385450 610493066 133391118 31973284 190154925 214396923 658583918 213806461 199921829 614138381 567093485 152942451
565898042 589325971 658782509 188058593 488853162 772733204 704079015 358605849 118926662 289237834 145077030 332285151 89139702 620318628 678236234 978114284 273134769 20275140 234827270 633839468 823403270 281791746 340878627 612241024 775134359 434330344 798080955 387295165 63144344 152580021 747837374 239741611 670219092 485168346 78656880 551818568 62757544 929076607 939087849 661914242 123777158 49907455 145469844 514303680 941135476 633823079
694403248 331679834 650322187 907702267 261146066 993454620 100615800 10334130 846368353 130431432 955502845 28892085 492437273 357214353 289117041 543460836 261768841 87138720 230419900 669260625 563891093 935349906 290150237 363314370 494185972 380024312 913548772 350438195 81341106 287168981 548712311 356430418 800946864 467329060 594439505 385898242 511132447 474989392 802101311 41063384 550742025 895703738 132350753 331559329 220009160 58964279
387297647 429987290 158264461 850271119 602850225 962585910 683181274 709354239 424463366 597360668 881325064 420024248 197639838 733902119 36842946 399502174 655419456 45883812 24738696 921890185 668357 143130135 257122606 109008967 424707995 185878198 697528666 323753112 718207043 250209260 204382217 848579825 759574738 106869464 206464266 663198650 888823412 189735883 195404929 463864784 72011237 827661518 419879782 633053443 785608694 945343514
803667972 834211993 480481294 351326365 895847546 854793161 652311206 726506620 846094653 76763713 345267148 531496331 794104212 878874785 548376993 546431447 181786139 463966462 310646491 401208349 774361921 390621536 349652804 122652752 596563401 424803908 695488569 363564055 321900365 551643418 710941483 388081996 847162038 84145864 855092769 828558974 246929605 595951653 538052149 555763056 233807502 763242623 436311058 734240152 134257144 953650710
271191677 822266528 436363326 32831646 764938441 615141609 590671472 744474561 588479329 534331395 521500147 707859867 135544386 68966711 333542141 846535484 341531517 36508157 589111578 798910762 628074938 455298182 136754602 578722268 223444656 309454387 276693088 153395776 168409518 367542811 55025604 581436469 757839382 873946505 420853170 360520466 294170588 212685948 292798937 499937310 190366219 776797734 750616638 971265813 834376000 76073838
860988342 809724585 61749293 416043886 460334703 439844607 411686935 698711029 365172839 701892142 118464345 457878533 990609907 549550276 180698591 537927254 969363514 895438400 323290028 979625938 259165624 316380057 294048596 951908887 314351292 797922741 259965058 285546488 865887721 254473203 661927028 882370556 285279929 39966882 187989626 211313886 413045749 312801671 826994298 448269835 635256382 893242971 520890735 100004903 643284104 926962507
758018533 696804744 237013146 771291510 376866943 192251065 66072975 682910067 245927026 361156857 243582039 850099656 795262983 732391097 699275319 384784244 980081437 773309986 269613893 226816102 157210532 541692301 527229677 797995523 234617891 89312264 624174702 11765156 515971122 631077848 758765918 302927125 740711681 750872305 878103074 616367896 736562128 487204736 554337399 861195232 84054133 577765986 959791084 692116887 415662041 814324650
392783973 347214040 338700411 99776287 738535578 406483765 371684075 54854843 309998741 957655986 580580944 732369709 545744440 456410952 166532835 154416728 392752565 795855715 747463282 344847826 608826900 27417701 250988254 420939110 245329840 320534561 517008541 347947410 127337658 374006368 686018360 126465546 746839477 796564319 254505934 416348723 930939896 509654095 27177872 940496809 241095727 455841748 552186435 999291577 360504027 557320839
478037185 744979175 368747213 914551668 95643512 731127146 689721263 249646236 632832233 593169835 390706811 963717492 726062634 355397578 377229313 87321445 979401573 482107161 120057190 100685898 47203927 368281247 553107616 938537717 587423441 995265430 916482299 305296298 862549307 263117804 963462038 815181473 677563660 564687558 128253415 123757704 748762963 93189369 386473011 44969216 420963633 375417744 847391767 852038427 249440349 132311625
661048578 956018661 811678111 429825047 313328312 678708440 983244117 109670817 192063952 233684581 118766577 471671746 830063671 28888178 52760696 110616071 209164716 597963479 14057732 922022196 431226433 581153760 200663364 925354431 153834720 789845198 939530487 413873235 855534020 919767126 502317684 62281295 72184572 558598432 608754470 502730309 664520427 764398665 152613384 30149755 94700747 720946657 463643181 611834221 131312421 275418478
116576570 11801673 609544794 873810536 692639722 321957745 891718430 874354875 723965577 354682109 850285303 509224264 989201274 796623158 822492866 209263715 235952050 131021084 885210415 729530966 316545850 216438498 511954240 67977181 272439216 474046572 100273358 470245545 239592134 237574616 118051076 175993309 502033090 850258418 694626530 264502932 455200509 950684862 248682427 13093465 405509732 22679538 997260727 859901357 636935674 87703929
901345362 912048772 77264724 810268145 46883547 985880776 362264347 443965230 909783798 536464085 147692430 461053109 469230874 420384251 489073917 28977217 693083412 705534208 305600591 260033602 644097155 28124827 918750589 380871257 335783769 720000506 812400149 336403934 999839840 743855421 41906616 544036442 674835379 461706744 413098651 697310221 960338752 817744821 595506186 937352297 620536653 979344496 955652321 825994901 980519152 963013401
667939345 788772331 461974678 148223510 144525089 696185466 428359805 855218110 196685994 260353412 807458617 659009246 63596762 899434497 335178803 71950648 4530674 518874395 547986981 76018688 684541640 724597936 281599903 911794269 799691590 628135379 101360518 113337326 212190953 104304459 81604495 163846466 165087042 586215443 690745544 729881182 830956665 689718744 526583312 544431932 127177157 253619070 939400346 155783750 446252021 449313180
182643310 866287839 494410218 745016571 173237480 664858586 596896538 334980378 608256823 255818241 31785999 309257389 416729311 364917391 820016870 331635226 660064312 720540086 395486161 757248507 162911980 107511067 754391445 568937886 255155837 912268373 4395021 194791304 168723645 70284145 66692773 42370030 198277715 90183025 137605343 441781562 302824253 207519944 763198674 118839436 931301705 731660767 204536230 975319094 484393114 208545172
275699737 444841535 438870057 873878966 911274749 26671841 71789122 593118602 320465847 490211596 922913539 693790281 91323074 309015265 409957600 193608095 917492778 851964983 904196898 820427822 294727698 919413529 728537187 704913929 249823534 147219013 698607379 231195961 581960009 729550767 477096438 923999804 472654785 186146556 767559844 590714497 673145350 950003208 292734472 611624685 902863903 999038816 939054818 662981209 236504356 931275976
285179461 169376785 782751685 138180023 798692889 315883094 138766017 685437910 414009754 102528733 969338736 902420357 742219223 122735439 620398138 673327190 514744884 671273927 918711582 14222736 827108072 420922711 547407916 485498029 226631040 495036035 543940107 174405084 322082138 976657348 672163956 572016768 804884011 236139014 90034356 415456175 525087354 716409130 192953390 153621171 509786658 227564677 32066775 101030797 921223892 817739103
394095033 524197229 816345235 686591861 438176112 387680059 897440822 374831480 412569264 789721618 510815721 501673868 299503805 776770495 65025964 321940938 269711345 215347526 793049554 268993214 876521017 22764381 176770436 450728425 924099480 136291056 995715388 51162688 512851107 925511579 423842634 547252907 582094084 520461875 590735954 316634247 644583928 907849021 291439052 129372709 270431441 240305013 522406019 964057416 735471988 416526921
2618647 245109163 599691483 561519708 467972219 366223225 515304340 835987971 146985079 524671443 884568128 423135179 390502439 721942862 663419925 11145457 206329978 323622002 713330013 887954408 729641140 861730364 794011637 481145559 692362988 816637596 393341391 357159448 980155535 937850104 988230512 956283067 211782363 152337064 951065714 553824513 342787429 466679159 21696003 549151457 783060115 980872744 85957477 583551622 905092643 386535151
169051756 518224590 664462242 792243700 468073475 570774477 203982582 283483092 281043623 716151112 158651605 45021727 915263722 259398459 907554123 941183963 699972081 561210964 334057528 204380159 410744823 785874037 856012240 685747705 554465480 300324661 130753305 335253545 210986566 984132704 231172208 159853156 524858088 663743603 887429125 832035954 658801206 747776289 315235930 267613327 742749006 707544528 980485319 61694446 848869218 281040924
304592377 542734641 349923896 364665940 461471343 212763379 824124073 214393848 321774844 208118334 92429090 458433089 809023816 607070485 532808230 497624729 119676495 859146476 594328777 119299870 728843488 263472426 761217846 403015460 427380255 608885166 235580203 691998128 439326211 454675783 636824696 685242877 985219545 410188859 534360964 208502779 123328703 454629569 454006728 640932043 710719018 404101511 715149393 854159684 345816160 501101100
906356290 810241137 64739071 689851335 149533520 401462289 771690868 908824414 615221828 92015382 309251461 255874672 478548861 517560359 670505928 830812524 588603755 792494621 764614697 224919095 38130453 550323337 627335272 803024554 841104020 174873645 744838808 121916178 914647958 432075135 234827170 247279279 792212444 884475689 457071040 70640181 859314620 215444619 649117442 469520973 320803487 873458744 660396492 602504213 844230020 930156660
347450710 310872476 101545340 235079101 617838123 634934887 669335596 816940863 731839146 641780719 857961038 584988510 769380232 758818849 262069295 731317808 243557453 212528092 199132723 857856512 478524370 126733686 785186637 235957709 448064713 942229304 164069255 154400712 343466549 73925085 138532992 121918938 359262189 499475223 428783081 427550747 314825502 864046090 840960519 642746204 425639110 676733903 849360949 982097822 486431290 483482099
12854622 2016409 984697760 136284917 786861191 239411766 23768694 822587083 264087875 60399381 536526345 990633310 168464445 936509704 390932991 245714185 256068018 97520534 159304910 854544158 444162036 393940089 200606274 879947361 650813416 913141792 486634491 785216907 996281225 566511662 517680620 697607112 809557091 802574329 777963742 166575417 704102424 749677836 661132011 249106803 184627935 393746853 891867651 606773247 710767104 38207288
