108 41
144758584 788976052 180475418 968595949 674707733 618443217 402719195 934588491 888195331 415963552 912867651 935698879 910291934 245537245 593612891 808423745 988955511 173921116 575494491 352135964 556690705 120515457 160892724 162984303 559922151 38222534 86294024 617704111 793157540 558753081 336749484 468308515 464249577 647777019 754825261 380427367 299290570 992831682 329935944 423113706 628867153
828002391 394284528 349668720 233723130 348191513 103267019 606973072 246134070 775545465 811651766 977827382 983520232 277940860 577975357 655457571 456484330 35145788 662637348 135946856 916896905 252404327 777241313 38781423 302226949 941308350 953418014 361688306 650003987 661590424 747196988 800576642 838182491 318037596 659706827 336802305 186307833 397715978 219346195 927269800 16096000 25564339
61201295 38492418 600215794 227217148 119047533 517554031 687042889 415440032 246891535 758666914 852163826 999662315 6632076 184433443 835043277 306143551 437474351 918190798 412224302 832784275 47827703 407978323 934746719 251632879 607200278 207278260 894104860 981777905 907966579 357746633 114011157 499853643 206817064 316549823 993644399 90382914 453196292 617080725 54371651 936406833 808937481
996340382 990029342 427343876 617907183 825665793 470159232 425718973 765818016 545131836 496713309 223983091 745837498 380604317 339118495 53137742 659587088 37174472 965522593 830338572 206653993 586926132 634287029 530553215 867849919 95822509 752053920 930976653 565343554 688505043 842070809 982419247 623330387 515384730 876451661 846723826 540998729 468900553 959039070 146704249 888702383 102962043
654053599 395748856 232671172 463231136 819093850 454411451 502711545 261218685 569226442 378516381 557540215 938789928 253124385 929694354 899426199 841720845 579817923 547163165 96153703 905161324 871043081 639935962 527725100 151653080 829657024 188940022 68210906 304636857 802000807 159700145 175838366 624583371 590146548 822406883 459532373 75110813 768981200 407290485 459716626 143796755 552716502
933828579 50181020 193190117 184891288 778217409 391102701 945309726 884004378 541132595 903986868 140539805 364050261 66595443 324751060 397877655 562039478 722871630 975161571 388353811 149610140 203593639 579102380 454552684 329982173 650661363 683590829 700048851 742286145 14131644 522770586 425930187 269569542 360177695 479367128 2220459 250582619 689825869 761925123 904554528 185594085 555430925
99295080 458533800 141388348 671671353 709319051 192993047 851768687 229159228 573321123 249554454 218074748 121057179 265561881 382879135 134573273 128598633 160849933 957414019 197404142 933810640 898793937 396763108 528691608 187853711 621080939 551227835 973393064 495449975 603314711 87970131 801565538 672590317 971451843 247580108 170894847 585201772 745811346 343302297 555173163 954304512 200349274
561680898 825761927 845376971 265563942 568207267 739083048 971425667 202384308 541480683 695555094 442426354 321977591 751154078 125973710 693410165 892911510 379223636 696884673 282042494 335441516 815831799 113901779 77475347 829103366 503923529 78173148 318419020 331096104 352470364 677869354 774146264 62019656 655642136 288567293 463483769 414903825 11770808 198962954 319536771 232083682 196922445
994782969 884488545 366920013 650618937 384098023 245887760 189200792 114323126 241874661 182483618 488796223 668569677 603882103 976051645 600398448 336039775 967466261 672451354 515949197 862272160 761946285 197668102 698455726 601300886 441813023 358549476 804349724 81054494 313974720 59062952 63429847 488829416 454873048 564297053 523417617 960242934 178612004 910347681 65115825 60948001 129156948
523449636 115304146 403173524 345259918 442739245 195490625 18322767 921337065 724465172 547459074 838424485 898348787 181280201 45707467 159686590 93918764 288080972 10753415 323016982 459265161 144814899 480897748 873718012 275069425 71487271 763899013 810686228 193311427 138770534 508530210 933759446 265009743 385740611 856889187 986201868 58136408 914940066 354420921 985407064 550675609 875565693
482403269 945943980 757336380 896405601 721499103 875026383 190511460 832028145 471259792 613838559 319418533 492072290 82566168 263452874 254830726 161865214 317222889 405448659 721256198 674582177 358192425 450885907 15680276 447524927 509343540 696081142 612682518 529403484 65972249 315502522 491366755 792637330 523114264 553603571 26882249 955333647 447163178 977250058 702262536 510660628 75662201
855539641 383893844 203123319 457478627 931450512 115900631 204076322 178253691 30598260 744184108 484293009 60544264 621639451 762731238 768837976 571753349 230542737 777501191 922265243 900932767 974494901 542725769 346284181 910760250 986660796 128582873 617491473 74572269 562892974 488005206 360711668 235100545 357431012 606649303 589215153 31266677 462565776 68131362 409634771 199840381 324822069
704906870 229363831 178886399 50801451 535827714 205179343 491300244 563662877 579631467 725700256 249574797 441492106 994840906 427028164 942142828 610261063 84817068 820365226 425669990 964018683 64460944 121657553 438265320 266384801 411680108 138277456 950049807 153713930 287322537 789692753 827450414 487718488 366184482 780248209 29073484 386626180 534944937 933195490 96082595 504035290 81530499
182067114 331331107 264461432 55951078 108307810 357396204 171037906 285250946 482174999 846072536 953222705 437724405 515387883 531597294 249277231 222481749 300651413 590421232 867353660 919729835 950903517 17304526 339233821 77539698 182676769 943420465 8078439 847508252 687420372 751045105 481014792 580790413 681231097 406047647 682763199 31551646 83356076 302557948 292087967 269643931 881103001
154559872 517482640 358370502 645492867 495143636 912715470 962006226 966913727 963373400 399857768 125737576 141062582 815242398 524942018 114994085 745683815 138100205 115492371 190252954 561343458 50503359 588270568 208757451 205383630 844531011 898364831 216064433 142748387 160472284 589512941 547693368 523802225 566072479 503972441 478651713 939789784 887563737 325193150 53061921 234023694 764510343
12915405 799944225 490300188 730111965 808690057 137408508 429388449 155412672 566045897 632389475 635521101 638435915 645415097 919634556 749760871 64415822 256676697 920694111 216278088 809834442 991425276 683720344 194393310 146784118 943176907 691958184 508940074 521950269 737809728 673010564 368527810 257947582 12517035 758552852 717453392 712156363 733132209 276441013 751645713 561857514 995164615
925891512 652115030 581940695 530499515 322309345 452913926 581130240 519272492 301833448 950539546 171670792 244973581 485909499 713013024 825970500 539824934 450302266 472815034 245585217 685816467 73235258 711905820 471129660 680765251 144907395 369752208 977138856 508335226 987889682 817595637 845657772 881573455 794494936 208837436 241235106 362765871 392565048 608868330 997990298 893475672 297922445
800511642 26685397 715322719 759876258 170705528 147555658 616683691 323430712 44742 571459108 173628151 800698756 778455387 734054721 638839252 512329133 465926942 859087541 661768484 931036242 29256848 108807237 828987808 975043843 727837760 478306285 854724436 162696899 355696468 597391962 456329246 793491085 518268934 247190897 327732786 649156044 396016165 206665414 484368536 626339553 439451536
387230758 212660652 870680992 657181887 944001038 374765470 394459091 939864378 884198449 446047472 90855350 945750559 790750197 286489851 214534777 90458272 991203574 184875626 709108418 993188483 452028802 242928060 40511784 42988704 825956636 171606982 468605625 521001319 724760826 105232943 394476916 118858583 477673607 146428915 148624592 638746504 945351649 476220897 167555124 238525986 620567644
700425501 582043004 849176292 969945341 153806750 347614075 300609438 707695871 839686833 587630707 241777335 194446930 996100980 392794782 410271655 521217559 772801884 819834025 94109054 688211749 24493231 929298484 747389788 702446727 605981451 84187219 906298103 138108924 78469597 71569936 96722712 909368950 542960363 671190758 863651869 72482459 498674379 948946759 229485689 955645255 560742249
669869336 630118704 134287880 150189189 106660912 583403100 96136609 286990899 563802844 508496298 336951944 908476249 124789854 88636125 839734631 758176820 236804969 654446154 423552926 365907155 742216871 718942555 605513151 896368538 335554867 395546893 598774801 275707329 738819871 639298161 811475215 893258707 250417648 458429742 572589030 489731120 841240861 430457341 184353018 516790155 887436435
616859436 158891105 144625516 878341940 783565084 813726310 434962094 294167891 804193475 33295368 816027138 241704761 298940971 634981752 630927467 970681252 138930929 702014623 353792960 933012547 772222151 499234197 662298926 506276923 366557170 613515051 493598131 773697189 496813004 959092066 256371364 910458637 84436291 308217330 740993576 65953781 603077464 481902788 939951546 479672656 325879202
122731128 351771307 926441223 447715017 664689888 635075229 348695927 385645835 194769795 826402313 967467505 735374522 399794715 411327162 579968825 897794747 519328535 568550992 119105544 202796808 688683034 388421823 702294922 27937583 829386362 291124429 894362081 75984594 764606402 4748439 795069088 886327845 147850288 709013004 796835664 23124083 13976888 628081520 336474094 344415898 103338495
712384475 812009835 403423114 690657248 197490616 759051307 95571145 827632875 344554822 67313799 665019634 510222945 841905434 879252299 75087921 396617529 333319323 835573816 812361417 246433951 865502853 367041667 764739470 432463471 359330151 750967124 876044907 825531838 141775397 454409288 252356318 292900178 721532022 521174512 899967607 54156837 647223142 134102608 4002653 640065510 486838742
485705057 88952520 170988919 750781175 845592463 476887432 746371952 5488851 58829883 685307004 275060891 568427716 190918714 770705180 3900022 888032763 394160724 41236977 371886516 446808058 192048582 448824087 407834812 345858842 37824704 318773441 947871784 565632262 472725736 768037301 194795336 481110334 656605654 326927820 116651165 537406358 896293270 518472308 978163294 718967988 456134953
690005294 833500918 65938581 941546243 85669392 7477635 971162888 401728398 634746947 276048985 204149297 609657254 155807878 511936893 115065096 19364636 625762217 942547755 960470488 323749172 79780627 640596561 657116864 191549734 499405117 482463505 933562421 867568288 980570677 531781443 934491518 688256578 580740124 559096048 203101495 987863585 379509160 375269080 669169103 330051652 577469091
67774701 323566601 143753514 638257258 933218518 817976191 785075779 130467438 482405997 148953370 919851122 883637430 494867009 402619803 181765266 312232028 456861717 911102486 150756333 825748491 661947231 270175346 314809030 14379144 554905034 38831082 223359185 803245862 861251508 603357582 888325046 648318032 39323825 92970691 806139281 624115203 789644294 687211455 973004661 82513489 943163183
66153998 642117604 922672607 797022297 732588816 463758169 349804135 702301416 572815992 482039998 905124663 827107827 587522254 841758710 642643377 649433795 256579566 70102100 339720649 271387992 700302216 849674018 478655626 721898212 102284702 541711900 633972369 362997837 836643592 458679282 969227408 492374703 570384883 104042185 348236749 850937304 342889054 149118651 156104352 614302411 77051035
600496722 673236728 598257726 45176276 755991825 915434711 897993499 31167620 994648555 117499601 156495106 852788986 448540618 514466449 196653254 148618714 237081609 291139413 600515820 140555931 559135995 145256557 188124719 817869833 503998562 836679615 319594494 253903044 285107704 807767110 992064764 654221248 709711337 926388367 627124608 948707012 207056215 598233914 631816723 723896555 442164437
80617343 927845364 453611813 640995565 546492326 625361815 479207095 687899802 487382414 614396705 540940727 263791566 285948711 922835182 53506449 620368366 144748792 431817740 635528069 514624593 936371865 727160509 696234278 804708548 617550138 667075833 374716636 527109640 505519131 790090474 515283043 417721939 352190226 936886637 617831754 977579467 627218696 917264536 282617717 912987918 917166204
776381998 317139868 603276205 133574142 443009069 709265353 419198124 259441845 471923009 594515934 632239364 920061658 44502350 223734285 918432290 593200699 459344874 961878366 513140325 558390457 73626335 39300140 154074531 554965706 563731118 970869928 533383589 689881079 574283015 345654613 111121574 497686879 628836691 272019850 934532568 103461427 713648938 975300595 123754975 690070072 651701981
560785169 908522835 215866952 676415981 353963445 724063555 709220049 379136401 893275529 871600045 477318228 881891125 296016263 314520583 899550183 208002806 330540159 906533305 992121268 347325990 230017942 810353312 845256568 703945166 883501762 110197645 865413381 496302375 669658959 807120580 342725312 80047136 363702877 400819838 637802531 327779804 769510751 736310631 292345404 832840497 808563357
225239328 4573740 292833065 111992243 735106238 695371690 962123140 325816848 197089609 424963454 818167605 439307128 659990590 78287878 124761313 749552259 668185614 566890932 99445091 717505819 647641245 591804301 479167051 427983618 368576451 277619627 680772186 385624650 104140238 82220477 162953735 595894746 483312639 188418434 622985725 196638192 361141512 368111442 620853147 543159962 106454932
729286805 909023090 795131963 99944127 389194825 289724363 139234829 797099674 387315584 736874271 61504665 100912297 459986911 100871836 796631616 933307492 408988705 204686503 483324342 361332153 16438418 16673620 383916161 363032968 154798997 678160624 53346174 777282598 601271327 847491192 390542173 781594587 617400889 440326175 315173664 222614884 362883969 677679052 93912736 439336561 32119721
263028633 702357768 264301096 804239607 231286869 140945240 469822880 452553412 295358467 818410211 494595687 307271165 305046617 719657937 885419261 270413221 819132738 610718622 881332055 338542417 275918685 959350681 373328733 688525738 959372923 138560358 722146667 503466223 913837092 172345213 637944020 306631024 350006291 497100200 720825434 491893780 122201270 302597513 824497336 370012884 531197871
907330833 29761817 863961406 795733589 528897802 985622941 65654515 151461940 238254991 40407003 880183337 16954248 242127503 16121178 194528809 380058566 983318605 185960470 687428050 213552660 592560610 433629954 770410004 399741388 440380858 287515776 790619254 497287933 105076755 998451434 520102801 45824746 692989313 443687693 87422355 813341833 330202477 184744617 463067837 567077636 3666065
655666418 665736677 291588156 755856253 866345746 601691893 759688001 107900182 409770660 440565098 434108123 590988049 392108091 402131670 155188229 58716284 434165209 859051870 371366508 855096886 509539192 981881404 45929716 965290354 176020869 297667646 582412339 535447608 954901343 498717765 73299188 772026340 705950173 654830535 102142646 403863973 97138117 376030030 598556203 393832191 494187094
46478071 588398521 30748234 541777343 26739444 46664188 830970672 32310693 218726410 497877570 844007731 385559457 835838996 747618573 905823269 461713344 334466174 741857429 118226605 180429057 257183434 969100612 204272329 185357787 735093519 154448440 934301767 131594420 124448885 728844228 545858890 63327850 877733306 215785455 580296907 699491022 801963952 884993267 602191638 623620901 162744764
493657023 484329033 317754534 712242265 784312438 809401560 486503678 794358675 967852270 139428876 134591694 112064909 435959602 51287167 25320492 323495675 769745409 162404001 438171934 95640488 536759116 5266742 782918178 660126962 871680699 554924502 699303593 780157001 971627561 394573676 4071319 728771508 755221540 60938936 161996741 732087371 674281070 23748301 755138688 206184126 789265023
541290899 798572039 1134540 76873216 611285062 642140176 939069645 322365777 287644661 352315971 36817449 113258500 365159428 858807486 173240799 213976927 938124970 503106703 564135423 110858974 391646580 6951485 897087792 278031536 783254976 333027392 296184619 527410229 946421059 517721988 873093949 674840710 222238852 489873899 356813001 158012653 705715038 774708423 883198404 170329448 573376386
543754596 513233208 765132586 829415667 488790908 234802113 786092315 277322376 294695873 20264467 361708627 948690029 867387990 368654706 654736035 130257058 166444374 114983480 77681420 993117050 261452620 562697810 803442245 145488926 875801529 66771396 854277945 220111112 726534034 963585825 783884167 521775240 692282303 685969427 530605057 531560770 627473822 322292697 669234989 233415854 994446717
483566020 509912007 232246679 665195299 59640761 829045565 284114077 751626312 973556402 165768241 605142195 847144216 415355197 981909243 560620449 646163636 44049915 118544933 210157187 573744560 959411234 656518893 919243336 939104406 295818748 521977286 479105076 517927522 80965990 716183255 208652382 804117253 430131794 113269370 250118707 730068963 361853253 391956926 459256561 414843476 571010521
936322278 748905005 952142886 422819644 909717480 631314509 243216921 852022448 868474095 773655823 887088226 90115593 922516186 76743681 34444585 596840498 89022394 433730310 155561227 930393000 881469272 30851799 556717976 338443517 970618284 91359615 933187030 543874902 797524839 540860638 601889980 305053422 434161258 687164200 140569016 262102417 927512653 420705635 288223530 280540450 345657049
705857516 314736870 419684885 313154702 924910835 142602422 509568501 248107806 789350650 915293910 873471967 777240048 844614490 990447734 56274693 315420830 206048957 72821308 902422317 769046903 359693733 440141503 27939120 499056126 433333476 492129549 570146683 420968809 845720098 66135334 575895185 812525859 395530331 959612542 476685702 550090570 63972446 50432127 509377670 135418673 6969679
51577605 297906508 107995103 442720549 664397536 291728299 141018255 190029613 466931285 55916041 623908142 934708869 652819869 179340767 364931808 383530146 986909029 251021370 434642044 522341322 658690381 796422205 636114187 716510619 126996585 138523037 495604813 344240514 761785795 815843107 740704564 668710725 293936854 979260206 845001830 51896186 926974997 525771310 908837567 135478797 187525986
92826410 655665101 733714622 850184343 142775355 775193682 935686048 349315073 466172175 321088198 133913500 132623583 126816615 179898835 639349484 541568999 785058201 176589527 451740576 45261250 984633102 225822821 107606044 687148428 662782661 593249476 172188056 581829973 722924495 218321518 229750943 518577826 525087185 628215443 165747601 723700460 273922437 57383828 431626529 597675551 447196985
998878088 547273431 717952285 935757646 713716922 365997454 665370169 709536442 774508072 307327479 940660669 658183047 7679494 746050325 598352484 72489297 269320761 945132735 576374752 228733900 295483101 116492834 346152789 200219964 882496704 831198268 727714780 181733628 817897956 352354 903247105 835291128 568576513 105738939 762090822 738017074 979007744 87294146 224870558 526501952 489094017
18078151 335358194 886721996 902928726 526138735 350249632 981999635 453282822 182657072 177810166 710037863 377525067 778909654 430429883 965805741 622166932 105180673 178107559 96907744 386924164 356400804 35258343 209599628 513517937 384883336 167839386 168618067 994175974 188449223 99285078 222368108 534336545 996503121 250219171 423692063 636042133 512342634 149265278 863259722 417878377 678895402
275681240 83183583 831999224 906905340 135987733 972092771 399623759 361432095 328969870 873096049 433325747 52573992 118995983 411599413 266964760 756390270 546062425 934399474 510760618 915534813 136584865 68914045 885574984 511530708 37534735 518598847 692053508 612915015 848907841 557859126 304447396 505437421 889021893 234642036 445909796 744197330 949083298 805279391 335407666 911521239 627024592
614193392 544260017 937256237 737060027 763421236 367693879 423732446 240599492 512789326 333417614 26295876 957458624 573819827 982023222 618192528 276457591 335060460 411550178 676984644 782416934 576559127 491387383 603049657 799141886 648232039 174590224 936318618 372744610 484610464 41399932 328782951 397820077 82596252 479703742 409535988 796522794 296715720 862348812 424711655 385427482 784300967
770063569 831444029 906891762 533361998 283450924 582965445 284598554 424589798 798228591 825478051 121194095 354519086 981576608 626187727 265260481 585508599 91537403 922477972 984276054 767997862 608523374 796972817 734387557 240015541 693326107 879535803 940214428 66491441 96149978 343550425 13037211 169991741 27173556 5755143 646626167 809104783 612350569 288912564 109865784 620986350 702757611
463860643 637541978 860854970 575902177 280420718 633192528 949208420 352421669 362952446 234834940 232582641 5395782 169979668 659777593 785895803 641241095 208541380 684748370 249819824 608777950 478238197 129671303 445334609 592141174 699272162 783152271 840369076 255364141 26788763 317446673 521649987 426364055 128565381 283634474 389573371 734013433 331749590 796685034 333477102 323283918 92262426
632579030 634582465 726761542 964641713 480009832 789225263 817499842 380833102 355464074 209895044 832580185 196784505 686008095 687263522 55211095 803657230 390259835 124450047 875802808 578100924 804790501 463932197 744408753 544035720 498114076 923870770 283557672 578267975 915176143 475742933 246565687 104866343 347310884 401425495 301217965 635592230 871294258 995252495 487971468 797084569 295248774
284708589 286434188 430277543 547845538 847304688 108887191 642784972 725014649 311489200 265879371 627780439 470479605 175774933 405418107 263058923 480437874 476331933 282439854 925757954 274652992 863739994 68313759 719837285 482497316 126277874 889938875 963965365 533973463 723643998 946374822 657252070 660281222 545597739 74503094 159298494 822623568 469044732 209577846 429507931 952773067 802802693
968160549 912633514 993060736 806288786 7929653 276086001 913565546 459254398 615972812 788998214 247038331 206963900 589590854 606340629 356326680 229502674 754618033 116221341 923905432 634974297 873357903 674582644 157029576 36655742 855927832 21459199 849689962 67217028 976525365 466350331 942105521 561330240 507773830 102824951 840072646 72935580 641735197 940507095 167509063 14302740 954653121
246306643 84771011 447735100 73140844 451766901 147642431 818063672 221069005 423335711 536123316 698792514 386434247 756483459 518926990 522736167 722015728 863206569 597618990 283855050 9219603 121411820 304360297 900376736 549567407 405582973 172519688 461431603 168766581 994011615 551084102 252671904 857780173 92541545 275194965 678871320 179666258 539486407 102572505 148420450 396946769 549584762
967336811 309306711 904643919 99975507 784483351 743926117 317182080 41848828 562592734 747353101 900362832 300814959 609196597 398615142 949828830 952264572 103677572 952320663 33663868 895435336 131620521 146056288 904188721 107236041 700903282 998982546 515747639 855667275 485974310 569397906 95564669 166293485 449370109 109732570 59290917 247364389 536852131 143968632 761327879 202418232 52127929
559738254 999056429 508074691 853795668 788863184 983353941 336670261 67859324 86197257 956232818 72216658 356996270 769825686 46533419 942793137 918811995 150239209 333899611 66551359 546436455 700658183 33590415 456258491 235250347 327629835 916836235 396827191 187967347 734252449 734630086 225984157 393487616 765247627 33282281 151739688 864288263 542854944 405709651 666471911 504349488 256113352
620889752 471857981 129644952 499505793 418434301 543869540 105370959 379692381 325749502 186587109 269159899 10693890 769926089 947783201 279376051 418762792 945987520 737987531 588392901 777045279 679823611 974883436 356606961 57252422 113829828 470081758 848431500 556047509 845109017 218131922 82452190 291939860 623416109 358646346 208050340 925848162 746619879 329031711 739677838 635344175 328118625
195348092 770607042 325531330 393303658 247790689 552809304 322602611 255655173 261439777 56275163 505765682 768880872 346474724 333885134 851832831 970812926 588959014 93509925 431400047 969228005 722427190 644241352 982350638 42292593 500238520 441928468 238711415 468990247 915651107 185938009 143044766 183984579 814738756 121291869 871016070 971265458 656206778 983147479 236348971 501170841 31059319
331867637 836836122 184240588 703819589 176189142 334858484 382725335 431442239 512987153 773697007 922269689 803347795 594414893 335596884 409554596 384991175 773313575 113511426 912664063 692043697 645319663 488970986 615493988 366653310 200202474 716126097 372439778 570966892 91008881 390458001 447955899 277949967 31611985 664826392 178878183 234061008 323824970 976373863 243632528 999849065 534820240
64768084 472199060 265127274 883715149 620629448 211330055 658324152 716999453 665455170 465381294 707171336 522393232 729218387 45141892 150660200 708004523 567604512 346126137 930061495 253491559 747348707 487256494 696855080 728304945 575812970 614844282 699059907 673286505 256485271 567098728 501390820 218463971 732753118 697585399 695947450 318948968 857450442 40070360 214408393 365525302 514353784
329309044 236756073 258875772 649136410 561288036 655374148 711433439 105706101 303900663 721984220 496427256 47797347 950033839 20966659 758892500 781277778 537954500 414453344 216201842 309907396 13152159 239723249 42262857 770012365 954348896 184616068 40826559 983877784 969445977 53138748 485777843 966040034 523119249 524744722 108629492 802124157 727285827 107590994 761051847 669757135 114778204
458522394 182968677 303548496 397640960 913408990 775573370 231876112 625330693 699298535 137784744 157431854 176635254 450763983 266601986 915364194 7932433 93596678 903890577 851478388 841257418 122043728 923498451 435413442 710222406 967977541 387496758 443253182 900711777 447438288 185863586 398969710 876273576 170585777 534977004 353809899 596443872 36466171 418913124 916211682 890251901 930446230
625105992 285083670 619751468 599170750 719792718 700755420 446264905 686814338 469861662 160630173 330300521 427555398 514878166 693247831 669656530 333108289 7558276 795246877 496861694 803082240 46265007 813447570 344687388 174458081 967896015 363888754 627122831 688768665 107562704 664574218 870879597 22929839 570542484 710783675 231211777 643806206 772865390 72184187 794744649 687552311 222761383
607704659 822718328 117659484 556454908 475130850 561499765 12069191 857129246 985115864 879220059 60950817 734170417 504264828 27360759 423464171 555787341 405787431 984935757 243916024 797850880 967740103 8508948 898304113 710279883 368572765 522116405 395087312 270060192 79025535 105172047 515774309 346237291 800547031 778846262 271971796 296098950 197082785 361608048 977162389 875244098 885008945
406935735 539891827 104326245 584310635 710870905 674630158 17010343 642290505 959885915 242917977 583089460 700875865 692576178 885200156 437721901 259627324 136350728 869322099 407216423 762808105 606440605 586317901 864257962 408671335 437720036 480932078 588804531 595241174 326478849 678292845 600977714 20228711 685648722 447804215 545373069 794458527 234217699 209745802 514894875 222109721 980119288
262464507 247070378 482565377 658491783 313306352 896803834 337546137 986179771 292345895 924091968 442499511 972276082 75280173 574206372 186307141 900016576 510238184 766108355 666537920 249625962 457833230 104212269 374818490 750533228 53846187 912595944 98128985 992918388 512125087 876629995 713749205 308766820 17911070 129718436 782552573 911524564 844014382 899955827 568368563 606875789 332734764
246974764 758164075 208149007 449913671 741358233 185859504 1886988 459430404 323513590 212867744 634488555 886542008 823900531 869043307 651874630 805797393 281424566 968834263 591070828 357951118 870279510 476993215 701891039 327064834 455530081 837564559 377425623 323216149 352534999 91246794 208847038 590822339 870528300 365694597 468278195 814402523 687300042 915635689 228572423 931907201 634140045
227094708 97536450 889486252 748610885 659395257 401891103 298297001 591241527 803365467 61025035 362875542 408607645 205844246 155036330 866369256 168481057 397809655 953460946 912498661 40627558 48886815 406179471 867177259 921012607 576429891 261611421 938695719 115012214 75456047 317370609 183852703 61276615 931639102 270312753 357345065 731133410 947193060 501564727 234437553 994842284 304853541
389804178 852824055 80391678 999018267 75794948 191042574 685593637 282443123 759514117 422802655 19329632 747601648 258221374 586229924 878286182 96188391 675881744 485285229 16355293 452552130 177276939 928488862 127285988 465476477 636705399 711017583 372551306 643463724 813035214 743197291 25900628 586813299 99133503 891457521 954726331 814898188 481092909 946516918 617365163 512029765 806166958
469718337 851284998 262694015 209626637 370261358 534029343 120140208 462464841 822906092 938407232 821983714 41215380 285551807 590005796 167983794 811916500 518951614 312746109 602670546 644733221 137063958 724257647 199478663 877302612 430881733 977656339 915943211 885332838 92546848 605688309 24296876 713726223 56922189 240225175 49245195 501334588 917397194 592622828 826581471 395115402 263858660
4541405 228501455 361578700 255312705 198575304 483465243 318862728 157267799 574242556 201116436 979612539 569623538 172782398 760516512 198977297 178821298 796062790 783415735 791140845 34814346 935206723 275408104 570717543 147563331 54373971 652051669 544779529 125748215 190685964 597448626 180980497 551109014 696270582 667311818 55850227 212799588 208521743 727985402 826474452 935063417 512557381
982243636 370757392 167098176 108041471 360682238 11288756 478462968 933756309 572334832 113217028 594740278 710504403 875882298 403133943 536642401 474606970 485739035 928830390 361887797 632635327 211100267 882600737 951893313 700480971 739853842 608239433 212493161 242140985 992388750 431677687 576173668 530326682 155202930 539009828 722086206 411970548 153863393 509413759 172616920 91706175 540822551
569047274 861185123 666912487 963177441 128445949 912297449 32919117 606457119 483969922 569929412 164520006 478922057 65145079 525166117 223971226 174276839 291202831 797097870 160309638 724125720 857910321 414384472 397049915 893352716 578607352 224621358 292896604 29082762 627731633 71988368 57785988 840694891 83171808 714043729 939139518 686360093 634366651 780016154 651511307 220240160 193718189
828946149 955726816 52144012 493797333 3703170 162767269 393232522 985049988 257048597 711364151 840886486 431592643 579607446 934597478 154908996 125162954 460396624 976660600 489484088 570145162 474663522 982901924 530717484 457801253 122162753 361090456 3817774 957032816 561579316 879821812 560143199 614650232 613297623 66860493 923765365 895026426 362542233 850827563 742398010 215695337 364853821
563200139 861691402 931449323 813772381 729831773 590073689 995469021 513203682 98253959 369524267 611267915 705177485 160577248 163226522 655961848 250844786 574653366 148346452 426047324 440326263 889311049 225277211 111406625 484729562 706834253 856051523 79101350 416662696 184168812 8559927 904355196 739156295 873204674 386288372 63917291 390654701 722205023 287256715 151507310 891332902 442649289
809475236 551429939 747592018 292536439 847092470 883683228 701019940 784772951 299220688 532629952 55170852 246200648 312242579 427960554 372282670 306191265 411522358 386812185 713013489 265017256 684288705 609269631 119302769 753634588 570031314 292885763 548816006 945000108 519917083 715054271 981192027 180668542 137422305 413311106 495621359 68838569 413731455 572151118 961425303 118015419 903563233
68634587 15635578 429915443 89801738 57308435 954361876 643146760 211124110 91889300 73965748 430418208 369418264 361877809 369047293 827373018 220325606 850811761 759738473 563664005 473203016 921146894 534063553 21385446 273413412 912009848 520390054 723290806 575585141 769925456 206078732 507803170 82067655 5244141 836607929 826361929 59516349 387608538 794927307 992224706 339131788 47175510
499884847 632165139 417165949 17612754 701412907 109398331 449869422 592561015 201435604 422116393 185725266 608143518 118217113 92155202 421044140 431580757 630589110 648845791 132802328 866277089 738926786 72561612 490594499 167695414 566966306 341886411 705735150 202032769 903926419 551292431 697724527 147916447 331137444 404538049 209969967 291527843 838163257 30464639 257592493 21586516 76294666
289572056 650111353 990701484 927747617 660482257 123300026 629783386 915619168 617377635 945824425 626680129 935036409 866273786 586694932 27495671 115707124 680976631 827097564 109328455 969001132 844494383 631540087 66804655 211534674 109552491 205130606 550789347 387420009 414974182 918562528 744248136 150077512 929000402 636668158 980512890 797508763 294841555 777285005 549299910 235234 821095042
931452775 956818864 375212529 91821035 70597370 53560431 604298095 150633231 75019975 229564524 811365975 403583843 836033508 98715591 616102777 705246800 571892347 343834066 845859834 224753585 939725385 390549907 494891471 513272920 677331743 653770822 543139911 276515976 76028261 518957529 816823422 995913852 826945170 93848431 3210219 716857567 316537269 678274014 938951891 17018194 535864815
284536881 606971091 912040682 778948855 269665830 778375002 340125360 470293908 678242480 979344428 765616159 353408038 583966326 522608608 687597480 245168414 702066258 611123299 804719409 893495170 258920916 741934963 58829970 585604458 774441917 463435045 865514007 909259909 474783364 412757600 196234497 775008405 392587476 728344928 940630021 367050222 731700748 352842292 101863883 65177083 150375102
685918527 582387568 414242746 291826992 857997754 111308036 373448251 205365726 818332209 274641421 924957988 100982774 913308418 536803331 550321456 881305562 999339233 225782994 535123627 82388386 387027287 450687323 643181048 324703127 29022014 336779250 703230987 347308217 638718791 972110049 513969392 857482042 827175540 420208868 31868994 160019201 326954654 266001836 538672564 846686760 952380144
766106204 453896076 25972607 929224810 432820751 589460259 861004039 382562911 336668752 243217254 88249463 519513335 283833759 605845336 974860217 836635054 170750963 533592718 548598638 971526099 963546931 430541233 832850790 328983306 664307644 883948288 648239402 275850698 101883102 536957131 891170930 441260000 862731103 200855545 242279343 42900202 580351990 170366083 521725058 237965021 998585297
17395190 714162755 695533184 77798160 499828213 670350459 858022383 393761095 424276661 372454250 346380056 336522240 763915648 627684482 334930497 166620983 373410611 340594921 293415552 314711516 690646719 565565435 387859522 65270356 591412139 613743558 851296709 314480377 655537808 334500237 815489949 416788117 206719900 516892230 160670515 836872427 496935696 867183900 120486721 849541934 908437442
834328557 375408727 506534536 880679836 456420300 702054745 939863701 20486171 185409408 369798655 553460709 829252304 61396996 5504340 780098685 39197155 38728965 778457144 576580694 330946699 361130855 859943902 587671517 202050967 286446529 927355470 801474162 76605416 765038812 117642980 938485481 182212852 418650167 990873295 803482636 205079877 589081734 918067603 465013014 926420728 274635823
60149640 348072505 707567167 881314763 907657816 354122010 519371743 27138731 325630853 865354064 307206579 821756241 185804000 35147496 522699559 334839282 872301843 706266340 423687613 214166267 51669529 392985015 658750348 476723081 292625856 875695562 266168252 50380271 167435310 340187643 484575499 555485748 902495833 415025177 450009163 320113298 327443598 671890281 576267489 259975161 18900715
890770212 417731400 491590793 299341796 352711414 977510796 75297819 388346561 337763201 796100048 209216697 858032671 182318808 342983368 983478050 155714155 789338372 972134975 552294215 164250730 347392131 909532563 329050833 631030708 855954116 329981492 342264216 827954996 970856108 287344168 561358381 464376746 971319060 924973194 923817041 847790121 466490696 630394886 706025852 286954649 104605577
783410015 161020759 697516086 422671756 924997098 775085634 947678223 686739194 257933840 959961551 417765256 927551982 733061584 251761477 979955928 673834362 348895034 483548702 7158156 898261026 285893365 683144329 191269122 502058590 903960250 336222184 360464623 659678493 548331478 253704531 384668634 983524925 138781612 850189332 247292830 566442260 875787825 484070441 167787500 566726890 105316462
282117318 555160262 916139388 138292994 489332944 591258373 845959035 594919582 466760546 757465813 126942987 488774791 971432012 846280756 166859332 53089047 964252303 839254902 631612341 350810171 148182242 91064260 775069404 842625526 999886896 251700632 818732719 495439581 329201176 362901314 446414358 978956954 682619244 797693286 854289518 180299370 532329650 603419004 240530439 797905310 694779558
805834319 97673383 730761757 422047926 867355263 57257990 92725473 162782085 964038399 28676688 912645750 490146664 989174679 405406374 979735422 624433900 943475043 375477149 963694383 309420878 786287954 522981821 32380371 91564801 123182247 473760771 601130311 852061228 99416444 703814239 651982716 376375081 983881530 437906999 461532410 41541896 992618787 963648738 445835608 138489354 763005641
300917806 808864709 516741670 275209363 715630811 902972802 511082887 420680767 299705118 313700966 893701899 969697114 910331679 849598809 685628102 56700874 472343419 534887129 389547133 60312133 132498882 911597944 928282156 646860503 551363322 189601883 516706944 64289120 744802330 727584189 27523934 818693140 384195728 327550826 418503770 72630777 294756540 600302916 223945537 361405804 56142963
886625218 635585680 597312156 380262268 24953964 205715962 438060558 585741846 522208864 675705061 918695191 490940785 749376720 821100781 329741925 931335216 94960514 572562528 513516663 454251245 514837326 582693057 377881120 972889781 509804196 674817862 297001736 113256328 958514692 451088730 706204203 531195610 695882371 297203995 341157464 938835477 505231948 845863901 218530995 326831893 516339485
658078373 326373171 103175850 180265670 742757038 796792612 138628378 57802670 866045416 112460199 519395484 465478478 895291764 742633517 274353117 456935091 351715369 770610944 781181567 644876032 58169618 353208251 552484757 46553578 704559086 211393484 608220713 359919162 466338223 977656569 671578551 826817615 953579259 653589976 865096879 711350937 307596974 785642581 116376310 751139359 693187158
365737008 887469669 679352058 997935286 245515644 773643081 876004568 486150723 201799458 222372577 651645306 676272042 300344668 619888612 675447094 481061448 697235514 978961656 872651637 18239664 799811104 209865020 346083126 150671657 571709510 901341375 315263881 280718894 208112951 233369862 239879701 628507884 636412754 95575946 21549460 627059655 425501004 853295672 751894609 385305813 514719404
11525103 781836977 484675169 290738766 154213637 299718567 358064490 615298785 964706755 241561917 370640929 690979177 226412772 298234642 922915439 746478525 258330650 249324759 378064492 934953226 97809545 542254801 677523177 28238414 636303178 958808154 884499943 47490782 326353386 443000416 424831774 334242016 379519208 674594789 668528759 128774610 538264634 746388093 388376722 167051521 245403081
681272531 715608385 815668243 465646064 634961188 385376267 597566846 819973633 585744322 33371306 260004110 555445952 315377554 885392781 491170915 407080166 667664527 625189463 344498032 292361119 572952645 947744862 759807742 279619340 540735574 2170669 506874663 315808450 2910457 661723906 177643483 177795146 82572662 760215889 48370014 787483551 619493547 184068927 614903496 336343475 33780106
690288679 476445827 979674857 26183064 879910937 423705809 867305884 864827760 564954710 295983172 984943255 816279358 918950357 855472196 937548700 477064517 236893122 921151373 952739806 554293849 848492537 336240814 902981254 304824934 352105871 960694410 613134641 258687207 406150474 743415515 519869552 740804463 33622564 900150442 823460934 511346212 349993932 849194200 130976942 852067902 252123940
615741081 992675859 826279565 583398084 199585268 594102230 118453233 369710966 617184836 350594252 465302495 674451640 406234810 861909949 460840675 285538621 528599256 741178342 5084440 940229996 761122551 867918712 830037682 121164255 71128770 120047127 833672820 868574694 401127353 464861531 135975482 370254338 685561263 502553426 908599665 960319082 809003341 818999548 586391450 854271369 177568397
28323534 472316107 60456061 736443199 367228720 738350125 927572378 947186567 86820607 15153279 470914789 217658973 684559371 110618769 185287834 176403979 884516250 707337162 26415015 376823987 651106020 462305443 484682286 191795399 159616404 445650730 661668359 639060367 298687053 335997312 961506619 431535015 69974819 699768923 931918474 94392189 880165406 955744133 984329702 35433431 328648123
631697499 720122102 366151756 843509610 415887438 925066132 87539654 239698961 14116710 514703439 691082502 64799367 676477114 941210346 705304352 726508570 585247993 507484891 732838394 595520266 379954404 299686861 246472914 957271819 963510737 737832990 148897973 222019527 269065258 266376546 370056457 128747354 605944300 261137118 829369860 694184148 448134953 557646350 942913330 652929211 338589830
179033375 970538483 692791686 491570621 632239477 337607674 142555683 198610460 466964007 55888847 490236529 799884549 105163902 104927054 627254215 165165164 826080890 292804646 434953068 35654492 430887757 564600411 853886236 701077618 988614621 124549317 809579401 752009824 19368774 119854479 31207128 148733036 266807126 192767672 4276000 670907630 444720400 80090261 702461167 291221461 480800042
840435277 391943108 366174499 627743886 924734556 823997078 891964269 331849436 555213073 524670539 423232604 996804327 789267215 409668674 532880174 480395060 305441744 803448522 915107125 838779518 472242717 693732264 986443351 726473268 659520151 671626901 469448076 216699129 106438706 27400126 998485860 66621220 866311348 59022915 943907454 936050494 920449339 366864568 676426770 443864710 135276724
45824422 998161512 26127728 334427748 817998347 730062687 424710689 62010979 17315286 159928551 357331189 377960988 542381676 299828615 944830202 321274063 644952358 531947736 981298290 541495312 767372240 767900679 981045077 778050117 840684844 132271703 378212812 659698987 47862125 709784477 876719799 223433297 419566781 803336898 379817513 995770779 36170167 883978821 328802278 796647872 997492717
819857078 10954732 636337357 848348771 611135292 625653991 55981217 827743250 789609488 921756347 997790575 292391526 975392000 750685438 892491838 771783617 600583149 316432250 564252012 453673462 582522189 122044592 745814823 239050446 562610346 934793296 272938483 853402246 758662432 195903427 395760935 522253391 642174947 667364513 650278255 2011853 474681015 583354171 162945867 307193497 912024182
250532626 995202959 409902271 650105742 703603037 745450465 794788160 343854720 209237384 951311679 488211345 212937314 922340271 380411510 307076379 608319838 638255911 944201388 916022713 925993265 767439606 844092374 499457597 702723501 867847254 368899394 61845227 201578295 970795830 147151887 724338171 615393609 430694073 562881456 630840347 843091697 100791220 888777326 565659372 222788945 459642676
83847651 850866561 342420509 525161718 290937727 486340323 741036576 76008942 724867334 3321999 815446967 607065281 727567631 743058165 804437332 892813386 864661383 182206971 885450748 802088985 967882284 254595449 728506826 693775599 107515667 893074363 111353962 302306627 643122979 8443394 358546334 482340288 187788952 258066179 368499133 418780613 683222400 187815782 496364591 21198307 613266497
