108 59
52721983 859007674 933982962 216106983 453666883 49837541 626254296 425078960 637905831 862492137 922928368 985241065 916434796 869302295 289556422 367299710 227435338 275635865 44107996 118594417 379487530 896493289 284412453 951418456 310443436 613160536 281365898 604576733 25035426 422335113 981159784 854370365 766843795 219406835 856020240 535739850 608970809 496005218 972878150 868454761 334021891 627057014 641486531 630202133 539344276 142645538 245141683 44463194 251144002 200874542 380341560 113022170 404401048 439063222 913274853 530478284 376763604 304975530 210539587
911948664 492756586 444090956 508175439 35297212 869309311 953047220 487652602 206326410 424668526 903455823 233114792 234410855 975292999 136613724 513162162 461329134 354137419 607097454 787232996 691653963 977164657 353936109 599497727 272228545 470309861 44018068 660507192 405081125 509396099 192014580 324095671 688703328 352813664 373310448 441683737 387152368 729505346 321330751 298619887 279394663 548872995 97630446 478118717 447148011 332951730 592766171 659331324 65598133 419745233 821130043 304262552 378026642 343323928 838581780 378182770 112474725 373311313 151786180
214235231 240458659 358226938 920782968 608157735 455316181 736807366 314880182 308398855 936943129 604406044 161718228 570988847 322204066 383785110 533312382 815740485 7974452 789531524 657172276 685536225 4885417 362644583 895768777 229573647 791601518 574499702 46993125 774924240 761939206 208517404 659083140 66171288 127855750 34232439 987710582 123288017 17452823 790491099 249318877 318658903 79622008 460781389 99511473 810781691 427302522 74691849 422533439 328414977 802876290 672749053 159049638 865109921 774377226 763670091 407164505 482832265 994800415 569910219
804523680 656109401 201224164 534269062 264210710 852170533 21684239 636034364 982499372 680271095 210617703 361709535 384168613 529305419 51458892 518388758 227559448 925508498 776485679 734298555 170116978 838092975 865517845 257648989 680938865 861521277 684157976 390832319 559830825 207024966 751841510 873693527 588259459 467217997 944053312 105196752 924441273 126066246 266435964 307643784 335546076 67287257 787014404 249651987 435208782 86396962 71675605 266226358 337622344 386017588 289996545 416664045 878510933 273776785 967285293 196002533 315917269 516997299 126763028
956412162 474017404 804942983 333983234 982362459 343664592 348730349 267234137 509764921 789745070 715289145 558381071 609247900 601959877 475918005 166219566 181733046 569288217 103665437 620885844 7231085 161392514 9025569 650258225 711815389 238585386 571131878 72650251 498870228 913205779 653814918 503956028 984015445 674659727 302265995 306692531 450064150 81574854 521395576 351129199 512849153 922003251 496208960 93160712 760848310 537091111 507780045 456723238 29707272 210083653 616287610 92830215 488567420 676286468 603461017 747103485 614241741 712384817 460632047
169953774 200096618 880571754 723724339 274629587 350534134 398334371 297567890 575629113 980901832 355574181 228295726 600615619 779758953 688508554 572897178 367198117 797027352 591163203 196490592 670895147 280968265 135812882 612097147 477743664 251393057 430818832 674047709 140192679 453146620 340459944 61659626 822286102 638978280 414872858 244364539 216332822 350258471 302748153 505888733 497400788 599584433 48514221 374411087 258886547 473111983 329928946 203718024 709130536 286929153 995345496 248397486 987265405 68768954 449799361 837119327 669415182 216845982 390620901
766655788 959497839 635299499 349748433 10807065 197721796 224680845 293915747 403497503 108295751 9654568 787869136 343864235 486862533 353264914 925206047 838966812 610299937 646625557 64866220 299159368 17955536 662869938 306093222 360130807 954946652 474195609 633883536 786112871 847562722 755018547 974872516 182429127 813937299 115514648 565017067 711301820 186033206 973204121 523090566 74814174 123117988 867053367 370665577 223519548 467140939 642477097 284259642 479874516 57585068 501834459 232691190 794640412 429143006 155452265 441512301 539167100 96071176 666348328
713032385 848261073 380852714 380904734 341005803 17625068 480358229 739981445 852823606 630632977 277676206 222091084 176937666 662909049 883707248 562813590 46907138 172662736 787850919 313457464 145012030 431015863 605482869 903005759 237815058 897677123 821078928 423167848 835215853 675678076 381079490 534546343 904710547 607743967 779627624 474180001 546779292 118482141 412649972 530848817 936999155 855487578 101113195 837161703 274472023 229046318 361436904 898914948 239888093 76845223 279230487 867958655 679714668 891550982 118440635 397635203 403582527 694786045 233524520
546257646 457625959 334918711 914623177 492870996 67913031 883988176 161746587 729889275 145011990 820954585 471396784 74744668 242131296 634636502 427441070 561458344 242316934 375917375 887895373 858768449 228505913 557064962 274911453 121404988 235655427 253876991 247456445 562036966 834583742 254931851 788025317 482470716 655280922 417060590 67065437 983097201 747538716 692969957 633454020 872201580 450211481 954400800 982255562 513899335 1001151 543387333 466973878 398836177 894582413 683437291 81663456 386905357 714538838 55958560 532261432 397642929 632665923 112588516
775139518 716328616 216320461 776657708 620989703 704198545 76620870 810381024 414681023 58697021 318798929 127177820 172817185 336800564 618688614 697922291 270676353 27168561 241784400 575734631 568359363 956883362 915580846 643210355 126411232 829397033 376366709 739605313 820100968 941837341 183737196 181821940 155702779 460434186 494636206 570409504 463941583 190828844 42483756 96285517 966672941 248128504 455832105 6885239 936166900 78029972 455412156 258339729 654890005 447242842 650229073 15351805 521186837 234551641 550763304 450165013 537388174 147710164 796605909
559618470 893272494 70032833 844290238 870049648 45917622 634328394 491881632 600668583 673002364 571461456 650253835 182914933 39982313 838734051 867553249 959564405 462728572 752346827 863518683 621090618 507298502 183368194 472503556 842290630 90297580 172059192 497994300 581180947 339484968 519413838 950440118 759946894 99939400 32785627 632312954 11529878 389851950 728397482 108495588 474301186 738347342 449887034 124775715 149366936 146148659 79298365 744561339 101904023 608655098 690273049 51575811 8553262 395699413 85321066 756694696 708527106 167143305 671730046
229092904 62179500 643310320 387228631 378514520 598809913 622502520 774241453 866502623 947569832 854308771 858746474 483915960 212268399 367914629 779005484 334074548 283343351 607303753 585070150 380509686 378926363 214443948 334145727 642935669 342002349 9996160 178728401 901942653 99401714 199542571 563987563 506306094 721038369 128764197 454736048 519498236 170048231 219579262 835550326 642755117 272151269 880425557 832884680 922775390 247632433 387344994 470227813 58310655 652998865 561142637 795504446 214973138 636488515 96828628 161247995 572967792 787917560 164223497
943007863 928558788 580031700 349064466 233191488 779165069 545679280 405981448 815261720 98999008 605920472 371403928 334483830 57244325 741743246 976901253 790282758 541192725 832390277 649846820 728111653 421146690 322951270 868872158 313006950 444274319 769986126 257309617 725669647 948634420 726408014 127297968 941246620 597513147 651239914 324825214 312764987 950736774 952045723 948753367 47619919 91843143 682433613 796748552 628109550 801909381 13396193 931882866 462103139 822686238 371117484 25007883 245797804 353634495 765842935 478414044 605935612 528643182 885726589
473637252 481402939 755310081 512654064 960680883 394615169 660970404 746188915 940393136 551772062 803099991 841198113 910725844 889742230 165217134 28164741 643512333 583475741 858470671 43566880 778086492 993132575 459397303 291206887 532831319 727046459 331093686 24124098 183229352 533239362 403521966 86881806 968116107 569906109 231863576 918661916 949163860 170478181 176709567 891377584 423928039 379883433 140523586 852228482 318524222 524835371 172136342 334589120 46312679 64316483 233116034 645724299 213172867 820066939 923066658 468396917 214436681 108787217 642066277
496415753 266313088 802200440 21988751 513738051 510075656 303042775 647386552 601244436 748118482 263417480 123536202 907245280 233902179 524175770 264650630 40922623 303154774 504788048 909135872 973461055 511119575 477121696 426345759 99788896 84006696 968899253 106806942 201564311 229944607 512802670 709104654 908879628 227386278 127309532 615770450 448716891 427962682 859648200 810955553 673936919 954368109 547121450 34770311 595838275 114942565 948011699 671459940 806075095 783029082 936293700 43905515 918199873 873255195 618199669 827502373 259002849 834145674 709033487
510114412 786489227 474880795 687930514 103429104 342321417 602859866 583454128 423560757 998392983 837454178 154433232 43292819 199078757 433925734 970984844 875487157 115257881 748745771 503990323 942540827 463597386 360615308 85189192 994103960 547165190 426843893 308619009 353940692 115067469 541883113 870254536 151507914 743438739 112226941 891838142 260718155 172815682 572790746 655720755 835428730 727578421 733383870 989805103 666946383 829638207 446649084 741645549 730232084 707553442 923512055 733628250 491762666 263830168 544801835 530945178 844449605 653027534 73225125
182525316 296293228 440721124 647641222 985854241 742996474 424070638 583827075 762872113 951020640 574264566 701011560 795666085 241372768 120801143 313371280 179068454 552822419 141894116 920638831 59810957 349142757 673649183 832034313 347972457 236010260 263631362 893695096 286511484 565691188 657615322 760433769 191921982 32068141 412735206 327651231 975364953 942874683 173626844 623300207 672769323 539291502 769053029 937089091 417779527 447482920 922928284 918498839 303243764 710400417 757235092 655840511 602787244 542202982 795725775 709056159 183049631 668453078 695895239
115859889 748837422 732247460 145829992 450237571 833672048 91454040 936311188 590741878 703776176 595580366 924899486 636841856 7952876 889470133 990381007 846353579 944766552 438016528 399068133 388573332 994555609 914099641 364810895 613505773 589411723 599722713 592051442 375507451 857335612 677517426 894980135 428250392 782565870 884895701 859953594 584730930 916107609 675985708 107789357 662563658 752252774 308077041 718656371 51774199 921764533 96840053 243019125 161121504 579840280 651474266 445616272 116394821 58127382 773468697 808067605 954988151 768163689 996622206
224744136 121121628 930287488 635218727 971738978 578503660 216186366 173983496 504430352 461931446 400067129 423356393 442642417 251702364 753180603 421857766 488020379 810939410 86697157 180605678 935409558 717263907 371586759 78313286 736565727 413562220 646396649 729834499 732597607 966328031 368504966 617979795 354194066 477361154 669773227 37770805 249934777 431560557 555446685 488021116 674784168 7885136 124834640 437071312 455675936 649480170 136783856 403433196 639766102 132821523 5816668 416730721 675685746 584819635 740109990 441507090 577243410 310445128 268724372
85821622 401808324 316700517 122129442 218056794 442715535 641148717 126250750 887379164 524293227 32629468 169475595 895316849 172500676 402041151 121000927 856327711 977006587 950880054 609888580 289665604 491898597 205390905 745412538 195321101 243929674 823188176 329776628 680223232 577290087 420039450 902545495 387965811 521628780 553353031 980207486 511165202 752687359 727767070 470550200 493137501 33513144 473711480 524220040 974145831 663078307 189513411 274644260 699773976 302615233 199535999 177925367 626015020 616334983 910074820 986716448 333881395 258030429 994075835
987602929 833909583 378754592 85627169 753199984 566193528 874802848 175046087 240076761 845825787 975917091 509139476 592597529 678977015 523386848 761631873 138990677 167907039 992416645 151714588 381375585 360961787 401252274 303145990 634237002 320432358 351798396 217622005 612709581 359826193 105271275 119771315 121581021 6833727 934071419 807453084 107773729 514999303 305883039 260783652 491176563 674956118 302577721 241601103 299110498 352860394 632888612 499558199 724382897 121317335 279033771 527690634 569778902 877233670 293680654 338749450 456438908 45897905 730408964
231141387 705614337 377519849 494596404 907149816 860441336 462783504 739736507 516026830 462818473 349529695 75619497 805969822 897506956 470768993 53584515 709690896 731834066 75088502 894917571 414875355 123759324 545668945 805326163 720835918 865556929 230242939 295732502 153590986 135439565 536012238 611257440 836263750 533222908 412546298 792238200 46105034 145631363 93062659 728320285 154567924 851522888 101239745 720311550 3451254 414429541 735187038 46005313 4214933 686359721 398804444 145599741 700547244 171266582 233830029 650012607 974594983 360674404 493717913
712101385 694498697 338148477 66481531 695868110 45172966 591578111 247116420 768916216 662243177 550921661 747412823 512687587 510610000 806626366 608213355 52483551 735442155 69620285 802655629 30505137 889625376 429882151 842340443 220406802 913274346 789086112 396438729 184391727 529913301 476511230 605805728 448794151 879614340 675181772 385832186 773857936 961316908 131528521 970433224 445564915 686111254 965825511 576366924 673013067 940657440 403166924 772134559 339304586 185685309 669769812 343469612 931114261 28300529 479792013 219177779 14263875 560114645 99748025
952289095 10297313 359684889 293293008 625909456 858172593 507162109 904240379 292412298 591668966 483796055 251117338 808961284 735978665 101921040 999114303 368196387 306512536 380152487 805304369 793283228 673546817 380197804 274074858 40056701 922315436 263570758 226500377 61029284 705844430 721255854 807805089 538812742 95111191 96625842 938886424 325656426 555375333 287466035 537528393 593726060 518837006 321782439 197079218 605995642 102126171 580112279 126529543 154599450 17984775 873199650 165350317 66261666 751596612 614424953 977760064 24914111 545295030 391137633
937089805 338282735 464852214 96409780 203073689 757275655 45356048 423933920 52909848 378838957 623716869 676403558 824591862 684941534 871978570 688364124 357194066 332863082 977143367 386807532 586323070 583799667 355951066 473459923 309790337 626491890 955470801 799053794 591664789 708141362 758804083 775343745 623398057 121698387 80356344 983423015 117179359 103425736 427602700 82108899 229755663 899662041 886363984 483181782 746588995 642905122 724777433 761180855 606972985 62909458 559846831 821443149 995780324 331301997 758007887 648232953 328283627 295720395 664410154
858547241 962359849 589291031 565509924 704501222 150223147 329078544 102239510 348772167 881608629 343738059 650692172 869128699 423955005 788452399 691125255 243130308 266982767 499137911 18963707 335598326 542752423 458600116 708663251 670969596 975894138 822185545 570875817 364358356 710420781 421976429 252542606 700030862 859335996 865249452 923658248 245776592 293820373 141705830 735880590 146330965 594284890 234560847 507182350 772911977 391693795 421155565 277643624 495246191 562032570 934328862 53106929 450149979 801266653 598776719 286294513 573054521 444300927 617758789
762543397 632384164 399015815 342638616 851212349 472628047 266500879 606963763 961853023 472483456 544595942 484665238 417769122 778348944 682617871 698909588 920890004 951912300 12711744 408122965 86730421 635848471 466419044 130721621 958471418 905031206 465079577 22553571 727047499 814071106 580110899 62537123 410240005 837727402 436964407 182251789 370743928 926830254 819519201 993408492 447514473 343068213 206274206 170909663 15699346 104188216 504829714 236469979 707989534 67031876 96694676 734344615 483396397 355523068 372617133 562123870 23003222 462412693 966066589
135964913 352879392 638961497 495277270 80344483 539109255 619592741 745150591 826581387 627647614 407484650 821037042 311456021 435825255 598171439 418243390 469566593 508938652 215851405 18445733 183857763 669230314 362250802 593088031 938845729 170739729 837452639 708153302 331674744 272626757 54904298 920493736 724672504 955790512 722625469 200932777 921325955 530347758 841775701 390871966 970208466 441698703 919703363 334233986 46125296 608027288 555260591 864239365 444935869 83867650 611524560 366557448 835679596 626420794 721155445 975373346 209730309 886750879 760195199
119401758 335768292 774762504 410996836 8398715 882763832 983708475 275813806 892794346 890265733 188568439 542377594 154244820 255390242 563691755 996208890 888017106 895515324 195753276 114764275 805235507 791143889 393539075 326943552 996161657 809346870 20227405 723466829 684090588 502706578 865515033 131137692 788554437 787715296 359709918 43873860 952387924 964144881 407304194 776220269 748174555 615131624 170408548 358975957 141304673 590521532 941844947 602956110 124356385 299739065 718844820 360660029 28866824 985246975 748834016 303869213 269411642 271577858 61137763
191468538 911523213 466805512 712379839 897903863 786742284 811314094 759358983 331220680 424130933 646018404 40556100 879442744 756131772 7095532 642446579 378304421 22305414 257362911 664617349 166764927 949695407 427237160 395064542 551545548 795841476 641911174 243340759 285232295 61930634 492737550 701173693 620449213 490049909 188104871 435510479 967702222 362385457 624355981 782940355 913482546 996044061 946554063 114105153 74760017 568708555 830070481 429906023 712672554 382991234 735971019 476891459 580977357 637541308 718774855 127692380 60495585 179848360 736424615
823387690 504802079 243901865 233627036 871332761 850772692 290865109 114828720 336120459 4628323 869186166 762800830 501813331 270217409 468394381 42220148 910368314 26627575 853232714 808967896 733318141 57691044 823696789 291901120 288624205 428022393 648756873 457665112 481071438 176607163 729545459 705080224 744040728 482296260 288926167 524881644 528616505 9308289 883640812 161428834 285285938 947062773 673033243 253738367 289648629 402777269 447069187 35675539 745452654 125013099 771147896 615325248 508928247 604329044 705621504 449817855 40223713 136129 569344341
853992091 401856754 439858842 828049381 512419763 392989666 767276502 414955605 918192956 601517277 410190852 979548922 139265789 334272260 576283589 572019806 234566162 996672235 50303567 639047617 583575402 575649053 551506924 686153109 700177993 508945555 622865529 859446273 111886534 456459585 561709543 591468384 911307854 59881098 132625598 929795263 321969183 812822982 940353685 307630178 76180942 739066563 335963803 610948671 274655682 345061441 424347665 476164225 435981238 95289461 2126030 80975878 379152699 614470023 895934906 123895010 564110387 792110612 314075475
307506906 606255448 11874732 334744619 115602410 253546163 245816661 249661799 165285568 843386917 809337350 90735938 886410046 858809825 925203245 119714696 234252540 149651696 67096362 525584923 939513283 956926380 505134545 764493682 685304339 120180293 608024812 411994901 918792606 446409535 590101175 267538978 436703179 384837618 170076258 992904651 771778100 108323593 99955347 504235478 332690728 198131459 723590625 888230172 149035561 488131765 12688730 945800202 184999023 725672391 877768446 996373795 423772516 156140850 702543425 328228219 697552678 336227784 13372045
577517373 84857609 994637484 436654014 293245479 645357074 487883733 928537764 94693385 331762044 674079888 921442180 18207050 483015991 921934331 285914264 831212899 330536548 884480907 163631242 420993889 565585370 279145351 313529085 946922599 179603621 433131914 770661636 868593706 667575425 246663429 482383785 731547507 816675939 302979514 445542504 530708641 612525297 715094082 307668401 293082148 365428997 201288841 511091049 753292035 901157934 375213132 271361897 308087639 359334190 735700898 937184254 556586702 770249341 905109872 39954535 799216425 522924228 544854003
599914331 850712766 793235299 663226171 536641920 764766966 545235181 117523882 408066037 774989008 293164455 881702520 606673097 620452188 192721420 992328754 631423873 126711873 911610699 565056311 845746582 809991737 65958343 834845242 625516788 428406671 687351190 142830275 974298237 289795752 762900739 525879214 372280452 912318071 850998541 158057898 365851475 810802950 90155493 414836666 996599717 50101236 78370676 859427256 211689772 820851442 854571987 40995533 223844108 76693061 754081232 466764283 835124830 617452359 218539888 347968659 176705710 749472998 230380647
3943103 269731454 858499620 155548322 160844793 41667009 979712661 12938430 305544594 826324064 891460836 449169550 511725356 662632633 811519822 835733912 746076480 422002203 230896677 690949016 932338073 63608139 667573838 254515453 160383447 126060801 288478660 87366503 142170606 665386092 985270291 379951663 103652004 437276586 114649309 255964895 334270998 563886161 11322457 299481525 471915571 731416041 763801551 820192293 628750656 419708016 83294749 673687892 868841554 358212308 413022773 125884574 783163863 478061436 247187868 225258000 326091278 427135168 279827693
304405742 404706186 666379116 540438100 589167151 938653107 271301953 61872660 802022140 637688644 481583476 556860673 446119221 650031822 49463086 875404551 661667307 300982580 457038346 875690401 668202471 187111469 98483353 265074786 256064034 951461062 179972833 404796784 786884171 872755165 672221914 385388547 219371844 798692007 723836144 135873771 660807589 128290090 635817604 814065928 936438328 849618116 618507371 728063951 55161467 929917090 333417325 999943628 430213409 315426378 121896647 148457242 795571345 961015826 161583786 442942957 740408166 146229158 987276985
129980168 432722157 51871878 672924303 51936839 727616426 293718661 815863863 857729303 898398675 933219915 34131634 595159801 45280211 548722132 221233269 196541955 703188681 339571439 343910376 984848222 54049030 461935041 718238696 317342665 644928659 130138431 662712389 287272980 433851816 297188279 795607621 110724518 170196790 281058632 421816607 118511352 996477791 746685028 39688833 86791192 682407416 105197141 277035275 829882663 575995662 767628726 31866066 684539099 882191198 19028726 159822302 355246846 262079707 45506777 684026540 142047469 1842475 620815606
362375852 474790937 582437419 165672505 428201156 130040970 817054311 754536291 489695691 45690199 533911970 661614469 49169167 156993839 746952020 686531209 216378064 273687763 869890343 740764073 535205570 882950041 638209914 396807670 855571599 456630763 781937118 23162066 131034707 559336390 234231707 411187830 187090206 204716860 540559404 153468013 217946485 347484914 406041022 974665751 408656850 305773218 895260086 956383527 715858207 953680794 61509416 844807718 527732031 374382908 580639072 349686510 96839046 187340668 921034845 173556015 442359099 134112613 328910161
980533485 140284445 419745172 951274787 327510271 332485339 936567995 963045100 313227666 503575451 622852128 521798269 428708517 635179124 28148763 930242264 486316683 602667507 13815964 255861939 592511596 419866010 259846050 581190393 934184131 54538332 281213381 523838280 179433441 214339363 85704365 319490675 663745129 418454347 425245080 770772225 94141394 674933540 664557016 906238380 287470312 265939571 474111315 220160484 224917068 897049841 457259777 760591434 166753519 892784331 182990706 913376565 816680603 196870432 356964677 888746800 474273898 72372871 395685298
632324474 891338061 235497350 595802881 344797828 150934662 177223964 222675729 121773175 85551662 803857720 901541842 89989547 615468976 767918399 206168011 760939825 609008204 902152842 944771221 747142987 66996117 715097829 755417949 425598958 18110451 368040210 23512934 954621255 335021858 755764036 189227141 684528691 641608881 861789092 23147939 79056069 338943620 129840848 719842623 766678724 181379923 328805975 459005417 914385962 226033449 298262846 662701768 571526054 751502821 260264574 491889173 7695131 322261948 917348227 932375454 595563039 996332981 720100014
391262020 740466813 343988268 122202580 436988797 930511027 120189263 235549886 735884243 763563637 86219684 751909799 184975202 430024488 597388929 777079745 134531934 161314407 768499347 135090608 206693259 704285826 887272536 322003469 145568451 138839290 32699044 885971428 626562420 301971719 78720800 271318838 854139423 313644562 106400454 10207608 49737178 496125499 526977127 480416275 877298383 629789908 532575525 955879138 851766459 139208419 401252601 155105462 147998576 996128676 957273902 838993877 855213395 691089669 484325092 790595703 297697758 903145513 544734094
401207624 919036447 442662886 195948916 649246697 525374776 152143174 486638130 30018415 888824029 593519626 985116471 774237410 382840281 402925858 832644679 537724352 469566601 244644150 768639994 861125751 578386271 529125664 336991290 72816878 966489440 545456752 338161865 29635837 80688295 126962151 326874041 130346224 361001184 579208188 955331058 795051016 992006605 665518938 955038639 47868666 945411013 599966560 448088321 923317358 264998448 496291488 511791691 306688897 153681932 210337120 538785476 107372099 550193259 948261404 727093496 879700538 309304051 931631106
560075079 372353758 775731804 912145780 629487205 482215450 329820918 429643402 641853400 710648530 625297696 335009165 482460286 86970199 25276370 587432829 678835972 132827636 564931348 743576204 283921007 811872101 545085060 731947681 315691671 707113819 890785237 339443158 62300839 557086969 84811594 852177147 916764575 731874138 128555071 399180816 315415762 271877641 419680161 668835535 921228392 169066886 725725296 633993503 188080093 416784840 67238980 351702434 715158144 383104694 198657478 13855784 511053813 101687469 205459250 190223418 833286324 306417405 895312091
214247824 506074247 60406380 220995495 281348251 298609424 591415217 118922639 48818428 726739521 115345402 593628193 145827851 185603810 80130919 639351550 618842961 624440590 12310412 68705372 973576974 34728630 146722803 291638660 848316596 58175516 645382808 642228565 468069737 742075994 62122603 815620288 490501257 227821017 806285265 494519626 793936418 344595162 616054564 120622989 869488503 932985329 922826542 144591286 254559614 672707204 291821490 387307017 868963170 154381136 336334819 184441689 705788161 265748709 125148907 757116304 281367918 126726693 52715622
9113645 757695344 403950281 8281828 139788993 175764994 960448476 441996906 365412209 812676305 574947901 275038961 245842807 854706881 244177698 974372070 632284065 999961705 920627856 150893993 801743056 477164690 311399908 691155470 466226299 924681403 631871053 994435295 654795561 41074584 734649167 111190359 650300154 19450767 279314241 634101160 515208735 632338745 936969680 774311798 623461726 252157927 936227450 950093915 754931343 635615771 833849620 337805921 923168545 220439562 81893445 699239563 794957974 290698785 476690440 267180876 117390082 818564477 562817070
852932365 203347856 255790193 249771738 449381548 21533949 552752388 36441859 739391992 743694363 79371632 159114997 806801974 518487120 566779556 889659600 854207135 266094612 907846851 87287047 874463967 547975030 383102371 618992355 193833368 397439640 605154127 588697854 629330141 961602607 97763462 808182216 926311095 815507972 925456185 939765254 259621796 864007029 135852817 264320845 39625491 715107828 355295718 858482315 105870313 256371591 8695881 90909311 511726846 940988743 799638523 64252476 227476385 812457441 530860660 497327018 963826704 214392344 367834973
1530885 785216513 202993984 988482838 899816540 235815196 659840965 311560497 251231251 737153919 760576418 911314165 555779938 84649017 242183914 503402972 245123027 836548559 84143683 152113685 147294408 844076729 927623014 262547714 101526514 196901862 348959137 318395835 472177115 440595764 909996117 854469514 264427102 417249785 290830711 868433517 495207209 698285949 510832147 874854296 464211010 476219261 439811269 515234288 875658367 224097962 313221182 104631440 163624460 284294952 116242373 430256968 299065065 540781327 667076531 830937881 37903722 953068270 272357366
863741626 95758517 333901891 904673935 463141654 748462407 849897476 32463380 634607052 298745200 309033753 81076782 574313390 435566546 286136543 876957212 639132994 760537574 386913190 607839535 643490116 86955126 16434484 969749836 949492002 376068644 802899265 967006061 497184127 264457186 502704121 71785504 879769776 168992632 488096381 922615814 251800386 842106882 83223394 719831125 19835506 176417903 56855856 455279447 110366387 819323395 86327524 877887721 512891436 865273557 780405358 739127037 479600439 232320594 552193332 15784984 826841316 108746680 475433613
537052628 165649779 314410652 460581447 511393119 725222622 318917989 197479714 890622459 966287693 258866126 164189011 31795068 480591263 955952488 202424066 749043405 729437672 940212757 566627532 255383659 421449197 772245134 410956353 690450664 800543146 125361375 380421223 943939946 834783692 745530598 630477877 252762665 299201592 120385751 402055449 187318004 961327234 610746810 697630067 719725485 938205303 821265388 654358296 355528 887461011 337538458 267730383 62008272 346052235 593404745 524008919 42802147 219376069 214299217 297703007 101904945 537047515 705464669
209016333 319185024 686934812 472911596 924684664 116123051 111357707 648575955 244223918 88289822 583316190 80087481 546152623 714131548 538071040 249352602 412770799 858758522 503942799 38646341 274691800 305964449 392567775 338660062 456614214 416059023 931034869 509197660 598236169 795994646 26008844 610057996 813322598 336718492 119138836 98226444 607540119 320031130 418898222 424734929 787992902 312889374 431198513 959036578 868748822 68419400 118374696 754269210 933485338 766972624 81847506 928921258 604434780 894655871 36795681 738748436 941149784 491207089 190725307
85948657 666516094 61070810 445703292 815628588 70421427 923617021 285109234 609813637 508550096 113313590 844557280 263866640 575578914 509028914 72086203 914940339 989743848 185486770 960265520 772526251 712362457 84923916 174846108 241278983 381743259 950327466 192020370 90779180 11785805 226836616 383073369 10250831 774531326 960992954 929540972 861145854 997055027 717856484 647107064 335254680 125348709 859171264 758505569 997790160 81255041 527946652 640612541 676007982 48438374 84875481 893908311 238381710 534900074 228133997 574027566 106320798 453341142 4072034
173305459 632987236 991917157 937230421 192248079 105897143 560697545 783371255 195325722 704213953 688401958 270884752 412252005 380406915 415952277 517246071 366563313 68024401 428766883 802815899 150905974 734365522 404577743 980421629 328636637 853824257 59036431 101242163 20967366 573016239 791922251 978206695 828636419 30804478 58957793 214346326 988497435 804693351 190201632 860216530 914192584 365103797 92665549 981453377 211699065 793670024 68243361 310695067 616418769 143392724 357907656 111812463 722972966 537502815 384864867 562051167 678376707 866532166 62315527
238066591 298610086 253078136 231298876 675118202 765579395 260058681 95683584 430428109 712115391 324214177 139038017 624811658 960547253 157707035 58922342 573575735 859030389 139698918 150013127 698156908 171362112 419446679 687637040 628617817 163413005 185302165 768263523 250730301 787690247 288023708 278987154 480385776 520096781 367871547 783953385 770183514 220595249 967402582 235444738 50471417 369050682 165514916 279037550 503157856 510137122 347743794 545876787 319300786 502762136 538027998 614666825 517168683 841048446 329461469 995220508 479391127 777836140 857706805
632546317 294366681 995953707 779182659 978290929 458156134 3627068 186693431 356604816 746831815 402302799 373094804 207927079 235757083 455987660 977225649 852317159 361329554 70338637 929349434 816440180 527215347 155159074 618229679 586389862 714504727 99977163 674534627 306531787 277765739 971159938 326742398 273764259 392154994 864393647 991038332 261329763 813038913 601069425 768170156 827020147 37701890 670823196 436496690 748797104 739339121 590635189 443746310 126661354 835605858 233553016 524022643 80651623 215953465 205986131 387088280 239767390 530263664 754476392
519588586 94260349 602874389 430309519 612875440 844305764 926045513 700039377 46250886 123847208 248970434 443549422 779982811 320895697 230570569 729793752 94490739 597156316 601462589 950983222 403637989 38853305 195916047 256757986 945710621 684231758 241454020 748859243 893929180 996965746 414101622 814895508 138462259 278244211 963993043 358750931 327709708 267228305 624872604 532536531 855790497 653065856 779789864 805767666 884426243 473675498 189928158 367027140 561657492 109156331 188769470 327088526 492558733 480661139 725679065 180667084 965964409 197720424 631200980
712044971 869102776 760177889 472654186 557591951 484785149 169450476 938409703 374768015 225790673 777913960 511400109 738134772 633561357 686424492 16030899 759703486 662688356 570627327 176428545 520882975 698855127 145493021 809882421 344310781 361689918 777362872 245092609 218868084 743456710 550803445 661772970 759682898 448059502 354951403 451159691 548373146 792393609 88862504 331000464 231376386 562364991 228884523 620676795 156587636 69362955 527554795 876841891 549920656 706948158 159980622 54942960 825994793 572212347 25178035 261079520 825128644 211599161 958669673
621133766 271984668 493621060 479682357 631768709 206564768 319934269 682799824 157667609 993425395 510497301 167742567 292516366 233738604 168842134 347921177 752149511 455436948 353614554 684852605 626999353 698006698 423531729 288518681 873783533 934826018 738242240 812554220 859474945 172663073 179991741 961865445 520425320 97162755 800058932 461950057 500671397 144415190 872231013 718313937 942711892 12533980 179480803 101199081 348998306 670136077 397475862 215836275 373913040 240887442 584412602 793549986 923578291 576442443 264209246 83971487 216474935 522283082 227963622
311737352 395746519 537561174 360066826 917793132 539916071 371496553 667130837 469471952 676837195 627537203 389115174 753657645 108456317 765841044 816805682 22877167 594491786 847938598 555057920 201005944 778863445 193401264 443060971 53293979 783056723 729061812 86146852 95161889 893063438 749482978 740130350 368694599 311034275 426577827 109322080 624860734 594870851 247479439 991650663 662521258 240268981 899128055 450395329 333920804 514897363 417035356 166726210 658934456 856029192 55764981 138666899 551620967 119109081 18285358 175999918 850113446 48595545 139409955
112337252 349853918 760699827 422009385 717237207 204955370 70277539 33378374 647300352 239067804 308366845 30465460 647109162 758820920 826120997 45736034 515780213 772481526 947452054 334538099 306730836 998761604 186449756 59226044 904485647 729740675 902280345 50097226 884371778 634808325 175767555 501495002 131264348 385755926 378797156 403084896 267882785 615135792 679269913 678682497 199588137 92686788 934991252 214981912 218703198 371840440 337372123 639666868 724268930 836580836 114531590 489746201 411877287 601713812 374057156 172158139 637132469 944797961 651139287
224939590 887395559 564498424 30955923 8171800 912588366 157119497 296918627 432558021 872492877 380483673 397265476 540588179 730242331 30576376 116101193 321590779 892627012 78845292 34425877 968312110 796588840 286785837 744262756 368388750 931586683 124113447 35918210 39801904 55797699 251431739 479723474 923481185 476224989 50781373 67566664 251611166 682195833 541198071 259199727 405395354 632283033 677017253 324830053 613853884 920982550 18248568 446795610 713549214 992537627 636564115 76333333 670530319 310928552 38019857 246424047 704407826 809233168 157170301
731630805 51698525 766456699 913666904 737892554 248762843 492456293 696867734 37948771 646807339 637919773 354806049 460603721 730895134 422704967 303175765 140548282 626116924 419124571 992801410 408031753 43187520 807087651 722638446 940624410 672514456 30504257 94915280 426215143 595284966 503169703 706669782 602255357 321926017 568415004 667552928 867376383 669767157 931624126 635124674 824931362 611951486 103396219 80429510 808583344 529219985 848948118 898432168 569876869 982112596 190686761 601147224 397889429 723894305 457509277 136226875 534883428 288465415 168748595
206374827 939210380 125961801 101763710 942021234 874566203 882343389 812686823 955182675 701646258 23839213 116781864 479274114 569834439 762361946 189627601 734548518 758726756 183149108 944131527 535819998 496653062 24567875 269386176 126260537 832125246 117678465 859827144 495152956 281830195 790695838 731940030 251660001 225667615 734831995 969621463 866359442 763317966 511577519 528051995 697431474 816381474 594422533 308022755 607709460 588359057 55593724 314602850 811274626 629758885 183291462 734321944 575669815 45983355 163427657 519191392 585763685 28087365 869461665
222159844 36100785 270678472 346384796 359263267 384851890 611768542 198019260 797233650 24922741 117708534 463974969 478441976 603291132 724786575 564215421 379516464 579986106 718250176 794955430 628639339 66320152 791394227 198976263 177466059 623012340 871721254 327161767 628577866 801892637 649057769 471567040 552565553 92110808 537149282 507847489 936305057 165755230 691650572 254185293 227617805 515310939 946718707 647783098 709606334 457228401 553770297 183904147 520027470 819659443 660315285 195228310 719010093 342524970 853695951 390771127 607285280 626574164 989577797
961830043 272602044 716103072 167557482 118037278 410640623 737007091 648995649 963395534 988897912 475669286 345181414 288702573 40643946 385833093 11348229 388722 437173677 588806225 447751777 438327177 634566269 921702463 366757455 435891215 361885417 131161080 814258488 479866263 588742229 980786071 683153691 356747111 87574776 789267502 205134856 783742715 656105567 93568065 107139238 137566849 42318824 395501128 890413742 685202268 64100168 886505778 206237549 805698210 322451718 209750237 665449030 11238302 290167037 200663711 905851182 147005518 54622430 124199360
702821166 724955109 525854380 544944637 303911141 149129035 618002238 375027207 676602627 888286104 369728704 903525890 907094223 443048604 590004530 79360007 574689954 243399515 509267688 225632930 638790762 764752009 845868808 773609812 519392808 252463378 787307535 931807506 207001202 247306901 449525836 30798532 969191154 613185507 596994660 550288327 910858469 399979909 681742796 715949164 273544092 485070900 57166674 479011446 307373822 204494175 287944085 481421216 878346244 905442728 456857992 787665429 523910460 147411303 917524211 537882870 676685128 885353765 730885362
824843992 149589340 970316835 900313204 987360323 36859843 151589585 958664893 78932532 580622425 998703447 601371108 911950491 63804690 306651663 964890454 979092702 177906291 847181320 353041489 984261205 375212564 499451269 601146986 174204107 556581668 233255036 176201736 378931459 339253476 795580184 266444006 510328625 716592427 696409144 500873365 981141373 701469920 307369453 169808631 41741956 668699780 518450176 443692741 501252054 955416230 597076585 559411211 740540025 48345708 734350809 512248999 221237604 957369872 220605489 32385741 825899525 266380129 619034889
824091013 133567164 123999806 48616490 815955243 323422558 721565471 715586580 522658799 660716979 164406156 669609593 321156691 916081655 11963043 965404352 777778096 353487709 541347734 523001475 307498673 34338951 215747627 75960337 607025109 49499663 874012986 979682029 710068209 569923842 656403763 323934797 881499308 569735008 548566165 112699803 289944322 664649885 349730424 873652984 716778946 172671011 101031172 639784372 850023440 758953422 96521208 11057879 823479779 905982574 357334308 786380188 140343944 406999625 363232495 442436080 36886301 318141334 837209809
539468535 401110295 140948226 261307354 31635848 946257597 77293103 11518762 822087340 407181738 434463793 780405367 124375587 787543887 562613263 529470090 98608350 698272110 190893384 630507970 809280902 344146592 316565579 147237519 549310708 235284176 226455293 767696376 971406519 798031294 835186487 251177494 887399825 77802366 949154118 497291926 230839802 963051766 558862442 477564731 799467676 622385251 3520343 673866330 407359701 909690836 627819702 243722589 5990200 367851438 582952357 966239553 879401484 740913958 760718899 181745431 648091595 333234890 58635749
933537414 472894885 427955449 211057204 671754823 377997819 910215270 595185421 629142184 228644068 144003225 156757839 553252362 579504811 580591725 812050768 698260323 758513230 71766675 572546905 902986941 308623361 119431182 815535141 508196789 228787625 174995126 318042982 146806269 472878946 505351605 853008448 405364186 326022650 418876428 890949068 386997926 834641267 700304143 399544727 61470031 623690116 756694757 916654112 606354135 71032345 495594761 435651421 676310738 788400079 977193676 190903607 458746859 529395833 936941520 326181897 454251103 135891870 762006670
750267685 489441920 555656952 647318737 325177167 651500339 168111350 941809209 462591808 605786226 492554555 388933818 916926500 594694091 111049501 790454042 536224284 608358112 935781926 268679030 379588285 857933285 803248791 999293885 42190736 189868581 459847648 141411891 477923984 465475198 321654057 204360176 863172783 129325024 546298317 359603039 546463313 41499089 207476697 326269119 959491022 83607276 761308306 474919589 509915124 56439645 965916396 204152952 518705284 341835623 150612499 331350260 834556593 6070238 533084134 366778024 37813156 294493869 340134263
755918968 36712698 431469906 128435596 535739419 903153476 810617693 289547041 51259038 576282758 850771189 932112356 162779871 188270776 971006290 80442552 161695250 634628168 768132420 851506226 627755072 420473494 659023275 956591391 645958851 254964855 229733884 717028092 613188300 472901811 89943235 195645565 874166237 400576135 834663451 51779591 537471567 250259492 529125431 521174581 761436622 267747630 941625821 437547094 352929239 576660797 150428902 264370413 316580417 638585439 375849664 304254512 784846257 705743252 884122860 124749962 926862884 266831185 850188672
392746266 558417257 478545406 910120357 758153266 915471780 882115704 521663514 908800984 39800269 884669583 182115759 571048520 868184111 714148745 838694859 470278767 423378665 511383198 818323175 442354290 862707824 946317178 32490769 586904613 789254667 843780285 176437354 756927893 241530454 8958590 702805928 5406079 402312128 26299076 84875925 612016598 748088589 116025868 771082894 265392705 512100820 689247174 517623044 352749722 88318721 505293016 625106942 10815856 338810197 800175129 457106070 747197574 778960865 312487639 457318264 658199890 107807887 268154194
533149542 896204159 212120729 871506238 709785014 767919467 481135376 557272645 587633874 143949481 664288086 518447235 246267063 898076801 383735204 41657096 432947575 952161899 387806085 308665946 152591799 147786392 736989273 360995056 738458929 842142825 379815379 923150264 329630003 494782709 121175163 159402642 992170783 116239752 790430253 753699026 111211753 195029534 221970073 821833154 799622044 651568620 249383361 768914205 43537877 188071896 610166397 551087510 429541958 572786940 646880506 349940047 162712629 774571303 722129719 3113570 519394810 488440155 666596742
447294812 867438468 972901968 2271505 864057276 60048085 983471856 285630035 779804281 672903297 807341273 158883739 921771129 47538227 766490846 611109773 759607579 997746985 8272774 803400096 131228334 661732019 408757644 183572640 825699575 981463736 439312477 93931309 866541488 270098480 471766685 528374843 229099779 231687083 114996898 547966353 772824083 485165512 730809591 714083402 708090739 316987839 607549659 46733654 946920364 848642520 957883584 943136762 296954300 297240562 145937612 868895308 481808786 535321085 694707035 925298616 317671571 116845696 821894011
591680382 153412632 70612756 355689326 356556081 794734062 304380646 705057068 680560953 88803540 564527929 789737182 286856530 212638976 79971298 377417572 182842123 621434523 741884362 252035792 200665160 831227968 414611312 469571817 724434369 690639233 287499620 909899689 827833729 886382434 917311693 137733567 668032871 27185372 404442084 948310798 935748008 884322139 602902135 660848428 25199947 271504705 892861543 919264228 423898795 846083681 569473066 304366004 976056313 545404548 953604425 619304016 273455544 23468519 130222307 177771293 553194303 656402875 216054313
52272055 890245947 419998884 659242208 145952363 453210666 448579387 38634466 750220990 684437216 978327692 149140381 279878116 287831814 469427865 90007186 432517449 17382294 71645909 920786391 994916108 702589792 501866153 504046998 789199487 176044937 219898354 563881356 306262697 892899335 154989953 937196939 712402628 264726566 247122842 441612792 602874559 813207814 705382005 908382285 180402620 765506074 164712641 396744600 41267859 370721706 833917468 318318330 601076302 396174162 620877724 973709866 479712427 260976769 276920393 443414512 383037085 676029691 727774624
968787626 235562699 7002968 127609362 171569354 713315856 17226626 341914498 387060565 79783929 495362363 908228555 687073893 145305930 116296341 821089080 562150825 6599801 876054135 282863370 361373920 956879922 852511007 685981686 525581410 27513809 82794651 173723812 251840919 987838443 759667534 341638705 347115389 298053317 376374386 962256046 21654310 109137115 401206416 277043614 342507063 756579675 415252489 270630524 165312875 984850087 209931665 475853107 216198926 911619287 146130606 338210980 75986307 775509557 578738749 433323812 801570751 225531839 386555630
861228794 961854411 629137320 249616323 938236645 280111941 907208151 834259093 425984149 521559007 779707494 283521679 72086830 154652639 634535460 112298673 999758280 826994846 325921044 809995854 650623985 789890313 107307244 572927374 190655017 421206051 789667223 622747117 18896484 658005377 227588019 894384314 697760396 72970188 516776724 645337497 731902205 472885059 898320191 167038210 512208135 256707638 278876656 693558463 887662960 240438156 15405972 777843826 164897519 426890558 718342607 926787597 701796018 171142874 866716152 478005847 706474713 49528833 701077912
763838318 112375544 97852137 750099183 526719808 611389081 398767835 495119727 886678032 836338616 668853942 467314751 395919607 767978309 506572138 635212985 58706017 465271206 304237182 943763180 789702284 640952626 73191563 392858138 787131916 502690487 190966719 850586939 385919050 587743732 86122075 349222777 465148928 354280992 339363125 250325682 267230142 977290849 347247671 269708282 538949225 103910998 41780958 367759382 371671991 575448206 635674812 424467457 208746164 363159311 30947318 20853098 84915263 410182096 794549190 863962933 250408333 629782846 449796346
889640438 615179942 249004219 511542899 348883577 863110371 618205466 576816551 941938749 257922934 888603429 81570080 238919667 606216674 707010071 873113851 754160644 511570559 190208035 195648874 415402761 361548024 423275243 104174898 592634961 665680076 680433161 731693102 246188126 934130640 140370825 673505226 230542184 891824299 292025965 628809096 918719448 55508312 683108136 782815103 858789582 955127208 113620516 562684119 83376284 556091837 808019516 344426062 773976393 789133456 782011714 535893174 707647248 381754477 17679482 24968564 647991006 141430642 623168797
705976579 756898007 623949843 188448984 570483055 932229329 194676121 362898506 506988251 162972887 15627934 566339465 509697019 279923111 458700178 501328030 602500250 94145845 603958586 860775428 156013078 395849510 371032363 598752557 331648479 926788438 126834259 723098365 303847932 127001682 48872305 810770509 614965125 294402527 794236312 667696745 276522282 971789169 54361264 47399826 248817578 175431860 934540277 860297597 312514141 602933767 383585910 709021139 142740395 16448252 847724951 295596719 467569555 581010650 856607119 86137123 679145509 317925147 841335787
64767411 165945352 74339822 280470537 589689048 241722101 948286134 934616990 842415998 482761786 292479113 3570481 901932422 553291063 672455345 982491805 366445637 485052900 445392175 678034323 683155715 203556682 483297075 430926358 784593277 227843589 32565157 745451261 412905572 608618185 540352416 286918772 65342428 176313562 262095089 133619323 292688894 759470226 694124700 743957861 539783510 10734559 682421591 305720411 448927077 364724930 75228174 619558359 900779296 767235537 452810845 450858025 521645423 677000885 258727705 977582582 843230639 720311469 582029000
911022771 105124913 79416586 541461540 411993390 802848440 926372785 109072027 689421830 797893375 51864988 363587794 292095022 526491441 524220761 319167774 710728046 914317935 143390089 652887049 740873954 292720462 591241570 628760787 560074105 93912150 770061614 292118510 142152823 614776452 702418634 642142081 129100787 810024392 623181352 340880871 902361434 794784648 234089933 67393069 52272106 149588252 112214867 918546071 699197752 360843344 930451432 633329435 143001515 316337125 635700942 990739940 585369854 636801551 855186393 593572816 229546690 434371832 778551796
370865395 863017177 486928188 261284764 629555474 276011004 387668588 354019683 884793897 755339318 212285323 464662126 637312742 137194855 862969748 187785464 217203499 128174531 259294193 991926477 616921231 697954896 238253829 330742224 328324318 623693675 311141028 137610357 740610197 32631108 561936022 625662023 134032743 231499869 36546839 557942371 137740474 761566223 848636762 536364540 165717547 110303492 608012801 801492181 269327366 615966142 340978087 846394826 641917902 902721295 48581462 546242887 662891707 884669599 957839121 943022031 316568631 512137578 548195916
331958390 814038112 463627327 268500078 985042280 217052810 156922434 605614422 889137248 349131706 408223594 94376403 850335025 865318699 487175940 730797099 526201921 923734733 159707694 246829205 508188425 986456513 39954013 162426303 594255510 623687390 401869783 239686984 651471883 806586160 511746106 214622279 730907933 238940275 317313779 538923458 94740629 243669404 45213640 867534648 904897234 633164625 433289551 17295128 59630660 959573100 88793460 858526535 180534770 606980219 212669943 631906207 428768757 368239683 259384044 673498730 619940347 20179001 501707065
594840299 406230469 937067783 355766043 731221973 611140521 750921741 719286945 598333906 540128528 480737758 394053679 961392637 565778681 678514367 368747261 505336424 936735349 478186283 888143766 541991063 220283177 2012753 962453594 655091715 920939983 100533396 60296188 770093209 262464693 405736970 145056260 327408952 686782012 562718462 985428813 842258999 402022746 955802735 576291464 893422556 138635801 840712334 610683064 718099173 11240981 486135620 32917428 300443907 266449154 373087402 920190633 174881627 512828708 839824782 702220949 377415428 481555414 615237109
759343821 277993355 906916868 34931091 110115704 535379825 335409840 536582229 515310097 126847147 921183600 892944087 736720873 39713058 101108974 367121647 372950690 591567665 951059303 696433696 435222709 474960938 60034349 887366695 220873197 359819473 711165221 879002483 191400938 153280479 309735754 59690916 829755551 827117184 961373992 71837715 453214421 61718741 263501409 913420362 261066918 612498035 562777388 211989127 814861826 181289699 72314577 975227454 411858733 403996704 14560814 857689748 53359935 895092508 979356725 741331173 742004387 945660475 266058348
47688510 878701464 555272149 982980971 59176163 813288115 759346361 727535969 375343819 436924251 249033893 76512912 652645919 898842188 655903951 227549645 29650111 276966933 4343903 63607553 533459388 682197402 835349234 546077610 127145951 577777298 336060185 416351578 828660769 936557065 717111512 580416567 998003761 480341216 79933479 580386170 504135921 388566600 89076084 372281840 701428985 201481291 537851936 795337340 875928851 427611715 947856637 842218643 56742077 126300001 307516630 521167038 874940586 710923559 110776552 54218012 750932289 763718126 276682593
171462109 644091677 133335905 642649064 685813192 318806411 946371328 767062548 44204214 198196495 44422303 840691699 923946004 713527775 476877540 924807813 69697381 435450470 65253836 327752767 253390014 495639491 213379878 894321545 914876744 962388039 937120534 820328768 43470786 203836923 600826516 183855413 988359933 464065815 406686699 160095403 437527646 23836300 961466682 655709917 257872479 213615227 297357046 65470838 293582605 104977596 235587686 396114711 575926412 382122841 648694310 918673876 17804687 686448399 530542245 342938551 671880672 115658708 865444518
349069116 756937438 845202251 360123331 522265043 512287738 414056785 226553573 206391394 141359417 805144181 802174669 754795456 116508085 326294135 545369231 348385083 401402908 303869648 513733650 546041107 284588335 332266794 101215889 153393405 786153028 964680164 382984476 395180704 254475717 901264527 631142680 613318683 454153135 138529395 234548411 374506109 125772308 95436043 928667025 571575372 362704793 356429956 22713594 297529343 507024889 480300611 424617129 614387844 447817856 516549980 573911846 700350395 393966224 872566555 667797069 257763576 167750687 633135999
518521293 775995781 899622455 249958330 659081131 406417694 958886774 810830514 598944444 884961395 875334796 411171203 59089710 772787625 568433855 765670907 396574463 252255449 346996329 447939357 649069188 16661648 644873081 421926303 92121316 879453262 882105326 805624427 307106459 176687367 9798752 283873058 498080760 696024997 951134839 191367828 367962015 13846915 645007217 494968137 96815879 125178611 313228960 848904187 128827644 911705530 111936490 139452442 723442718 112579983 345120328 99340871 17085793 971595935 57644103 384294105 844248204 577171980 865430154
595585627 831325370 653465193 717314117 84638220 10467035 377643584 694707140 76135517 319250996 608696972 216873186 217113463 256151259 582939455 473859474 851394994 224723516 489802173 609539162 720210975 760255895 457922911 165724371 492180736 981090431 712284146 585449515 468836938 454308700 298764341 751266210 393153578 863975914 106058846 21401872 337055613 23204280 752451734 69423966 666391126 572200106 662819704 303828744 118919804 79638392 837223062 635686050 84536809 202753068 990396148 264820048 55310156 312548520 587878283 627915596 856844936 353158942 713984967
703211107 708679475 579870870 944685578 445207672 676146968 294292843 294866471 485080064 932385461 296750542 656196583 388308101 442244542 702614082 832197000 320427300 881716120 315811358 942721080 77989646 831900638 219971598 999421598 336023050 804253408 735862419 88790866 986690289 145922591 935561854 497397600 607473201 230347987 165879161 34063050 620243531 720731749 335086718 469852931 466484310 629807349 976152157 536807284 5528697 237003733 66875963 297295866 446891636 566791179 89935886 115345254 106111512 708967123 707270946 892031996 275365834 863458331 212986006
127960053 566250245 414373638 2182624 364153341 728185557 901381738 50685765 967334837 63324252 295317841 992178786 369443378 134793040 941826428 309227686 920183420 890218619 399949787 616743381 834331664 778279994 520448790 275191430 760016735 475594495 418028551 621421734 738237005 305526735 72546878 629278708 805083314 210437317 93636220 372264066 839733468 809332621 40590136 278620986 370847755 438906346 377937693 842359895 635507444 987215408 657815946 714565096 1625663 24941514 840113936 468885584 889275657 875298741 934387704 592367817 812385635 361069827 115620027
732379612 204639440 949436250 494888072 125295594 876107467 447238514 347693505 572758439 179383615 371008411 845124734 511092377 823788301 136581684 399407368 932472733 783633034 191516213 65060959 168587107 557840894 154240422 84498613 457851117 700951590 364204070 530217457 17198612 306846898 179919717 809189421 146193923 175648968 651953066 798175801 316787130 29356927 544218189 401408021 7590028 795968613 245300286 371602810 930596001 588745210 54204029 175838290 683012981 192982066 857744543 611499836 968036951 753506039 73144656 332398601 56924395 374424229 921780939
335858754 624873385 382622349 942609764 338563999 347054683 8932210 734783999 945655953 122709155 230951950 521773717 881525433 93779058 875847054 617754294 47532399 680435346 892423698 55034882 777884220 221377822 686080815 139131055 81578848 699446789 526603372 950589958 527797837 600862090 172533704 654705382 659001385 342046406 76834866 515036736 52524624 204694565 212978704 417681305 686664400 790290405 469748153 769882507 385749228 81510042 376191483 847682116 252027290 719024557 761649301 247413765 346648581 180913112 909159102 266088868 154439691 744313771 157256605
137950986 169318591 191686667 881238734 881440694 518829288 841056941 985915107 774816057 356106113 796783775 637160929 783906744 976987703 473264320 732472255 645267053 962943470 320416835 917135594 621711910 244209980 240025392 489089220 479561669 84054765 834710755 666681376 675730622 590318205 113888395 261695432 207151004 892718753 956686764 916143864 249771132 549569470 352809118 253607904 212898704 261529200 140946699 113148965 261202333 205178885 986070133 79780192 209265277 642424576 624396462 597718941 772588958 216369558 346162269 479800286 535785602 292924468 773532544
106753686 555969853 602837495 600637413 590668847 714892538 295016754 98815919 300990852 289120886 207158764 50891735 187189863 920533635 740568671 543826601 611831836 700846215 607780218 631862851 910334940 549610234 825292128 507149081 803681108 632177644 779160551 684492404 321947939 256480636 292920090 785310446 805876575 486025826 500661176 671778039 550079505 960862822 537458098 639186259 805818292 649211110 12949169 828306842 785702330 275237716 915127949 635601079 528893703 701348790 706253271 278795114 342376052 282079013 376541776 577736902 833880397 526675022 278983024
510704307 636366804 463468020 620910304 748203629 973934012 888640364 339690752 45869315 147633838 835430175 150058338 58908121 500324551 660797707 625694541 978063142 325423896 762952003 231244347 870296183 181004325 861352554 15662683 865946410 547706471 364297276 783187215 667051252 112128202 119068678 438062447 523839068 105103151 590985001 466050757 299484477 873696491 142406555 904875279 562245448 694851910 344640613 824095617 65684608 736259070 895521830 788782336 113622460 94198721 464560526 622550183 540719912 77219510 71695844 522276422 375050948 323675381 331040641
175576798 401734371 234217226 333997651 592882982 655203502 89272950 454367323 440502281 828630687 861891118 643502127 803219238 636483846 977888538 682085241 997001551 305560199 741455511 545272181 369081610 265583770 76944118 671951223 609850131 888292874 150949371 680328035 448601816 427424119 895976286 593419827 330634492 135714260 613922125 450432117 922695636 169438953 343055080 187437770 909957613 707526098 733389508 142189161 423884932 225354622 154475369 393539481 933795852 649540913 262066644 663854650 178532524 702094594 518528502 200690749 846027966 363241054 299212594
474342951 529409362 904370819 401757923 739572115 548571304 145693446 381790932 857209261 39271098 831867469 731584454 76578743 753815472 492041750 81346029 550250375 861875305 793276399 460449651 600079879 728067833 590793659 30955252 890142644 631548709 814033459 255565825 965415200 218636521 468078946 951129501 923840881 321514226 754726184 62704835 892592351 5320485 641630649 179382494 699496249 889695510 815515675 584587854 346871393 240452754 222145707 446453482 522748107 524423189 74802073 686086777 471866371 509053268 896142695 741047608 854552868 613921205 706731374
264230487 598016353 986245330 164532824 517417083 653861503 776273658 190135463 191805502 867506521 220689840 166199597 738989739 679515227 266289194 818752914 980110786 746390024 83872211 479766226 738839802 195551605 592775369 478253500 218266554 155672779 330530399 237365108 438409182 933828040 109475741 210796529 341246008 786810943 254944699 402474624 932655885 164588691 803665578 303068735 227233940 158920256 58590091 162066595 877328251 524643411 574722357 936163826 801679713 132890093 237015219 68221898 385817437 705337539 689452996 572821912 860593782 639152545 264304986
369357090 259376680 339950818 557988891 472329470 567346917 601265914 70391523 714245912 696225938 467202285 543793472 566724912 429087494 468274901 846880245 616608601 795355278 201216095 278543735 727365756 809021036 402777934 679668339 229484755 828207955 249198071 350579782 781144686 911715821 764847556 589211523 200114609 850747221 722170801 232067185 829067732 63582621 170436818 664736139 300387682 908104778 619075787 582658046 92689082 843359443 720115798 67565614 256782994 688119077 17750465 266887729 17085039 668997154 793375597 471479378 830079277 319784477 889064528
721762192 692561789 30632287 867270260 144301596 953836642 130123942 724729718 151859166 496117171 563852193 232751368 842129137 424513181 820791157 40559983 738281507 111254558 543422267 355252229 286229878 605417355 847520383 365418424 925088930 799168267 545463746 450645897 234352528 606965273 498024186 241032975 177148128 775274501 953767949 652232433 392202852 656996468 841672537 124596080 584564131 372187612 856658991 654160602 586892887 737652745 209853267 894412312 10131695 244143259 809133438 793242401 11558158 562043781 568635356 524796804 552097290 706427280 802099855
657029347 671882094 798766294 832231210 714841458 543483256 884534087 435597622 946012796 948276635 945606439 706950320 673613534 320388863 829878158 873152137 698018186 219451132 63610087 300653861 832227846 866309027 824540529 298409693 793337067 370471989 821939649 912320637 866113638 774880681 530811198 86683590 315703481 619974954 971930276 571215853 687688891 315129495 894966402 727104026 847058516 48904450 321712060 760123370 986457347 92222258 96784393 617893358 249770584 857770017 938440309 709251114 119571577 328537981 475326945 805723286 738601633 678710315 213827966
600992161 187187101 437663936 606773078 292738217 705708621 657281542 836965059 300490372 979933737 443955070 373566710 165083130 921369529 394307544 869659505 459012680 337593628 465627516 611617421 297568670 213984898 814915332 505766389 524004770 222122162 303655872 123601705 700023788 930582405 498916400 793205757 706802312 703057513 749983886 162116887 940281463 537447135 550820674 644951668 384366637 703200508 617617771 81863139 110375444 549132268 823816029 629194120 829897992 34616427 494738205 813870171 202047194 180736842 579631847 6549159 126240973 171544560 367611817
863337611 176765468 234673366 67500933 464467580 506748530 599059466 801126995 711908289 801834096 4282797 180959772 797684470 524658218 985856629 225424288 659455626 713140650 745302572 772723921 895637312 294140780 580083246 555898198 741564082 481773281 538215407 134066441 809083849 226669292 980183411 338583161 1536838 391204968 394364372 701923177 925109821 736684191 9909696 544265551 147493013 363003348 900417529 142808022 489443721 281724859 801536979 801419612 111116329 195764220 525821369 432051573 197982682 682826931 504625576 90036070 835091154 824855283 17987505
