108 24
684898290 391683683 461646865 310301113 462800408 805022142 996096381 108023103 363378247 2047778 697404131 962841682 476862263 481706228 481676023 761189598 205603128 879172936 513555266 938267588 489856169 763360363 282703518 466267992
601502850 905435994 139553723 509942756 435222219 77061704 602499998 109735972 69892386 75318044 459424285 804900297 977780538 384971760 559815268 413049334 931582806 508370323 300776818 628185030 662235858 689284104 841539741 819697860
606140059 243803909 538280970 609908593 251180465 860985461 162839862 98516417 156352940 861098231 44908400 972269982 920742196 407043676 797735004 76355428 448936584 895708204 915888241 207769187 280086520 478748706 553713020 663436641
510343787 15586476 904053531 545257237 427664858 56394604 769457987 249748141 598966227 622708153 714807995 830687817 575013879 190025503 88607647 638817149 638875260 501258202 761009117 285248467 953298603 666487135 267152315 793384775
28409187 377894612 769925199 965062345 718679444 78023059 822507013 777116351 36096709 562618283 943484702 184181120 567177104 130581087 688477739 810764761 26800672 911083173 137165461 595517836 885694649 909140391 757075225 962219469
4450865 362736966 37490756 483395011 851890799 593549458 694949115 347837709 768208627 206134867 674474230 380222010 926611790 314184579 673149248 951144271 180131749 671730130 244193465 170225222 570679090 973812257 543211156 81520521
396822723 826895623 282866905 317908603 111221049 694570831 563802852 964314607 832757259 506653816 346245092 115695279 735457216 344934196 401611613 327718902 545982584 332041705 452062119 140704758 867354724 972504371 668601452 842722900
661745738 591413856 525217582 769927335 888496130 955727858 485223870 204047100 189991163 388548641 105828550 395104853 482059959 471692631 54201921 472763685 491930442 134472370 17201661 702354390 438355423 511935621 896882720 478434627
543134515 186655959 246333344 980894526 812722712 915918306 338763465 84973835 481560052 434719893 446552507 415494627 30487359 69922579 458388202 862879602 248691208 420281650 226929052 850664026 612872305 874198269 833161327 999425710
808308527 285387059 253604304 126776439 651519499 787289029 960905860 167552051 663349859 63969883 517811747 313383249 362974633 579606736 869694360 708700342 848708067 427280306 360339875 151144251 562732073 241811139 979787607 94357036
562396459 44900730 922373788 268988874 517342121 336895875 163137198 418676682 135077624 308651323 736603292 31443925 813839236 795320885 225812426 500983302 279847240 706914231 844110959 676750703 434395223 25382717 923613720 618376852
910696791 90829045 427819555 782702062 439853569 240872002 35100229 636149353 994584995 773087802 25312517 462006246 513045406 792618536 363678782 964796858 407980007 674555914 911398305 635025709 752254858 368315667 168880944 113457148
912720675 902383147 976567236 342744280 640640867 955410026 654722441 912989157 29788561 681638305 249394813 582759228 316254726 743253201 588636916 691368809 883394224 172987569 173019671 919206381 502626704 766529580 188978784 768078269
613481276 38197985 696384543 928805313 813876573 877728674 721857016 403701078 16860978 61196021 660031843 727907533 719006220 341462934 797057835 98689001 707794896 183625459 978571760 836160613 845303160 763154350 9913509 668580460
988189074 641954847 903444242 949777183 778632895 83576016 7747154 24549651 779088437 44434175 554162518 407310544 935726654 295419679 805226337 155587923 544818871 323222871 990496395 41430156 673154962 739636737 356727358 152324577
568109908 150829612 950518204 606032554 489504151 426490395 753013910 444850867 215859081 418423236 403452726 976875197 409243756 940199250 725506903 406441724 567159316 231362468 146457223 791411610 56763244 518840523 798335660 103549235
507542769 62918288 528346236 831456599 322903349 503516907 629854723 700956428 549245278 881894029 336229665 162666825 594627492 11790167 768099338 671592316 87412182 532902625 279666628 485714949 233519062 514766068 919278764 276213945
484872728 311618064 284004593 658915680 48423463 813714407 211977496 112911414 504990497 218617824 777109110 498255982 362597942 779821461 413951929 165222058 7986988 897666389 846403424 439518085 535517918 888666275 640544830 697455113
953284024 9373877 786679803 67174457 326075965 857903862 10542483 617045385 967937410 9577860 437752789 576224096 330617264 757777842 24718308 396114845 275435653 133709447 581131706 795341583 511377875 450703678 736923296 252513788
867741184 804763588 785125816 79135899 638972549 294491453 533637235 479169434 756405359 326386816 322510619 35653272 23968481 487868566 999512906 398110892 336265104 823518015 802340465 564120796 277726022 804583277 609780307 682505895
245661279 495446470 209325959 387829884 326293327 580130086 977440249 426943040 296562457 917777179 105065833 831922636 600417753 832057959 356331498 959692141 866065724 424409986 547746405 863161443 419984643 621036310 158126868 994084194
191341444 587433089 873575431 256542996 140107816 97079894 461853090 629488276 441510894 766672604 574482717 78174708 837061095 866283661 253788931 866810552 230301112 974601369 144487859 377894489 7265307 936223585 122039266 938378436
931978078 570968828 865932567 487147224 70457826 461759925 829709358 190056683 472821405 12654218 881308118 929190726 248519577 260106159 989295379 907962020 147155059 759758601 444166588 24369847 814437596 736622260 135685886 43643555
675830044 337141630 893059543 406371201 155110538 842507625 815392668 434065630 147789845 797642797 566817907 319457593 918211262 814306227 855612890 576939656 831799323 756137115 796557598 113552052 547264214 891270839 89697253 548084760
240770860 537138574 871531173 147058694 70224239 921405146 172324650 151489858 774418564 727111946 479086356 820689029 150478950 762669505 381637718 621522171 595047073 352125525 402259896 304387781 694857944 871649872 171800918 131254648
510547775 665606643 800536352 156701341 848320801 701752494 448550744 309133871 129193819 520954281 646954263 495973664 470456031 54332991 448423111 495541716 108859187 787100797 895092906 499709603 297377007 504110504 513563986 863412828
12287043 902632116 34981415 62321853 619574126 782221517 989340645 189926140 641359688 208202194 290269979 128785473 93625273 466953941 18408620 376587305 923310143 399616668 547477586 782688069 70600812 339465251 918225174 334507929
463455334 515375896 225354201 136769309 90965862 339940958 844868047 336717375 722911801 966745739 903418111 757368927 346144706 158797417 440694468 309976146 187158390 816544632 733586511 384328416 960520158 724097643 473323298 230923078
7832345 940976551 739621270 753080757 683418455 507698631 936559958 736542673 95884127 687751194 186469858 161475378 93124362 793188131 408977165 135492070 855016389 510827288 270953856 42439917 176356115 390950500 556242741 654888636
999599369 841038886 689799164 639042491 72201937 986215088 904026105 509506247 171502375 853697032 667578916 428133297 259419359 669578858 2289863 441199548 140458333 747646148 79510020 683209251 745634587 807855928 720327245 271202449
134582311 462327709 476732650 240545703 227581090 963526655 584862838 147765113 924486466 281905435 419436386 379883537 454933968 515057380 770416241 781997547 601995691 577210625 611800378 328157815 349282372 274791756 859722410 683728027
351813024 72184404 285400447 197789486 597064409 791948764 239211726 336799614 624444061 370956122 692939389 840025547 605501357 493710457 506159562 762172873 805646688 821317015 859735490 754461474 938019869 40666183 757027275 185056754
176411620 337136593 327408667 767821129 765104838 231322541 461710398 874145709 378006376 987895308 752776083 532481429 985791877 794556495 253608400 595924975 853120105 470256525 651954554 31683739 167652214 975073554 404383854 462292717
319479971 749475034 544403035 44360239 699888376 258898970 906891589 934416412 745119507 523666360 562112516 120155495 967505318 140332238 111733955 800855090 32382454 501104939 163134849 900967063 26147422 423236049 402774163 682250531
94005962 473455992 939342624 723156310 980568380 854423306 397641124 368124964 754662987 973532709 559526509 774200438 519829919 420838812 106724385 328980394 803694710 64542710 559943222 336641039 981170722 268586478 446582649 952990058
174682249 263929585 933310600 483478389 806057636 155776419 129424472 554003546 522824960 380744282 873762479 391484220 422597696 735624609 646046378 173486254 181449113 586945719 38206265 956269369 873345876 400672270 168954782 312605659
715893583 437681612 34421746 366984835 917526397 990314573 268407200 596884118 485475425 225719967 181175784 457666413 114371479 378703620 174708317 158042837 763168844 824386420 946686312 807650701 652478401 531763736 420131523 234394059
995150795 819649488 990824958 338782648 28116822 975068846 574219517 898810351 630848733 577733753 772330615 573762050 331093748 543617835 332469369 422003957 892904127 272455027 722976482 8381889 183249528 577922356 738432996 5063122
913787372 151387652 101831305 737905034 491613438 943911854 175277868 225678524 817585699 841505968 510737404 895773489 559961317 680444606 632340860 101950758 921177185 235507005 810851078 6351820 475812808 86364105 998705475 251654087
967794401 713380015 788369588 813798832 790291590 413372276 869485101 391973523 929322786 783669068 224586580 204894834 257524026 448482723 134742823 543028928 4407777 577800856 183930483 240160486 109535041 418054013 343818333 612594881
954332441 643787609 837364957 427220258 151299386 410419558 375314750 870285901 374500873 956551571 318750368 314011258 600517377 663523074 7500918 479051864 941060398 281150603 247600905 703609221 765121970 159835448 648515570 192195351
420911171 163496135 518884004 833732630 242077611 501666859 753345248 358416895 856425031 716475403 941463358 29060419 746159753 334687042 985385899 818555333 716753783 869833565 881740773 762990432 168459049 820056352 991841793 176685663
669295438 55639809 488960230 272097795 537089960 194558892 376822480 189528833 920741515 906964093 3404749 970569729 590076258 176181769 259023427 23802400 29277482 24435349 619746152 347483503 857064182 955045533 639619017 820223345
507641961 411253071 9299908 533332897 166550079 738899725 293234189 806435818 403927236 609884143 807483437 932472109 174549083 53212735 338952446 200517567 325669880 955741435 357630768 421193704 832010662 956370518 416615368 707146340
762995459 380597303 402188444 147483878 457703871 479086264 528080600 433495697 936513057 300026536 952812411 401426557 355585410 617860618 298130395 844059704 60987599 621742228 882154013 161145922 656311051 667937329 851503038 802015375
559628747 39723903 306442253 101439753 75756984 550419026 344275118 369661964 473118480 805263407 947937304 401520360 313894438 333840594 509016088 417052259 683188190 777076904 351430220 752163636 263845938 534068565 871467177 565511817
78881967 737019440 207128566 711282306 275379448 267181762 228011598 314822835 933997378 297207627 292239266 167343270 672526551 923286333 346312245 187167319 763926675 644790207 810877214 780978870 391147882 266863659 168972489 490459689
340186848 586090128 575589238 275678471 257593743 146223664 288819641 549226526 494499749 330052099 900231928 436747053 298559331 866517811 186012657 820656491 745930143 362759070 872551217 562887678 294758467 695701080 772289949 214914693
60593867 113892902 170550509 662873487 515035339 657932291 62790188 812286242 426392679 424001951 901819962 166035253 859839194 481817051 245376586 682476085 350443248 645737294 784444004 240198020 217507723 143912131 847661540 85727221
43616289 117941177 418638841 624991826 209831740 667293921 381973031 364575702 666469113 669511844 393752773 733394612 904401290 236289435 544148352 623910030 665560500 351701781 746303958 568187646 741002065 94633876 153857948 734449680
264669136 514927952 689926009 146816710 603275440 954641074 811154281 636455315 184825352 934951642 6634810 966895329 253403906 265302042 694325522 17237387 581124188 465751161 63433191 574000483 406597862 771662386 188438533 293467565
143699974 255063602 453719948 735996322 818026551 726331549 916381424 625946351 668392325 622104905 555976567 271979571 747841042 217107009 346283454 539330948 432841877 182089795 916694581 98209003 198639318 753152323 991213982 672281315
802894387 639760614 602048402 408683230 50280991 301607688 765521660 688795584 802715805 975745590 426246300 750055010 89274057 845388341 214848389 503516688 331425615 715190393 173868447 85402892 187534066 894170798 997046822 670674185
858798855 602074931 249638953 382728112 283331063 514359706 732682508 224742174 735354305 341545770 605086982 251375204 855516277 102433629 31996836 637470214 698713786 616452706 302890564 605799037 529668169 627749788 230977179 554788533
648904303 113960481 722970927 294461071 410846351 681910587 100790238 901422944 43053726 917548267 145313366 152901232 880121765 430435425 370242714 138731389 957163587 543507077 283935107 108469557 217250088 731538034 382764861 549526975
754456987 387313141 782980550 150983475 159683573 344527890 2079090 315817501 357039140 618866048 328579433 162558462 776857641 441689896 195884072 193049035 803677850 660126889 880092156 79215212 77852449 739656919 42053002 666049854
801499387 986784312 519496778 680009874 880221561 883851654 840354567 120633900 368991362 45820975 445136480 458214852 185750287 480340184 591827275 277923720 680641966 355082710 223236493 826613912 251666689 548759987 572498498 861292937
460653628 240198063 989721691 799283427 152332201 536099388 581140763 317591459 816759079 65223553 190580378 247661498 311889575 13566425 889368130 403153547 553941166 488915537 926600533 542777201 49660631 4404525 765100900 305002551
12727374 481880675 20138201 137583518 157491797 185128990 12904815 307203546 390520003 290592572 526224564 671069973 277848191 763085777 601065102 228686315 586733066 411364258 372124083 156249069 102473203 1052843 202472495 991684126
788393824 451740058 56758242 376931705 443331211 302983761 809559807 208728936 842386243 954715240 933201039 891466830 765384039 122330536 394084076 116066815 356846959 922273425 747463750 57302595 607451875 480515797 613211937 25506647
14450913 435730907 558141141 357052523 194160795 528441661 224179213 459885092 315482583 925877066 196755273 654438172 368754029 327850884 230070620 803117149 204810189 611523363 701274094 69350890 927723382 64000913 477736443 213573943
742800256 757978860 457512529 785235883 704564755 790532232 213379094 398898981 499079918 547943786 455905089 622997108 19321825 923397838 601249564 546637278 657114963 677618849 217250505 621972890 996990140 676970503 619989433 573115990
513648940 95101398 998619190 364890033 625742787 40289562 951575002 984331970 126875191 327110031 651029526 869749391 873042769 304301098 974013101 87394455 294199151 650821521 403827254 833133385 300068612 563322014 147920029 801357451
690903316 710504672 813931938 884320308 144211385 463059737 305879896 589969553 756737696 122283457 472714919 118838500 219072396 288537473 156070348 523548128 171673298 994820026 210354388 877594671 594807260 911909628 210184740 380244716
884149159 641396111 804397300 992895017 563394884 994509805 799964623 211856234 709638746 490130245 94786324 503644712 475369378 105327610 669531512 219595344 262177130 872736802 421084290 835986113 410860563 888428040 94999310 425309138
158965907 157450411 253409227 591747529 473944820 759246909 32113085 770200933 142854867 505494180 22922427 837646933 538203618 436388348 915557874 459169214 192710246 345813778 465967712 71029433 29057977 747300331 56012633 122298066
485501641 513324603 54157062 199525002 208375959 853279727 496939745 369015766 863407802 635912612 635862075 70143647 39214554 674113837 391045303 872640320 900588597 368016400 946110156 603164939 741241885 650897417 513760326 149525188
910767735 94926727 143751877 680740 337716541 627951146 802227772 112397143 684762109 550750027 105820019 84529023 833901657 33938036 545915014 298145583 662472325 330897891 634665829 535089136 733337036 256695564 142324818 161810879
502314252 747805972 20006501 805153165 785256757 171340631 581406731 665137086 788138445 804917218 890042755 111567531 412265839 95485433 929837408 972046112 807729223 177556115 662113034 130622686 509367960 891000025 428269372 296516890
125741878 531905707 170317447 391325948 161718284 581056794 670661582 661268001 248808088 28537583 88483017 833754394 223746154 276320547 386019458 835742699 61716905 338693989 995263450 240693388 501066637 108631703 932187653 321404267
548421862 93581137 342131978 975999977 146707092 759063645 577931844 136446680 324294156 472418617 599469795 941598468 989854170 411256472 348202604 899771303 700705817 998009057 36172597 533616370 969074940 694932655 602208490 289570955
803224905 884947279 118416651 240826889 401155289 504723781 118923115 456556922 37252890 541928135 625662131 446254047 283735437 827441216 823770332 215885738 49710152 693157583 802510777 163978566 147752564 957070021 285444459 831298447
859920080 744158763 17439978 967727190 527709228 685254457 540231811 679553246 832842223 794600160 149739605 468131426 476018322 136115522 383334611 310684301 168423971 876123188 949728069 36048896 939314371 80821699 214245958 861317327
719420200 93800620 687233095 967658756 143428380 190139106 23399947 331168539 28358140 778266635 819413289 12544644 633465657 323448836 727649934 305156133 807300314 485930841 760935160 89925845 187367417 793587661 634956668 341689826
325335362 410190552 777411072 884941196 363338103 179949092 264802241 644212616 350452718 149507600 894967759 135083389 615632657 575593005 495124876 36221834 534084829 483248579 850214193 733473471 297738596 2862669 456954442 122572191
968706891 445830136 543212084 778409636 443145292 657311785 77903014 367726779 583225781 462153716 27023909 543475140 847592680 665619621 408605326 885505811 424110041 443500603 250026896 853127154 162854291 912742888 848045871 540837917
95621811 380575379 537253443 257773636 666920427 909024598 757705975 211671692 376357505 170187775 971481418 756594958 884041421 940352915 999302545 955889239 363785918 578024647 351542515 298198503 775849046 806221446 362043883 940417202
20004393 748908654 860839626 379840930 136789474 120042834 54167603 452248594 47047871 192602553 451028381 95810644 612855312 152980061 369291221 252611117 696230331 454979246 488169849 562828116 990757563 135663437 106380670 12479478
972548509 889854097 740118442 549399349 774878465 291631365 661947674 923467684 956119071 610168808 833617086 758733 371308351 68252587 809841112 866460331 678197312 666285175 72813697 844638768 276597522 31155877 433156644 150059456
267991612 491533123 498161153 337461940 396749655 783102614 730985899 430514905 854867856 521096338 694462859 79769838 122777642 749635940 316397914 353659177 617332986 521274345 989649067 945421747 649324777 35167284 3759455 742635303
175337078 384842252 983849006 238384919 262975537 998408043 220306213 2718855 404590913 352550144 755995682 401482864 255196639 896918702 835552602 336207423 292709849 314054667 771613140 707528275 62396688 604634338 634519532 809580162
606469626 646374833 863392209 824546964 398624288 887087148 366947846 755940551 519667361 31044024 636929509 7600201 507937454 903785456 188411415 45731777 159161356 8423716 716650269 173788103 250749845 567962325 113073611 357150056
424410039 254828091 916085191 245052579 114148083 296079551 40591374 948500206 476418143 888064129 939792240 835493297 687797285 73773779 647298319 316090569 724472322 448654523 157235428 804001543 239906248 568575349 609273914 580418735
493566428 686729455 903155761 598563322 463045560 941320268 3607100 876327828 938451050 181174882 31259811 841971998 597923603 575866428 561556738 462468013 981661034 893290904 397187784 974371913 577391671 487220073 813343161 943853679
317530072 521879638 693313133 309601424 877870271 836172601 896801999 183032976 961834481 664374690 316122782 144519239 997008776 888437842 343513583 652511235 87195443 543096768 732144553 429181188 596709041 720747671 411556359 112468991
996289626 901107254 949630234 628364188 951039894 254142767 213726533 406199032 289321315 936704456 857547199 167474724 505232595 50090109 228448020 987324068 663572363 381828732 857711525 915594736 177484358 239049767 507605027 584367606
370118992 374037398 897178136 901644694 419755276 121676562 635207262 53918501 694735471 904347547 365616549 765237483 745488258 280203107 975910130 53020069 239801827 113680977 557115930 785377027 624183620 519918719 183215179 844471851
770744299 480531645 150603908 715583540 223842609 519579915 847767576 193161900 254082563 877622563 705415472 517221907 394742628 609814764 156428101 91358814 964204265 226510600 949164458 697113460 227940667 74131783 137025024 676008884
966253721 705930546 479652543 350864494 430099283 279241857 189250996 286581861 457871952 162383781 121373309 690026068 224958345 413762111 905019663 990359397 654988940 999337383 353138225 154786747 465631994 817185126 701622270 553216746
851754761 629211580 539406951 470322297 655735298 474831387 451136431 510629479 171372740 436415401 819646701 285717923 910588991 105378754 895506573 949954195 973558778 166283380 445542607 514353038 683655310 391966978 529066567 403530594
953641001 11760226 507130459 112573903 301503756 176079807 533953992 817367049 641095181 673930999 536412958 498122554 388882198 126307101 539677503 660825853 429552548 815593208 248599012 916387300 113868617 762679683 929360408 813964276
534538794 667842667 744989371 71041316 886687617 336628884 204837632 602840034 138129436 822904981 609717487 427169677 397865180 285738295 506692580 990957819 89047863 673698297 705849614 191295733 94485431 360537487 580603377 730712759
256216697 869615711 276546276 902189681 193581487 668556034 469854100 285062600 23286814 346922697 974258047 682946645 724569505 510841910 571562106 424825893 963408804 939887998 418519852 81304631 256285609 597206286 296425872 854458113
888310215 295581187 464506231 312556 203956006 111090352 272930564 513506003 413372036 262023452 361414958 291718280 153514163 725203841 508772417 770405711 836878104 376221391 616458845 796484705 55531566 49994022 44892662 846681963
744491009 343104095 541069394 462043404 790327988 433213060 247915534 153125210 448664827 822399572 930215834 731378270 397338273 391953344 259543480 684084371 763807492 802292337 532375041 350561643 344659348 761462847 584166240 636213706
779530840 558717371 375091348 333074569 331305576 319959206 365488307 185422580 296369268 110624376 203253154 145574221 960438587 19831002 45995677 820956487 619443733 360212524 687353525 953475211 1777002 755895296 88721229 797950262
262098233 197245853 933359773 777999961 966797714 844514429 811855407 121557624 686407452 907698895 670935909 818536460 846601616 937795061 166910961 172643329 280994875 935646471 635692634 478915640 404936832 410836815 306131070 630388742
35684948 914137803 502007819 324952244 825038017 728107695 921367300 977766397 374638179 860594144 889623618 959852690 675521006 365902201 558080496 58101913 515608230 847472458 447469070 719472170 133190373 50988116 444374256 548688337
828133016 577048398 447185340 59194639 529272259 359083811 671444207 194204377 321458425 597345138 107060953 239182359 953496548 929815821 221669916 183182886 988684739 193409658 144244273 914308439 928045543 884418677 142899683 467217262
303091253 379426412 823523281 182179363 924957095 777873666 810484464 486605220 487337163 601897100 124675848 286733585 678128194 340898199 217379122 837276415 670118722 30462816 837526112 626607606 6267413 61184602 880422357 827464947
8360600 813388460 658333097 986470375 210915005 197062832 665596230 789823541 854257417 687667062 503699950 24356664 373621014 37032766 306271026 507505851 577938450 945075202 302143356 594550143 418723647 832378858 439655558 539728824
352255089 615961045 25144289 597384080 128125587 226506199 190106480 822261667 334494754 756379061 286222314 177138050 765134256 830607211 124165979 424756784 488256098 969444774 650681251 79015592 226797171 882270795 292051189 318486613
227498415 328202478 761635418 529620375 53073401 219314524 648388652 254898245 37128133 623896593 754844827 320248358 578386590 420562114 543084587 183689591 459117985 640253653 948083252 988602216 909388288 173426660 841203553 667544735
594890113 871465022 135355954 51505587 553816317 617324902 641412474 203444658 635320033 732784274 500579041 278852251 471642544 943322413 111811426 560539621 935743614 669378901 898984910 157187319 239333751 304546398 382582088 37318573
181968982 60481869 923667912 93583066 925463278 827866461 436659352 23715520 769404837 545372798 125595354 122241945 925293044 461073873 78294015 611219986 86799592 354840621 259484241 919673803 735515556 906183837 149401962 807462872
650465245 923956960 102500027 147302211 899587164 467369448 219947526 999197063 998007168 725382235 480181733 670037270 995500985 690237717 70843969 533537749 384456206 688173988 619914971 989625243 163046552 331126987 496611270 275545269
171748613 528790271 433486826 251518053 44529942 861242093 145444739 175666014 994501409 553302514 228715169 460546634 277150351 990966945 195151782 861769796 665682015 521464641 526382539 581083998 853323682 60051533 441286042 759616797
13841917 108707570 81439605 3958008 513643562 190853012 761629710 889666268 648383607 975540809 628671725 86194091 530059589 943380316 784369390 263782328 472122762 638767564 513820352 827363660 659504976 242792394 260979559 653709605
