108 65
609781721 781214093 880263448 158395347 647669081 561970074 137471593 367434765 764812169 969370304 951378853 517642504 561280203 577138310 434305754 228126469 549726585 423843717 940464459 367682199 948534368 577737707 904580078 268758823 468631360 133990393 263722478 446072687 762508109 710204037 62705449 829657087 853559729 702764921 114720946 401801148 542474760 487035986 888479056 56479324 804587234 802300066 369126398 125575915 537347652 75466382 406571625 928318536 879984167 233162576 409564021 913913768 657400568 497045430 569483704 233267987 30447127 866805409 234202622 68071394 305237592 303451528 207223747 688056135 624195204
617562866 118383548 984475333 895006169 989489407 757603406 993079476 520027270 416959456 3983893 926127807 597980720 343714907 59541087 51959397 894152304 285196360 98841007 758207355 81953107 887685910 976877114 420830376 567274968 459297862 653945965 140459495 557498998 550939119 89634149 493377289 445244819 439572793 791216501 802765360 145590286 910167778 769758884 71357526 843852214 440274876 513744172 688438212 385823184 415972652 5427196 679276187 594615189 802380205 395018551 997182286 374568625 14608203 93622963 23171878 678926790 980007977 616856187 119246525 848239335 110247163 61884750 984432771 276863005 389661581
457803037 210409789 61337573 223352122 341464465 548600448 151864752 229740917 608896130 139895098 988992098 826384964 352453761 355048490 249175252 133755583 670456655 877524067 82700371 171328918 225410660 159307725 389463326 307660681 41643369 819000228 155948267 893021165 10630846 111183607 952970594 458836270 303998453 194579242 921616033 759298375 53344341 930442356 509772726 140287051 329677656 406196322 184477480 408305376 639216429 158864978 421922159 444638911 900428598 630228473 634591607 321876278 974398091 581608926 489666850 382216101 389821558 177867740 173829059 899521540 932610805 907804580 957073571 677437276 413175612
833946937 863812479 867135561 707938864 553548146 340621064 305763711 141134060 390540411 227174754 672218690 192665920 381883988 147819685 366507244 541338669 382554449 928036703 170875243 284218986 7954584 382701841 59411392 743444706 440461990 520812717 767243905 212929332 769170378 989592863 852874583 910924338 528956585 947683265 926782849 191076962 614513848 990682340 545451600 391546496 203144389 22488142 414479273 206187002 329236335 397740983 740893830 176618354 568027049 20064587 776871797 682047808 803697467 954763819 637196567 238681070 92207937 334905067 641620130 390846650 830389418 878363158 768911968 717761047 4638394
83518630 397812270 312160300 566655880 593946252 800872446 908553043 268061825 172672814 764115541 843284635 349611747 629982179 590467277 230137927 460576323 145347193 676645012 624599629 469584648 795541424 339993836 983261912 732198637 269067709 744220585 538096839 172493699 857020616 912859062 519096876 991612588 329702254 889667984 553450189 915702561 406307647 966983113 725430950 315521774 807156545 742747526 710665316 849163249 134174315 272373506 887487980 567970910 201912875 277991945 340673746 497567037 745278177 890322558 249315554 582413034 696206945 228392149 9613979 332133781 738836597 355787417 307333039 658552768 455999321
977320167 480704389 460815044 381113917 199712498 192724407 63618380 284206535 710912637 776028820 375320535 632504974 929289316 585219999 489543994 699645856 495027475 820427790 514044700 519274749 222635789 516458316 80667769 234118169 31883622 311750007 552457760 526223966 269108298 701023202 98257205 657206696 170561908 348746133 784767407 197841607 266293943 851257288 57894107 762435072 28018297 91815020 495126999 124692877 98018867 280434850 898055192 504815640 694752498 663946561 621056997 970527556 769634777 315434324 100892889 644963364 3350173 542970522 692327525 714731970 870178823 68484613 540460107 54682522 284333686
185501243 505511716 332062236 918192218 126783000 920369371 866315053 689081018 778385706 645844272 517829286 650446767 10819636 210015799 914218708 128383719 321181611 908923094 913682166 237863971 74148924 989287754 11021251 60490169 592303940 517867938 721177057 958461714 76537686 946975810 766722159 909082925 882947769 486453858 251050364 176045851 928499175 960435853 298355853 679167617 327161872 807193891 917569307 826375705 114528149 856492759 410252050 393428529 108957837 838102321 897772372 102514474 663328579 910238988 978840116 315043322 459801269 571012889 659461628 906320555 653829911 375759451 959352167 475577050 996729934
367922858 141467687 528750136 964377206 484757296 344331616 710169356 479251549 361618670 362527275 185910960 779673605 447852344 318964244 63578640 456938278 771416629 160334749 507773998 291375017 153342816 770181817 946504352 815342638 591215626 912422737 440438800 559157383 719769045 51386307 484522683 492432443 61869882 961253214 952051955 769324292 300596228 470394087 715329437 13080401 726741459 280274198 131310260 189781189 520019611 276186906 375843268 739623606 870530338 510107921 222291055 480559791 798391173 890466961 162314988 513141998 420146099 857942818 181879427 735272166 346411504 361179330 581922834 898907583 24521556
297468511 383018123 660155601 163407434 583041632 851477364 882722861 76427537 266922269 759333221 472802068 894154302 439369058 946921101 416875645 514580792 576733424 309947694 851918227 148036283 935748860 526832157 161985077 866605398 221146287 788748611 887747957 427845613 805214116 430464030 299808794 680282679 822228076 599431232 423599901 193686337 747355405 342750671 92011055 282386409 728129407 884153860 916474930 18870115 690373678 899018668 761362876 344894904 756719739 484844970 270769047 271653442 316221755 466265459 128746307 561515058 345255734 545076112 8112499 703057674 231193513 716470816 757784204 633518371 716378309
688232787 396913961 800017961 851008557 378275312 356523161 189904793 703872892 102717904 168005471 3310922 255871165 181219936 578474418 279579617 490256625 311139107 377311227 379259739 716394125 92063790 503629145 854463879 498599417 433569963 347715616 954894985 336279570 723312982 205975125 204542297 209780904 55080195 51334196 145633346 192341249 465987862 347974827 791150947 739031124 109609993 408757724 939788081 335264335 516941801 59407775 628147443 140901778 579734234 426632189 445210949 840304178 616980879 469446582 491840662 71039543 140587474 515733180 236433834 579575838 433876226 456118966 900214808 475928407 348044432
691245438 236264652 894591688 234799745 746690979 503920262 418327880 392128495 209258216 267975258 52200485 437867912 401047747 151296047 317584287 742214669 645460703 370618688 767139178 617147092 345808282 289210014 280501040 917388359 343962248 947604395 106391821 572780643 710727406 268999328 346071569 37519674 773410375 618404104 29678785 619094385 300102851 381090883 756939671 638543555 104295875 976422404 896601981 673101948 728963167 900148435 879933526 947381246 695248352 369319564 794360694 839505728 879454278 199928543 94014500 566411081 248159938 513181646 329606687 544045242 381663293 923837489 684696598 324857922 91518928
214368309 761566767 380987175 91240266 609021401 715858049 105065924 91200430 32140655 661115289 907716101 331321265 850904097 993935097 105788396 590237248 534332522 815031189 33350160 517132024 101112473 469952596 346827801 799377580 397651794 100080277 253654341 151583204 990152716 23818407 425805030 559710040 757222291 450465871 848605922 471586424 911938695 441247558 13560882 872317415 631824348 227816889 306584419 323068411 279786841 668448455 295675672 965609280 777611289 145876231 731533957 957758706 633563916 324262143 980402678 510428038 668724087 187094446 377453382 897068321 104624496 557012227 361024616 817730591 716841059
961003107 64436706 74385806 735786384 516473127 357202253 177317296 201788554 591140635 403092439 385426045 276572601 151019265 842567872 489972254 458260185 173352204 574032864 548815219 801844089 612413285 883646496 700680846 557830013 348729002 207816188 371633974 23479197 920437354 374214152 533595493 182556644 46327210 623639400 78617547 821937713 15563619 325299798 379584584 189417657 408362241 48098975 643079285 531108995 428245733 470909478 818959900 396714474 537546980 698671456 848165308 440285471 549928647 521981911 173456646 633151653 668585161 732014760 88190306 615239123 5493276 460800260 899673707 680146773 636697444
931466418 755885679 221718956 954690362 777834635 644682992 972105641 827594410 343834877 934861605 20687094 747233205 757578890 142398074 257696909 313955280 212921926 227432203 597044542 504806500 302628955 295955501 699389998 919622476 774472840 180414694 885103955 216186201 564009118 215252592 254969 538137809 697790210 880235706 594736960 286884844 14961967 181868262 774346907 48815446 257227313 376394188 521175634 596822192 764384554 742902390 434236929 256125199 991683536 282568354 459887383 953827708 178548461 316293956 532108120 881300338 274586846 948068609 431992156 536082274 906504213 287107764 624895757 26537266 713660311
734818284 683175981 142902970 312417663 52396908 372706510 650801734 269375353 279451051 910553559 646639895 181548872 202888018 346274182 398043106 18920256 991015360 921617897 989014351 376521420 833916809 122174819 4407419 38495977 336924403 423214382 924873078 731202217 197074551 285008339 180540358 31281586 896507206 825258419 575277283 745247933 590364098 516367234 763798201 888839191 215661056 115097798 391184425 684818979 444029005 289413724 131974023 598518229 324737446 319969012 204027677 306603832 136216126 839755152 281986471 667708906 72510460 951479817 271737046 894739355 628189946 593057162 371093453 560083090 128083975
85753619 45327783 173951527 666266918 916522999 160229359 965478218 831319053 466255454 972271909 918663419 778499751 278275012 509854016 163228367 601426322 252809080 86147623 284180850 358912674 78275358 484516407 770647327 653151068 109604654 486393536 782131242 96556412 945260914 665131656 692025719 503012207 532329868 271768134 292380416 754129114 189076845 887143208 539377746 914100497 288599519 872828750 568959760 193693600 80254205 92440652 4662127 570864838 718441654 837280684 44419257 247803381 544055629 520736618 761111498 926915668 132385243 292177014 714344854 898163517 793835724 368464693 383051681 886050495 22275166
967494657 244486789 818137629 863616293 738367908 549689456 174733900 846016650 825817057 241637283 602915449 784375111 915067883 546526452 933950593 820851692 750876396 700543053 809042296 346491742 558349952 464826154 279590947 686439763 71831863 334782239 95492477 660422358 580713238 687394896 584696630 168818889 913250838 37100023 505409583 359250014 295514788 78560482 923231999 444282270 216072224 618830323 960775281 464768994 946313054 80644766 432072196 224554588 278194472 397484910 991053930 624831631 789774521 78193280 982052873 586952915 636485699 156051462 69335421 861458642 642678634 455191237 994606612 637953038 729680328
206381719 893429840 785094233 475450215 289551082 369702505 143152218 901243722 74186048 789266120 444014095 730164708 849778605 726490253 930638662 925246878 614837084 115162123 720316450 627274582 204485386 573171015 162832796 86507227 345971593 494855804 727702016 936538482 365726271 980172441 519681388 176049748 651212196 112465345 846200404 666814765 216309192 807048138 418127361 872448671 738020554 321777343 437477133 873309373 393165154 228897630 895533032 328721808 505953624 666576283 933118294 598873494 382950922 137271579 167500527 399104062 605462250 249246138 15052702 758344813 720561662 790807558 938502691 792140540 434325599
232201665 603371409 822240567 197531834 546013794 378126800 294864735 627246034 445263253 656365596 937077545 220779772 193808311 23070596 703077438 450679457 965760602 748708204 33384121 854141119 371605191 175679499 475074988 918397289 202781303 388298478 176965531 812420419 990789017 627123571 980951294 635278342 339411856 359507279 80251076 288712962 742048114 946390793 679371467 677388183 799067274 941525116 541778537 242339259 455726806 948062041 871276774 730090103 334221705 135020451 342286335 620204138 109956490 668028977 147017317 234562116 940581876 396884271 578476604 831905100 856404628 390211229 382735772 661684699 361328238
913839822 706229012 763382239 267085881 769010923 972851234 935778137 681826526 697166702 671724476 76688095 276277757 692721319 243070154 38550555 900557927 493435195 843956393 665466441 308152485 267646111 745217449 910364349 234599280 328939425 484433296 357506395 239517751 248458976 20970006 878014237 35744668 94565199 544991079 709859985 120318967 491349174 149552804 228693592 40335825 694432817 614759010 306957737 404962410 875368111 203962153 353387211 386926645 226809204 360093686 904641438 739122519 210664087 220337337 521952275 84447275 347334533 855522008 51707055 176216000 412439420 887004586 491698957 510217305 186922513
82879229 971181145 789878252 574683563 671674769 735109077 566865572 485099013 602918811 159348055 268569952 997458096 334234435 841949129 854222385 974881678 575657766 49697704 429142240 667107160 731012308 734685574 221019493 413617689 365086035 331478665 854930033 831597489 836253594 145779433 483617253 450763348 549015831 983477878 579251545 143867144 690245674 644180239 262897302 630268458 936969384 317476140 800231452 452834282 248648280 967501397 639793565 937045706 240292729 444475816 125709952 422103075 970507579 666405463 385048671 183330975 383709249 148738600 483898249 233493696 51723557 230140403 13820289 324459352 897560820
584855080 583000957 604522511 571097518 902838086 90224871 163781601 331480263 512285797 344408032 527321501 488867753 639420333 891119032 528363623 73009712 118957277 119755127 630904374 483449644 498089413 532744280 825392727 246716642 196554443 210464840 72318440 167385996 240948074 529098347 546582110 398866388 779345071 604621720 159582207 136416093 348728763 856770776 656104553 395199290 321333315 351264747 610441481 275177589 854794515 834643394 737602469 564089994 710359686 719539974 835738323 339283433 586455824 348447888 833060991 663886455 409696693 728841199 88160873 324653581 320575631 726806501 20541605 452409080 710589259
916239082 766639641 894240887 784407468 536568744 987769090 85200705 548082695 685698941 419178351 367273980 789874118 624002812 637406148 168709575 942534118 626651244 970606393 862969009 449420152 609670727 17159769 877877823 904495651 843565500 880721796 340941802 196431008 224417070 656361837 282498463 500220733 551268532 634907548 21199421 267552859 880194711 923361516 677158938 945876208 2645974 233794574 651176319 94871302 123479717 996627973 284811559 605806138 600315113 132874920 758287044 388800062 616283326 88352548 597600122 860839767 947102961 548416631 297333858 201744095 528115591 249495030 681300233 877757892 749563444
342856136 701080046 866092807 480452325 819572584 216484103 223315519 725876279 968840743 361262653 931182612 462767613 752845223 211396587 973108420 788199870 63530081 319397219 85288096 319331636 729315360 197310825 216773264 494433486 447095428 106663606 869719179 438575662 787776896 804579958 97933856 315465388 294501341 818624202 975532273 487357906 999735221 880585543 308458802 53018591 271278840 750647157 546093614 183176772 623185386 986308946 658698434 260569641 143826851 873211852 662854624 110584041 721755790 100720458 394726158 159458449 520002794 300631588 268871397 739650661 801177420 374499622 110816658 327173980 31975195
467424274 235872599 124561567 455849235 752088091 211990283 949420046 63315907 438857834 565185686 729134267 301455375 324945052 79480183 787303788 190093230 470928706 221962046 966410525 409956780 478140511 856912913 255361404 844996330 728049134 146443563 729790828 662730905 695013466 139869529 709930370 787330243 43237124 80641915 693274251 989910210 161513665 53689609 638550020 419987911 977659993 956636811 319004320 955375956 897612041 793696288 190675142 340419010 866999554 684315640 397616913 462032060 772799976 406434010 290536142 619831234 322372435 709959327 490125441 808125608 625974609 141013173 951412320 549850644 253831906
104550045 654522582 179269123 847968379 260351596 780867330 571766852 337932932 19004238 460689205 396597499 978406874 302406143 317301624 364966688 303166541 596944208 557172740 878215422 931575587 881873576 609486791 310744756 665266579 935446144 251073766 658200759 882954059 826015462 708056373 602793550 799844587 765274619 592405697 203411989 389189768 800744565 53096007 237399163 785523754 471167518 763703738 305561667 887381070 702727251 481921729 837083399 864357476 60416645 961355574 601754032 706250066 575005371 168407976 771533567 192824815 718383631 415167962 332067336 419906441 402345260 457188162 566599346 190580832 338037975
217403274 114830904 616530984 449807459 443696915 756673962 304859275 703446075 393905005 369884781 719253925 315469404 343829985 248679607 897845894 34872535 142224359 78587412 295814068 513818708 490634160 672042468 440064422 526601866 58344093 879635418 170686794 380541640 12347333 378837118 871087231 871690352 178382963 570287532 145043100 968493942 526632102 523296531 896915688 318277861 976564112 413703352 846448415 597192026 745654808 896917872 111836659 822022023 443191640 657626473 420540809 660572337 8053535 312617633 437559288 522609971 479434863 65531245 297036238 739196153 190480896 373566196 800845450 863382534 426265788
726882738 252751651 102509294 315138625 731692022 274584191 617558364 45070690 622535779 667386365 633158286 305370790 788977267 72066540 65664980 661840072 614724847 935668241 810981140 446204725 972761208 364494885 761239881 614982289 90636802 573373013 362926847 268522290 506540884 967695296 344810201 126955939 877803913 126315773 802824716 763563811 995773329 601451154 356327137 113329699 21822129 723559806 684516151 843504844 774001407 289845680 679907582 910884727 793698279 185377933 380698301 445594930 560778408 207129454 524982796 958125634 492611288 290990111 281788443 393275035 718995164 755027298 316146218 813504618 794611313
421236586 468786191 89063052 126489894 49471073 351230131 557125908 387236575 974495970 751161493 386720201 107706452 67852415 249202757 634903717 589625743 781283388 640139498 812116567 726210674 180146450 334232253 35172546 665854255 397587053 39337356 360072572 913069262 311987887 252894520 855835728 177090986 600907179 868523575 908558780 108827636 360271146 624689682 104117620 242365487 318868841 129463272 494987485 364677042 453494681 151498986 307381651 836015401 355930206 891448541 717755875 220540693 740954193 541436571 168718673 922314311 791063678 402978450 511674132 240279145 415090406 45403971 561076373 900024949 647183102
357958596 835823604 184869179 677322287 896762431 810717315 164909536 543751764 888648305 463732553 287397466 970225727 763348523 697218432 862533621 907118132 462581205 341493014 810174416 346675819 275951846 353740080 571879777 800095634 530453613 152048291 737673965 802269002 854916491 968994938 579648529 910420133 530347511 273763955 212239420 965919407 140881017 622881665 123630898 312146658 360742767 452443723 939287946 975833007 192572747 725172652 226402609 486011132 654693650 115199793 260219366 351844513 99065566 731770782 598110139 377005802 250541150 310588777 20345754 547602712 42536785 433193277 493820862 993888736 125258766
976239225 600435254 196671978 275163136 787158447 380515173 982075475 654614562 941116709 607962757 62635307 164302215 926189911 400734239 876209656 80901588 353995635 719290516 706647602 413141956 55423451 218601112 387926469 726088099 264970919 603037617 357092754 176529876 560262688 663988924 74748397 359047500 919292230 974782569 490098976 122193428 626609740 997043642 93046759 967551946 984504086 468366984 421796851 508382752 350148034 11509246 877820519 949306204 747404572 452623132 844077662 12091607 784133928 775849269 522134883 238165886 452097948 8744049 149481975 215587924 771394147 306546764 872815118 918186222 975053851
743370773 874990994 592357365 992529048 105750384 276144351 439462312 837885279 112120532 809358149 889647191 529766955 870586382 314635146 975737577 69545324 276586685 8781413 410682711 887951043 591965395 626517252 688815407 399516552 158102810 653024647 86480402 842012996 447494573 221313922 804358709 991462455 365120122 263680127 31981284 179563475 217930695 24917114 851921659 901285695 354372778 33179747 210968427 645576149 471497616 990093472 507380667 145743780 892276407 283409800 184396420 698021870 74672307 608879080 241484788 570973099 979057901 600341378 62253132 272975877 990845983 332119946 778526306 891296986 812162265
303792935 506701344 102045501 539500032 620530680 495930115 95468533 268728137 685764236 928327836 614947837 429510082 124109544 441543955 642557186 424581194 162726150 663614367 421439464 688622612 68882768 218776847 499405638 832402728 715672361 299208260 320104933 622229218 929332068 455799988 787160388 588129393 965162187 595820265 941261335 627896665 438364825 168941312 16768196 633743346 171426560 44421931 741557733 565849574 628103589 51924527 433907912 646702263 295533087 604592615 20347890 624217655 841000571 921249727 506857880 150062861 643384763 750810937 875485220 857712439 665763410 478640236 395949238 590056067 821227177
79716480 969575840 854671124 521845662 412013107 987369705 803046883 407483648 328214615 8388299 247727420 222759444 358999633 931334198 192621373 672816147 22848156 257978699 134688858 520010921 236222276 186665441 345132508 726737016 959853676 982379523 377052253 117315987 263422152 462980207 171857485 720298499 864362019 97665817 881013360 535329862 598721499 874504614 17156190 917702091 918060384 88434162 264075010 997479799 641742521 230471818 813251868 20476451 964167934 11922226 450175935 49140507 577698015 34497889 101850323 187051680 307113243 790953664 642871700 48221799 777745674 306620847 631429905 162474521 573215508
700151232 430372526 32425425 691449656 257334842 933440674 488298657 717225862 198132887 489157754 278365453 976451749 806181126 847722900 67308430 567572558 480451306 770132901 320875792 973019598 275220313 689676084 140207476 617620616 858058141 543939100 249649167 280975473 488562615 733902350 515651625 328022163 327634647 620266253 373611903 999183242 415473637 872548848 836259522 226590218 607007740 738727651 727897110 614674263 528867561 930266086 46805396 597710283 330986416 556726604 629537736 384238419 487910151 798011966 276874803 570492402 814011354 823932726 682314186 928594493 146950085 838379652 287886709 5069278 761022365
588169932 320273553 60328978 784811495 623756678 460273007 70327851 250358111 448700285 347594706 746205710 994732403 771530065 461681013 506314421 396318918 597151733 757473923 344033454 959388589 476365105 574383645 900273306 856426165 620165665 313580760 416340399 762170139 392574388 183120188 35568183 469266770 94192430 566355014 550872079 242510721 351238310 904121318 702966569 615828994 956435849 742505346 822786570 616521189 914287893 554929778 245388876 717634923 72858335 327598209 792587549 68497035 347501901 341835378 356031935 672177520 621484061 544495225 484524038 599941368 553081052 657961662 266907357 823974711 892668272
757522910 679688897 662866418 859187855 157764969 585876036 490781477 878423621 279630949 251193483 929673598 641281138 883935177 628770769 721600223 141005130 284585219 488447970 69275871 408411603 621940339 982537376 296105290 398503018 43873774 273223810 127909021 729716031 278405436 148998928 802409099 738873556 699234457 384140136 825374330 63923841 175031608 63651004 352318470 568419571 341872059 570204882 643288958 655612073 97041597 404131971 347737186 608684662 937379656 454919228 870243307 574579202 285837663 230604416 893782915 60442185 178349686 640709731 862774600 822839834 851487732 59824144 965875854 340008601 729612216
910390597 642485850 137887677 515440785 756620242 700689895 869044947 706107589 106034718 854391589 97660665 312730251 471711138 230647605 780724132 195131537 546691947 298435822 9125146 129421430 697156252 234255707 275331321 117327185 158280426 721500731 31031982 450883624 156142366 108498560 803611647 622001274 581748631 527449297 697324930 607595702 601148613 994951175 509052707 47804097 288497071 126009779 740983458 355964532 394113134 287163031 837436946 735347740 560598192 807890729 532398172 379732217 760114230 277877267 202231226 538414015 515165526 954919093 603032636 614841623 730668921 276275618 697614406 899098143 281076126
756744990 37281040 688987878 57138902 245184423 351469861 829196017 955120326 430574697 104746724 156947897 941640744 854265800 172323074 934315819 292139849 83843034 247588615 80225318 760158349 685199082 761217484 966471424 687206631 197942775 672530947 31624194 971786849 119381298 253496495 520374759 973868698 497770116 651907495 630703713 529779523 863803909 515478552 533028500 983986337 807389830 669207296 258335641 101031439 580863496 676429748 495028989 151825528 911495235 68431962 236804927 679918817 668141856 345949296 919857237 771407069 38297919 663306051 316832808 659993879 767505010 816824441 40439059 599224780 875687488
761412232 857647208 105222478 402382435 234074940 116571371 827421826 537732426 237923893 524023125 365604707 769680024 169442662 943443666 121663869 379805603 116132248 669510019 854799986 209943030 262978277 38861565 681282681 431612367 428639549 598813385 519055066 436449442 920244964 246750946 440170099 467528084 492209394 347090490 663188022 288477696 375471570 794626357 399134632 425396214 313525187 840402475 950981476 146400439 339371354 985538027 536306582 480278842 471236606 781621811 747688065 521325739 475062379 247012921 489386745 725401830 13182256 391497509 667190506 938593536 633988913 98330772 487956943 148500415 612358693
529314583 942873915 727264797 442967832 269370034 878771540 687369673 624727275 80335197 207861075 999098277 589731023 68959622 144095749 81177161 286135502 447500941 665800269 510224511 975084610 235352391 768947616 264571845 486855260 340095100 816978567 679974094 708773534 468029289 652101408 795469313 238384993 266577983 675142046 193103352 988785744 728494242 503538373 906272771 632262891 455214634 578924654 718690467 42492678 700301029 133466121 476602895 616771399 957664211 679110422 817344690 633920939 417644393 246423979 729065898 555467265 558227983 402956529 989373259 556911213 91780258 501609383 458977690 765649895 948689651
108201118 316106963 559713466 288056901 433628987 377796068 36316933 203553235 846806008 593689327 356645181 516847944 149690594 779193804 395052713 769816388 907550748 322039428 345669093 215199710 867757147 980995031 905603424 413405469 920722793 651995063 764606941 445550462 978470051 691923915 478767862 756400753 816206203 909417965 142573460 68062940 492012022 914900653 601523832 843009942 909619502 264179147 835699382 42540013 985645009 495431872 990583349 343966753 454500512 547264310 284075568 762308070 555480305 396260747 520894391 965080294 834885422 128592723 567485487 419206973 89173844 140067795 843222478 262559227 672664437
170326151 117397536 809159078 851497014 231408540 499596933 78629557 710750034 77882998 851247792 791351318 998074901 258495020 812794153 894967209 379438561 35293191 548827084 744844482 760351404 666495495 970552904 179771563 338773888 7185758 778979489 323628319 637787898 957186290 15747503 129667793 660540876 581901279 669756317 813534691 729332028 398514675 255449194 364900463 208425890 909015601 115274859 802711810 274703086 982956367 373735111 461724955 651013919 973212215 766652922 662497713 749651149 986967690 211023443 263679402 170503072 334272792 771438197 160531557 658658006 260899433 859670490 102409265 121049537 85492023
362488651 106362067 868174407 665556210 708376937 969762309 555286880 338380859 58527528 419175409 749503900 517801833 928751694 554299322 818705819 172745991 206427641 986444787 456795794 891660883 80614166 427959589 844508877 90649537 472299243 473815118 928944679 956385143 696921485 339440989 852701331 536141774 344061035 986213815 607615127 975270359 378790081 671343797 318622668 233609683 284200998 318385188 359266655 501024186 360026879 699457219 23133843 26870198 342615817 411035336 745534269 733133477 924290003 872143964 137380934 362334362 496446785 313874458 340453933 642940763 607799819 74801556 229933955 800659685 405677627
598074830 778227564 730336740 555038131 106393537 354429476 838260284 919195813 293754073 715665784 78030723 222184985 966646648 280866121 658962820 318681706 427556721 744941581 366348477 624899529 838357133 192868686 117378785 788670137 954264841 498651688 892952408 137793681 182295062 308185039 282945466 337876477 567225432 993631239 883506776 628508029 922272360 93038506 336992947 364277221 53221202 205472038 860791299 571606748 767849240 125334268 424162225 355652957 274925869 68426818 433600989 417494072 785150202 325275938 815478233 238389906 896687196 858273113 378108587 911896161 514817060 157655225 186866575 39472881 677694614
755154855 728246899 391951713 366124522 612623773 770826362 510652199 403972815 817503657 161752698 865302664 350415075 82054893 774095229 571368737 579731772 723598109 238761284 859683425 476981474 426965764 980812479 733688332 127877458 977661695 608142998 612291257 748643069 66291072 112379299 112770645 896626630 908706188 690888054 919329439 845429128 495183166 400735952 18304937 6009486 458858050 617349160 561538141 971716633 918173786 183363625 562887414 390393054 60404189 81910322 437465987 272529285 217971763 741747412 226771047 507544363 990016090 802751064 902700251 604643809 976595812 187357495 683563371 832194858 589147895
688608927 823467125 53766273 735240139 683781365 184266925 182952913 541122608 877171278 908746652 625192443 354796165 153471220 902147612 942842708 357412290 869360615 269236958 899623460 369079791 922813785 346299620 527208743 437119659 999727921 810107911 925782544 371050406 743547785 771287410 722704386 316810022 358764336 61471781 725413397 935981190 647248937 295380339 224877527 41422003 207894570 814896004 746189768 699482798 590045982 746995668 910706140 554816524 686906788 897512882 813467133 804778873 774822285 528243394 388110983 220561712 121817185 509909883 88743626 484753285 629773787 52670890 870405004 32863067 705810537
296942829 186239876 1937070 333590445 366406969 778507744 604135691 287002366 573136725 188673728 790282771 531381736 642358109 699162040 99531772 830455976 737755455 671462994 777522191 752293041 349195073 903768202 840394539 945649961 282510457 91973968 837128257 637225836 903780692 145213194 565225686 725635976 536062480 598202895 495407492 5240512 93270337 895752493 176816760 621707274 989984336 394475043 46713846 35760785 751948791 106692136 469713105 179827251 14701254 705610850 181222131 237545475 851267489 998491248 292127707 653086920 463276096 186963681 217380634 747275133 897323950 318490043 923641045 353479119 274673867
165566709 800966214 314170018 845461706 894839036 292397627 967872652 301381043 401631538 179699094 660217432 663341282 762659946 228338635 689155461 986127238 254573422 414009701 473896133 1051427 145649529 264714881 589543038 939359761 751154366 892618064 131635020 89954298 736088287 711357594 591715453 363061344 159746422 754258486 222280339 70017812 647462543 268817299 909221318 170716864 332704044 222965299 547311744 650421087 449791424 558273066 370207199 303807 318955701 146984099 565133878 213963526 390732518 826933851 736382860 84591402 344348197 463145508 491172379 445145464 567777206 439787364 629225682 150016014 883899602
747760275 565959124 243256672 134408486 142032833 44554487 820024503 982508369 76048141 494446662 203072685 692115817 137487663 882819712 193090482 748695415 483445743 992627094 353430666 573594102 592234667 598519089 895944909 326431832 385135317 965071657 930084198 21403521 719647347 732961295 256618773 490168394 990180510 150318500 645037805 289498111 551097347 199690592 372675798 243166433 783075173 150601964 480045068 16575142 976622616 643859112 841862558 949591796 136204936 180632614 535142128 322894313 523230384 606898860 583753273 784511638 630989988 710386615 333546246 209983359 791638279 963272563 529892533 242251037 645358997
759967555 785953531 284344412 315333019 118140479 259961951 130523421 224895098 339948465 973318844 551509173 684690472 467367319 611871171 919446636 512386990 32984869 876455798 948112383 22117291 222122816 423752367 524551711 807972047 681043203 477268375 397495536 322583649 289645118 562288175 398034059 284207290 353285618 86073034 472332668 679766472 337408726 984399505 289033028 951644044 614420437 775077374 772758232 958331548 222784654 600139617 175132448 345108129 453215699 545909598 508416377 56359130 505369130 670883181 63899188 966803608 856071759 324891737 330265877 579382720 522048432 749890754 978632660 176362316 242519791
26748315 872827551 202332106 146016356 674547372 219751062 516642779 12383385 824476945 87972430 516398773 745963212 37077945 982778447 699333794 37011824 66410984 569996182 787208575 2360492 942524341 164036116 426835262 181022426 863102605 283309356 222136932 91034889 848056750 29455929 253115020 572481404 65579693 505637126 159594722 283832873 409627632 228424788 68222632 330414907 797691189 481792087 373192628 657676689 909769737 431569209 952748784 201851196 315927634 995028886 931612889 725859845 442324678 761346303 9774081 679592933 204550513 851487863 83100558 148413322 442698291 554053369 969416632 347887832 731869504
620922863 718376014 190166374 904503710 548932540 228368178 662320381 719557546 106182196 484991192 854024221 955541395 13124895 541912267 599556216 191034334 128659129 645032489 192393077 632377824 770733621 462318626 915069614 529860167 865691189 142688892 318728306 776786834 451593044 430726162 915071556 162267284 437703836 296288080 203032922 333238517 262753296 204568761 96042271 479707569 569774372 807264610 579237297 87304087 359662399 992835956 580680291 426228171 598508608 394334381 230900796 432953924 946479862 673317600 607536759 265864783 873964455 770327664 84356865 552755978 244612746 475556057 418969343 826828266 93862477
359445800 2178885 630233397 835484303 699206269 758257375 403543177 452886119 190983312 362300300 743848787 159013083 232972842 391927870 187566425 196145002 329622951 650065819 209223473 460804739 474837883 904904319 166816967 452691467 780295338 881663096 172083163 701948892 988214093 162201673 33026176 664553024 187040532 244641895 658461599 226723962 40988607 224737663 894009202 773719357 220180388 839979246 555928585 522501427 235830829 826435399 743744968 97201015 907355222 985206481 66505191 519464475 798452019 960334342 32848625 643420323 397187176 731354134 478946629 41943176 765328559 590238050 358350744 413199799 799213654
656453633 539226993 953259279 888242110 561047614 91441580 775752423 648486365 776908055 849309432 825534853 877706941 905684672 703010393 356878760 712907259 312334622 771599782 105117950 597429576 568144973 801725964 753058991 411792620 404543771 754547849 388440017 292882494 110249866 238673522 803880433 617076269 888740178 427520493 347185552 967467962 803701340 281243768 570795171 106530427 744899400 337965920 654872851 254194970 404141544 494712395 960743739 192762324 934177731 408395183 243731053 953316603 431206547 581858648 245955437 580725621 633386183 95892198 526270196 314758970 492366338 321011276 737261102 375519705 614562714
780907603 228610365 425315060 298839834 714022165 581705652 527931071 517832384 701559938 129191196 984642693 896932863 966573278 5679986 462014243 669692415 28333889 237842343 612162443 312352280 148094997 814959647 634065219 316922459 599637404 316578099 202722531 857852425 861478504 603649967 302373531 139758617 304209889 831148372 556592298 244259254 777041091 928135511 277306856 60106431 632349597 977399520 590417981 879557702 890341202 104397196 517417255 269220113 346688412 337007596 401129529 230978076 496882052 7156228 729212822 601553173 640839147 591504332 196858490 765815519 183492101 734065586 657301937 254522896 749581273
507763991 392462878 894295410 319939778 71710413 741073206 577740933 414174193 502479775 28055938 160239612 855533288 507640010 439891745 39638076 753385984 391675004 941635 924483552 140484324 305470556 537479599 127555127 622633236 495085057 99141438 41096132 646076515 392419193 225511005 969891518 204977530 346235844 478164623 90420622 602016339 805885783 581095401 761126227 599080638 896025242 197686165 879602785 298746079 678020202 901035087 680124605 913767854 388949656 950921963 430836387 87272309 995141735 994417357 423215873 244437078 738291986 379194479 470491129 855921859 736683588 80816095 529610083 205150212 906631838
446141246 75644744 876760757 840256052 24492866 111508584 696268612 576880400 653036468 118157493 327489655 102195630 72166387 396322262 649252837 950700414 687788912 224300965 47069304 714140006 880824368 192907953 151596785 74611773 228215117 341702333 591387236 261811025 811495285 939634495 205123255 369468642 522896233 116996578 434655016 26631845 787060864 498290436 72888004 905201217 237008673 80782393 985719537 760148437 850933068 700839110 608005605 350186096 604921106 572944422 359606572 590506136 903307545 870623369 718208038 54023364 749087513 864174416 259818118 220675554 846177889 7113107 240451284 684758482 193121362
629067931 263021292 548346856 914464483 470452328 913850493 232152942 263506204 864497195 926421387 631852576 798975387 468666061 246522606 524781742 195707154 924143463 731058897 662607677 739580614 902022600 292722995 610662886 716847378 522149107 511519337 841932598 865592290 654754205 770978714 975353005 486898489 465075 642605378 849861439 790013355 84719570 48199088 607945174 778208483 508264909 427364743 706778573 160044062 462292779 279760961 77541750 938966703 952947367 177562791 565742742 309439609 915017134 265194330 335939300 796526712 907074788 631682382 985057421 223970616 748306591 696936521 294619315 902644060 864083307
39127401 267767273 769760281 800893572 112002459 376275129 918761400 369393759 894362660 565876254 381574167 825810209 122497820 79311882 817101609 137110822 156754414 667973089 620609905 855087996 917879770 419912444 284924043 899210341 933818996 299458856 504514468 382307289 231321122 591098660 524985853 186893313 83704481 355393318 211983211 55721405 581707136 798896983 421698266 214896927 636285091 200666194 387987142 17079278 474139329 716579241 985496512 560197668 125323239 647655008 59303663 316155505 857362420 485723504 369119372 90588341 42615579 599613509 302044261 56756361 627049060 700278593 557224027 986432439 794632746
961533495 572057316 933168830 755656350 763656944 983249289 462327119 583451715 400290218 688299369 334972114 30946416 703100819 301214132 497157858 381607889 742864210 255648818 732250061 170666726 771713407 971911098 447480597 558233219 232668454 497673403 88506865 923693646 75155529 850779574 225658828 158288709 842488411 285206465 292960453 88434741 539223749 940106502 850526766 77708356 825787236 207726402 938019086 295902055 66952457 408486470 411476127 872927980 168639480 474281594 511324368 56829938 998991978 560482645 616756931 81852396 919993099 886576614 512554320 360090403 541785468 590411086 913281921 554881329 200566482
213582147 916308244 751777670 374050837 525679247 41707260 106326502 326347458 671564175 161035745 980019432 93346122 625642165 962245787 207505017 987974545 485800711 523397818 198151255 299259247 177733789 679347969 1096343 469457202 398437158 448237543 841169440 181095962 534721124 499679253 960033070 229848284 612480683 858622698 103595983 360179744 835282278 46052602 841414249 275416835 476576147 493099658 422613042 460873110 236693058 640072726 463300535 633615709 451778329 983703244 992242006 28147664 265123027 206825743 376376771 901405917 689063868 156296436 784727175 43766628 386823735 966682824 441328252 960199098 262872888
51383176 810200146 307587623 88416459 814141799 329070350 984861032 769363083 570590284 647931526 134613293 987778091 643988049 202949606 362963100 725417969 896529477 327314989 387531980 59762486 418906667 575067825 166963019 461760743 344201657 333961623 77230233 794110471 858619610 443359836 433638059 623515691 584052780 48977487 807441768 108576252 221980035 783535892 512006447 978481081 953589348 120178978 667184464 803878322 74147979 664044614 640669326 157174990 932342885 30255134 62902179 881552646 515417495 163877023 267980732 73119719 963509109 569120400 355172601 694817044 587231115 359592973 37362927 551910082 931147288
316067076 77827365 45303867 628157070 666831803 259698586 997365339 645590548 320173384 662204221 675744278 106726404 708678679 573958772 406402288 672178797 536467561 162347926 719803267 195042962 716863183 925634929 664864253 295537512 910449331 194947012 756474527 917968412 493824719 41363910 312694847 519460491 84291507 260210846 604218567 438268873 297459779 521514472 970745268 833748635 224982583 765308982 871029399 197158908 118283418 759518605 595277719 525433244 563006540 908158436 992191982 340117596 358613120 96264617 634962024 293468371 174072126 952907835 997861351 34171340 715513314 270717552 377551329 414019270 920862107
776155409 173111008 658176115 55682029 732626778 774041857 898488633 40351024 327067003 481060982 935967156 219585294 968596249 481250820 237589298 917622537 125071309 44906886 946945077 57640178 808404900 369059944 687605493 959875955 858908061 788769324 678688219 941263495 877296686 589365480 506875911 484579836 44393920 723866566 257736652 396262392 495877934 704266628 574364462 395025265 929705034 817868018 900683371 952259763 145139800 36542326 869767279 933276126 228346001 96612235 894943070 693218150 714777762 411491645 632986382 453094033 760418602 645799599 83374986 30896125 683958335 657508501 782453648 159047191 181332458
702338234 289010452 654224804 412034726 328814204 619511739 367529020 564640741 514735435 537900897 641618122 264739467 289472301 90430611 981598734 146178929 484293949 387063062 410538267 714191843 856556071 29774942 57450457 24809507 781393070 830810648 869412228 65326564 750758951 905860256 765445931 383373007 769982715 345508235 98264626 599393537 366774569 871952415 391546576 978721163 309196481 984453590 845722258 432803057 559284330 990129887 537124054 737424300 426737117 319413917 510686545 18152616 495424103 216061990 550455946 828214726 781515627 547574981 81687132 231109211 267968734 798263928 94826616 722933167 174595017
534553202 490360544 611400576 492536523 417984922 292354669 823135356 633486485 728926987 207905611 49008842 283297899 42977426 291227512 284361858 980542121 420689203 601830728 137638448 116419900 761588133 777423844 734226261 383378469 412250833 834530246 193359078 446935546 940783703 320781118 960416203 831213669 762685704 654692592 800488801 108027043 63692141 491073108 343440889 96542725 319245887 724497461 621057879 35712114 897290477 60589363 561223475 699048164 447946777 594638913 935535035 892667878 507344923 676604711 516341263 87733277 538671484 732754689 894022340 119118524 635316092 293117118 385419874 258689038 312135310
727223713 904579558 995065328 899221207 383378372 928885057 481510995 898543282 415968400 782396374 10082751 116526382 911678279 595702016 497352139 530006158 257506682 97904778 441633702 669328072 758069139 57849653 723584657 38593543 730309965 627454261 513442915 311438122 159019574 698615476 809712644 531152962 705035828 707393102 777571826 789873431 811608061 167307668 675468479 17301924 301193629 966769033 293310352 438737047 489823988 917966120 146426016 488870354 12524598 30652892 8801211 906758381 809774185 44120069 653432515 859311537 161031658 217675642 47167023 404282014 47208680 342856194 172331911 685868390 45105640
89242586 785423849 245008240 104205375 999459890 382507143 654603862 708241051 577190832 888343847 429519463 22577531 952773867 259259041 137934118 365063090 162359025 175893861 251990985 310168808 771490241 263556594 596552634 395477017 35961042 98054496 765992218 819262484 929801611 41677271 681367353 504708092 531576264 125293846 489410847 608694731 134264412 200187117 65536007 472805578 188676489 652531139 555575774 894043163 87112073 663851793 388272584 620793135 564670729 695357412 673154716 68870224 114938281 200003935 508947811 125971737 663475837 66107703 982285276 93931256 841892495 279195189 772224763 338545587 720048474
504722104 107137894 169811424 282968400 420604720 361629175 259541355 52849750 895194276 937698877 949231124 773367875 74809133 202174202 389699054 881220964 914158201 449390758 341289442 872680699 913100361 978719723 209339946 433408955 301508338 750768167 513079510 708683342 350279136 503234029 750793290 757107151 958279695 358144388 733273534 709083728 327385232 594485094 655942077 311216982 857093898 63975106 981911206 227572824 485916214 13978619 882489646 356580675 816754786 663583016 287932124 753425657 643659759 690960018 761537676 803780557 759298004 700954424 251380973 92282888 144233496 826992974 226908419 79614056 96769627
906482361 428021925 972640412 387234382 415162261 568101120 279237065 441797174 377963695 214934802 475334920 737177453 839377932 890953776 391262181 240407265 661949792 429180544 881258209 447469972 331425944 169707904 799539698 484114714 128420945 61721213 281248510 456206366 483318366 929323293 518676579 327808221 553018437 971428310 820283250 126321577 528085443 834617460 34396399 915681639 972317508 17665687 632485779 267749905 625458283 753252914 961155210 916642614 252425872 204629518 746742262 996494965 344320829 752647748 315463018 510132741 710270129 714983623 564455023 856861488 611250269 636377560 245887746 580481748 337546601
446023824 764719124 742440929 330849584 247554393 910893065 385006045 196544447 106397813 799763258 566377827 324737114 314694774 145416819 13163679 98864120 2739908 452989813 673269716 350186434 458314267 743259509 118615510 938294168 166575370 830056859 219500176 625010316 641467508 612618628 135444352 171470692 933397011 844652481 411041846 477202204 476375792 436906070 544734937 920980834 177433068 243423548 656472225 451300121 382925371 603146975 904448094 49578710 760844772 91891360 412772592 43769702 177491010 54817108 324777420 849500230 674132614 619704771 60669822 824499753 822139442 282152746 420370977 91166582 537068959
193688505 767228905 552998600 698421368 95627030 680154009 723943276 606436413 565309145 545039117 434742758 113831105 470673678 903183282 97380460 518460077 133903030 645570825 792403305 202678779 692642373 60021544 884403196 201155195 537094693 891316536 192310902 369913937 558878002 469772792 999737568 372229749 511326525 491696696 333672819 798228273 935929737 463009119 541666589 651866279 803626833 803275238 150081027 827088201 302520896 277011931 771384825 753955935 70624503 525657439 633907468 762301572 350608266 828126504 708548089 813728809 868018179 11760896 223877299 883480081 705428190 714424900 200280801 146915795 950931340
768628837 744616029 238746716 814263536 341479787 209168822 839780458 127560165 205909613 237666991 975974162 278724021 943815706 273016510 931842106 824168099 389103411 118104461 678161184 927658595 633187086 599866237 643349201 598427805 510024725 39034398 920156851 436681069 472814149 328055992 367766780 246051302 40957872 9574598 139538232 395806346 295647995 760994934 186848455 922984403 900227552 888283946 914096476 796603566 164873645 357716985 559534975 383711483 744785860 852478510 710117132 784011278 65448473 194882504 985664434 403882801 829623223 72970745 7127925 731318304 914410811 168175016 845887789 643578763 928037719
420615151 52475141 719945111 578791249 717784733 129902844 283108958 717306241 41938612 239118183 18237034 713476054 891558636 719580013 361597246 234990162 837221423 163833226 624953805 594123145 741391387 731223052 213247233 33351975 322468739 23578009 707269173 676758631 238576366 627220903 49650107 606102172 356361495 826930947 472295256 317970348 390029163 934846027 456943299 445592719 934341262 910806132 310983209 719332309 197244630 581673284 769084588 285981725 680661198 70651352 331918047 578797215 889853365 300297504 788689228 907674019 56437756 602411102 277502190 753431304 362455500 304362411 993551287 801252542 97148798
409580658 385374987 184526156 161625632 585531379 592730179 820945995 939859447 978595777 150792492 531673320 125342455 65045061 6615173 832386662 764982605 849564985 351857285 961768602 6942166 579213869 168255826 669710957 187797157 382225669 49569674 605540958 130115969 401301624 67966142 154853117 203617892 772855955 111103474 99221361 637865981 62508853 564844575 771595251 363257391 680057489 527467186 253629009 966117520 895226798 636552202 234111084 420985579 877576426 1651197 4068026 620140478 148636275 586028627 316889285 498628797 493385933 512588106 816485801 843807565 25394511 672342545 56231578 766035722 167606437
739585869 994621788 623480385 127352143 946804118 862549193 67516534 3655201 93231099 940968271 160409312 461366977 346332794 960051567 570148584 311957549 470012041 393887807 6672558 256047922 300663184 49508329 122020228 721125109 12097900 966349866 752393840 91815278 129553646 877913300 328522414 260043752 822860890 343381580 491164716 671313283 104515561 830383628 305357837 366603186 698150983 514909474 456724263 682584766 792003349 404979376 987371653 355095616 589813608 121801834 689933285 973239211 569771592 750547739 597892154 690624192 456182066 437900064 421318699 870976023 658841239 83707115 673192083 139143581 784612955
575949185 524500735 549357840 98488918 118648061 417858611 478617221 233194710 693006603 166857381 606469859 767467292 887800173 304284416 386784358 60536794 44448890 160975523 89841948 813212091 287112090 963470880 520014699 134557659 366301131 904009149 432630409 716648011 184035359 149307382 809428227 886680207 675129916 852317177 234330935 446852639 675988186 360463400 718778841 330458857 375289929 782758555 564378226 196257229 405173480 217762203 359230940 790951200 449722287 431291432 115049159 773366058 321356966 380355700 681870392 746775208 387873131 585172070 93258245 424815434 299274161 878029849 72726362 960847414 887252923
264940122 840518454 947733635 933250277 801122093 829961455 982055871 670668316 952249928 305639594 401705066 662911072 346503574 89634276 956754553 755133257 64330165 570670572 318070228 122034047 149676153 159666278 484645079 983302465 362741095 900839369 477249749 638740703 15297082 916401634 224104592 117282624 794840930 32997455 183456451 890545757 191933568 495145733 134900376 558455236 251660524 912112843 988753970 955238678 775183919 464778684 337229093 413157001 717735049 169709001 89905913 163915622 29129068 340015413 656396714 743412364 621334527 981315863 967641131 219801835 172593564 234825179 875759838 795753994 57431122
181358529 965996573 404385923 987519843 597679453 504528565 229320321 825906119 767587349 573901926 646929992 271390376 193385639 378906212 815691437 189924324 232045472 720702937 835672986 622937230 893742565 758560864 243562636 399139181 979064110 935772300 823204117 929606012 142289030 38340191 187405658 901619304 163614925 902050771 70776469 920639765 26282806 889980245 582009236 150579738 918555081 977044036 905837880 759866432 756410338 107094391 112924920 677905158 159489200 864668084 779597659 738669344 658464183 909715514 990352001 970884852 33074510 410370872 325330587 415281436 265718562 353198163 793822831 175734502 180655793
24384804 161032661 171742423 821716432 382620600 323554876 803079971 836629286 196675342 297113893 54066231 558914735 478485916 547442343 73632560 131366969 588858315 858295786 583153761 264477674 984126582 43227052 670052817 711841976 406153583 203682495 339620794 961182447 248012283 488226441 568496396 703873199 945332049 160198530 393915367 151111788 875954462 257508281 59008037 995337068 506216963 989069648 614822350 420590668 29349910 795243771 870503841 859477372 640405341 274757254 343469458 817890238 903282262 829517132 392903494 665958571 435489906 814909120 385211033 146831662 606821525 70871784 919684120 701187079 549012376
123471580 867374983 563712073 109641927 293152588 738611293 938049500 234286692 883103992 53210179 482373628 571927074 68148021 652256153 8294840 496832426 519468143 397922801 675632244 710787865 328864417 94085266 292137575 746186624 115422686 299889910 765555998 677168483 320371916 939983180 574128119 814599483 439680292 775080183 872699047 429090804 158862388 408177932 604108725 491629935 9977693 993769688 122094332 392774401 995037844 212468825 674538541 925233651 945734373 207068864 903527754 648766976 13901035 160500981 999841580 963312602 53907290 286771730 286804479 399977380 649131382 868454887 818028993 493476729 531496857
111076213 763759814 844535268 925937073 591356787 921302582 906201190 443720127 686442701 551062158 459260404 884550745 728911647 624494619 514958710 351030568 470461246 497524610 627758665 605031787 493838767 337205307 231467198 251263603 467194670 4435729 793040025 558709797 901315881 969651364 288342930 624939899 321871939 986943975 425752023 207340803 575549649 812923554 484775049 183284574 790847840 330195440 678780986 181195714 863465261 960985794 968051061 747255929 106545323 391029339 552896822 334698336 672936961 897306323 982247278 804689513 622066057 788316564 839196033 335925785 294736979 393019360 179048647 644519434 15332512
36026696 435566862 687561066 48359527 40021558 547478806 337321339 678187475 400771173 109154580 973303313 396242882 631560035 62467376 867655191 739639368 80177430 873641478 219793930 586466602 921936948 630298921 367146108 648784484 808188105 780946843 48447122 279003300 101404341 692699223 557611143 301064140 221367851 580852936 734426663 38663027 733007412 675881807 555097429 499945829 845814570 172648896 203883141 635541023 801999165 461653989 796988226 421011796 18020081 705988090 363585194 745658474 285315486 902099247 44829165 237195005 709505519 623558698 264995537 44708700 118029924 693783426 309384241 19332359 301960656
174657093 579772025 273154359 4328411 821372019 705688108 34541398 486682497 927247232 48412766 866066818 77071761 862773462 703509307 213772047 468484398 85725264 392932990 881721602 197893202 586235073 558594554 212032150 976946758 533343339 761994773 884099515 248348716 79404936 572103240 702126482 534189941 397742277 622112160 268667122 935326315 528630722 784352064 937400550 442876584 685602707 195604189 990591277 20772253 561909058 898784064 195977401 555884813 456407626 247720136 499310641 138232207 987826973 946497509 464059502 270539535 723093920 823165854 500856065 375357261 690534314 480604684 556818604 719971420 851197320
541029597 811347941 887920421 28946044 102710738 726808918 964848098 185382201 176372033 832333407 106207395 466723945 409381523 249493907 189679564 988003623 126047431 327213878 712580757 343170438 558286574 242804678 850041225 998602504 610537645 101728367 763061511 860509991 366535870 856875413 254003652 106921423 400398191 495194958 91944263 213909474 894130977 997833701 59201132 684563379 723546826 410849881 365996514 557111691 513033844 522876635 1896621 939226152 848532924 608485716 322528932 874638649 549453907 641482204 735096564 124070371 111216256 76600132 55318171 217217343 988250013 760711053 703096046 446128345 607889046
322354799 698012691 273474867 988397677 170447315 414888328 450846784 979719864 181154393 467800218 362147817 888831521 640840147 289078511 726402187 274444517 180852168 258680061 669615991 415955798 225366002 314624656 54963569 305931865 634869952 299395912 96909618 890243561 747588053 262867224 99800550 233327506 420023943 388072136 244526511 693369078 257232993 214308468 631894560 584583756 728091553 683788812 186644162 24109276 532015035 94313426 650679698 775959428 651126228 114009310 566075777 837457206 432359239 582291869 386888947 271576440 965489700 386514510 280109633 883716834 91794860 646216068 681681975 42626979 180972246
298993831 809225366 544077309 575357134 650055795 375347347 961724101 225108336 946589046 962901846 874741732 423285201 347743894 42212476 494009560 326489271 477126538 686838422 461830451 285719836 435868508 854797224 531126043 983305903 78418669 582287275 129738697 917101138 721395569 298571019 221073418 136212637 788005103 798388009 24096449 866481754 645020354 838261978 649093987 90970375 94137882 31048934 966517881 652481367 505393788 207019146 32193058 562750385 280244798 298922998 754424974 189632687 862993676 836085968 94420100 54931873 128848998 618380976 11177949 82507016 415546911 844114338 528382470 969882395 722046176
180246183 774416514 673099333 999742115 573475892 218535782 221349796 125080376 107397809 655915484 318043020 223259331 881198330 642710688 731779074 238146108 998611170 951891078 691643202 329403885 134225836 998497010 503461434 94982648 378412176 945001566 366859532 171397839 124162876 216028888 607046032 942208954 997992016 21350529 602163151 972425044 272697313 220291087 215894153 782892558 54238711 746094923 646382512 287203499 73233678 306241940 704444651 825867458 816058009 276325979 868783124 905952064 653313914 33824165 875454906 233845987 822681740 959857804 242516384 357265600 559124762 442006974 334017852 358161597 4824420
224093692 592349241 455798296 398128929 801530012 256101109 868518878 338096632 848595976 501460740 401526132 442893829 792239165 213051307 207566098 39998555 369959245 50221158 231707716 65982844 39374301 395944802 324299367 62382051 987110824 731856387 332384562 161084538 689222650 110335840 73318186 840109348 906670645 448553154 438132268 410938676 622241360 280554025 972731879 309625332 377764691 126952647 488253535 342988576 147362780 93537154 899656300 162071400 97727133 342587766 665076793 267414769 839469787 634943089 62387141 499538901 759617265 345749366 367896933 260256926 19966667 79567675 403948096 879559375 323570283
517711018 204200658 943109979 412890728 688952675 38547817 980932396 3447402 182492729 587794091 24424861 658752943 328841137 543906318 241751809 63917449 743109254 927833695 134247706 627730910 901575720 978838588 437270946 493244327 699326264 547374234 26851526 142987121 396791309 468638015 968189861 568584671 943392050 841485640 280209621 955700773 587257829 569929125 712526047 985574031 518979226 290782616 586965694 580192504 160940919 906212666 600897124 593106771 530252501 895883766 883073334 3955238 522231749 814835980 700593291 618714890 515839112 211465231 357813808 634823981 553506582 38076264 778473703 686660559 817962393
771371217 643198179 97563848 896649455 978179546 433844301 646434049 204275499 344387687 134578115 550633206 119156755 634634031 348967123 107606331 815544228 547919423 143892613 34478836 763761290 604321654 590464974 104893531 697685673 364886278 964523550 526019901 480501143 195311097 643332563 608894333 485998367 104986282 962265283 725297040 408257983 455896392 345264823 100262144 585949994 410755670 116675562 881673450 442219720 777303854 571100558 388303487 816105009 596782713 439736903 228184454 771468214 924123832 130678446 449447641 794561752 225623231 138412495 867130083 37568206 358491700 30896043 302041129 216475908 790558740
362610103 489612734 812288407 273657647 960271195 150642636 430569433 181293223 743169141 239419410 430162643 452479605 915093971 347109985 194966974 392932324 664163772 966257950 583305353 511971348 772128872 513121220 15739991 330929272 203539075 470701407 951566334 148109145 251850670 525146897 636344968 87369296 833722622 385371280 298384309 869107408 660732283 513190 151244920 195982490 224787618 263081392 289123190 79019590 63901412 512861728 818988426 805584321 870908453 44030204 781318724 831168713 363430974 879791196 466519653 118159219 643450747 551710191 171457124 613707430 992944925 553929079 493716204 959252125 229783512
584624456 984273244 592253289 219930199 353539277 846890053 117950829 334859188 826225411 226812400 872588256 21620736 878194940 105196758 171368271 317213377 445408862 527549989 669028888 841012590 230967778 576596034 874999023 517607413 659954645 975690049 256005469 935466294 431827098 794961775 238518332 394199942 27412261 885525961 671034940 761879853 839694721 703618 871854178 68115688 276049228 81297281 672092804 437756519 660831286 721463520 6142926 388159696 129979526 98876270 156802879 629378874 375619476 842091822 869564460 303820595 194850384 717723606 769114813 594257723 879390138 942703441 84846699 140423495 649808743
855189566 86782601 105994047 737315843 48491118 974799032 583032704 809113033 92882281 259031920 746475866 635834637 840343786 426982526 783714706 762248371 518872415 331961216 71502562 989549749 937251946 746847339 304132725 288114848 948473186 902374406 114557547 996063255 570414547 472794220 400586843 900290895 473712634 663302542 490181580 607170962 617374025 503275439 226397370 639819196 608207081 254728678 672246808 992412353 838244915 510279327 60111432 463479333 513260342 463634970 229496740 651247234 102761781 828139243 228440313 619555334 595998502 328210552 402970631 279535346 7626803 246646654 772155394 812016156 756875837
378627213 720580116 46146926 749435988 955267719 684137433 108289124 935593792 945260837 328423905 853572754 794525180 758919026 605394481 606326812 849816629 325955150 129110722 284788797 392122063 932606188 748610049 68050880 209074784 118007124 892675917 611061130 185328563 203888866 361052541 563493134 457288775 944000197 820226391 844975831 75041998 706199681 502432794 587014402 384782254 753565293 182660085 650558401 825786243 868942390 631535245 256642521 145585051 697337690 835788155 936873764 669483640 447135150 433421516 438468368 481555538 115547097 505072511 896376095 137322899 357657046 633822731 82935141 932607833 144246134
582829270 867563789 752061431 121710812 677229759 393801428 773082996 537698559 986167189 542468492 244815370 518801451 609751197 928325275 786174632 293666432 569001744 504150137 801795441 967420530 408124570 602543926 839731771 907301191 490302429 805759217 168960785 932224412 959764204 197359202 560624818 938906593 423016400 249387857 833232143 408603864 155770630 55148316 374115280 469994010 143167999 353513270 900903120 224005778 217431967 104074658 17395357 688187647 934079679 24868220 176664825 767331959 381885612 480096112 433999708 26544351 613067685 669244993 564594543 170198899 354019168 11881284 28094354 801103685 198848389
984870114 866114391 862301109 351680050 277048089 874695684 995165950 851658357 404208124 46830870 457497257 519161557 376205359 161029817 354653208 445099466 797577579 238293584 120932605 295294528 70834432 199550195 314127839 704210969 637295694 126593516 647077020 854900392 799999307 116105017 278449378 166619446 712696576 690102286 583111860 751048576 834451468 72910672 657633515 26642487 309429023 185657370 339490226 352329599 747748736 409995324 442609930 168286064 461279112 746522295 671811908 491528856 134580005 332529730 185860489 790180472 706174552 911417288 618668117 85605890 966797751 844301544 589218808 594882594 382138092
982150772 392570132 677297202 561652019 534899954 876742946 100738691 812619232 422199582 751821037 299664603 767241943 584342118 913933588 4165362 209638162 147960172 714433676 268344564 339678495 438095496 379245341 816060930 962971039 799376452 456771552 103369392 804550601 969707486 524922311 953346440 784072164 492472265 342100501 232898438 777456592 234183212 473098978 838341787 329547646 730428769 478523800 163717163 810247539 432884343 874914169 60095886 972058954 338485681 313690646 25139346 681392175 509145349 846946777 829265399 206046564 746212510 790505596 844570610 735830207 482266971 128438160 6874795 446881066 186223437
12307704 908472511 670572835 996941885 613112171 40712638 604152633 688790563 600084213 180133550 934238357 182215600 262054262 834512518 596265326 385695941 6862113 744147124 345889684 110524154 556866815 312082840 375954150 342314520 161636714 359850246 49528284 678538911 282035346 814857416 31906302 199297601 11098363 799893786 377978986 567361637 417289725 430049580 379448914 628603045 614433347 596692900 145054076 814239056 48512077 507498777 120372416 596918761 617657070 678615193 869822094 637658022 20735950 271979044 234629989 314077170 612125160 658741550 308770909 416498411 504504333 489572129 850913694 828762084 30723936
377674201 452270823 982117860 293140953 809832486 670419464 449210918 825176258 226737229 856783720 725143191 336952637 345569927 735815295 684866140 537562299 207912833 912428125 895763017 100214662 377086683 37053474 388628842 914325816 755259305 371362691 540550526 873930050 616165109 435391820 600736119 138919782 663399482 839996376 726715387 353054782 374022635 565083547 610615270 978092467 487982058 988897177 333163206 723265414 248667665 467979756 251736925 545910730 920710829 396415553 733280803 195327847 132984573 45632603 955476930 567092889 697538488 478633615 84498328 830847856 295436164 603281479 558808120 360492622 779460480
282725504 639037417 529678444 476923323 735116363 774783781 829852756 316303802 429140303 607395612 976337512 172399862 80385093 260381743 696227162 271526235 614816635 955837557 699246770 332736971 221445970 224696889 62132044 672169113 325591232 748390009 830150103 279395855 175004623 402709865 584620375 366229736 921470492 430561518 686158243 42414806 734348121 967605540 628751335 599552765 567845323 430300377 276129060 21835894 860756172 631997455 920276139 897110733 391451466 965704830 123458726 543703172 163756614 90153999 445938831 590630798 288966487 890872674 334655415 243627988 174873893 807478857 456469953 685576116 457015278
586895947 677291300 869522556 203872259 795072802 83831212 500786932 194992204 961709373 788005113 913459153 463447744 283125823 805334782 73544259 232972526 760111486 396780675 742583912 115803256 662493829 938976676 897154006 408493970 4533138 92213841 483274261 955680647 475654168 629172428 938006306 904698164 636204862 136179245 420972526 544458636 880621151 355716833 688114909 729007634 136008585 727854375 858348104 816639842 204209662 243429778 543611131 999428520 909973685 374368138 181551287 734989095 711754457 68855242 746595505 909306035 755566153 473951459 9427473 761349175 197622807 289677240 222461557 565215025 611059465
778513920 228794475 927616817 766762011 130293448 1717754 410299997 442237179 773121262 555317530 860208112 764445324 257430951 592448055 537170615 334035812 739332858 315249842 788642706 680331341 875543106 511307104 628542457 428370119 441345199 626561801 771690612 418434949 477004742 402723562 98470178 182183148 929527773 663295284 37918259 270463383 240144544 263969674 537589870 334791381 650075535 632401799 626763180 137139497 46177917 16244534 847466331 518340809 134824978 54397336 713592572 376255009 82203722 128336162 442228388 779320909 314114805 53026876 244447615 52891042 127238709 56667075 824610889 485178917 189524226
768309639 693576147 52157458 432719785 443003598 914235780 664329303 880481865 701824719 190135253 714521878 735258453 551604024 260519636 143640615 230456853 809390249 637640354 25938835 362166564 543029559 992876533 457266714 803575027 167803114 754980503 182518190 137481797 348691007 278739941 219010550 924676785 344722598 423961424 435413708 241550628 995526916 557894879 983920831 751821404 575256627 611733420 651212690 962361710 329624958 664956002 225919675 795639360 793612582 168712646 466394085 994256399 555171551 490279211 321594222 534381035 33086035 143379708 291266794 139981622 33197982 210957622 957223326 242589737 492259280
361049066 89538309 820695631 951440238 726239168 123670351 425206024 443539186 828159087 946410461 468656648 506838342 504985926 104162758 115199957 936880205 251528103 635156566 294570572 798295387 664168838 129070986 652752156 679142839 89789422 251429012 926443593 427060512 596328828 402193501 814215851 541758021 55549154 111075838 489356396 497393484 409089381 438120774 945382798 218472012 252889952 306427704 997807203 756946386 136419519 19563657 863267859 549107040 621111685 110808614 572800793 879282153 61553734 30274476 188817350 931964503 576139437 719622638 143210173 354354694 795212280 916888435 427920245 146224454 663939447
55602934 837189307 710085084 977204496 760196580 128996141 385937793 45339070 776143073 197381055 617336930 573164557 879121987 243506746 467845534 170449568 567641749 191602616 213954508 592325804 172081430 400616746 314726770 776018042 243832888 573362130 772025743 457786345 802329633 621872073 680409618 835392745 854423853 344236666 170563168 134189057 13484138 893660453 293461970 75289801 82398746 139431773 982328372 862823025 485657653 212194187 223015496 358814265 77563620 830553960 31995457 12490743 295019271 584170119 83931208 821915284 952857264 798759113 579941627 789819535 895630246 688844006 629843945 632461944 686076899
945124587 42200087 626153846 471686166 912126134 403746430 57274818 220263458 36013180 268308618 724116266 564742557 555189572 438741660 978940815 913954898 894718826 612063369 535165799 273996992 739559197 671092762 94617147 528667288 471596768 68195722 737100586 597679938 118190605 495996939 633140581 172934233 715271501 580439617 268938417 945773611 136284449 746148037 152260072 71815226 163801693 396879523 202385784 240861629 220086439 103523804 320092642 508900895 127800060 195713509 953452604 12130175 340325932 109364262 261315248 722009391 171379545 700046973 880926459 695353398 590103676 76238264 913306351 143635406 908416224
