79 20 266
13 9
51 0
27 0
50 2
17 19
9 8
73 14
76 9
24 7
32 0
55 1
74 10
52 15
3 14
52 12
41 14
67 19
50 9
47 0
69 19
32 11
73 6
36 13
26 15
33 10
17 11
58 14
9 16
51 18
22 11
38 6
76 13
44 2
16 12
54 10
72 8
54 11
78 8
11 13
53 11
7 6
52 8
28 9
0 10
54 3
7 1
26 4
28 4
12 3
2 3
34 2
17 16
16 8
26 12
71 6
10 8
47 5
0 13
42 0
9 6
0 16
54 19
70 5
29 18
76 15
26 13
36 3
13 0
33 4
50 3
61 7
71 1
6 19
78 17
30 16
4 11
10 19
45 16
77 13
74 3
5 0
9 9
13 11
39 13
50 7
61 6
12 2
58 1
50 0
18 1
46 8
38 15
74 8
31 1
20 4
54 1
51 15
71 19
57 6
5 1
25 8
69 4
47 14
28 14
32 13
53 3
72 4
64 2
46 0
41 6
76 18
58 11
52 9
16 1
55 10
61 9
45 0
24 3
13 17
68 12
18 16
29 4
4 6
49 11
7 9
30 15
20 15
72 6
11 8
13 2
7 14
26 11
62 14
40 16
54 14
34 7
16 6
21 8
0 6
63 2
68 16
72 9
33 7
28 5
24 2
75 9
50 19
44 17
28 17
5 12
27 6
39 5
68 11
53 12
64 5
35 12
56 4
70 0
68 19
70 1
58 10
49 12
31 6
30 13
6 8
72 19
10 9
44 3
73 16
6 17
75 0
22 4
74 0
73 12
40 5
21 1
53 18
0 18
73 13
32 1
16 9
74 15
2 8
48 18
35 3
1 16
61 1
76 8
14 9
20 8
3 3
21 12
42 1
18 7
12 4
39 7
66 15
50 15
11 1
72 5
42 17
34 11
30 11
47 17
70 13
37 5
57 15
31 16
56 5
8 6
44 14
0 2
59 18
50 16
59 6
2 2
52 10
14 0
72 14
35 13
26 19
27 11
29 9
40 15
21 4
37 8
40 1
24 5
21 0
34 12
69 12
43 16
1 8
3 6
59 12
31 17
25 7
30 2
67 1
59 3
5 9
38 3
19 19
7 18
21 18
34 6
8 1
1 0
53 5
65 0
53 7
20 13
55 3
76 5
4 7
77 16
39 15
50 12
67 5
2 14
47 16
35 5
70 12
23 1
57 3
30 10
