60 35 388
36 34
29 16
39 29
6 29
24 17
59 13
27 4
12 33
24 22
31 12
27 31
7 33
58 0
41 21
24 23
30 21
55 2
44 7
17 30
33 22
10 6
14 23
28 0
9 0
7 10
32 7
23 7
33 0
11 4
12 4
2 29
20 27
27 9
3 30
58 29
52 28
26 31
57 34
50 8
24 16
10 26
8 10
8 16
31 32
22 25
38 16
36 15
10 0
36 25
59 30
4 7
12 27
19 14
39 33
5 12
24 21
34 20
39 13
3 3
28 32
34 12
12 10
13 21
11 3
11 22
22 7
3 18
55 17
11 34
9 33
34 7
59 3
15 26
6 25
24 13
13 7
4 23
58 7
16 14
55 32
20 8
1 13
10 13
31 20
39 7
37 22
14 31
27 11
12 24
42 24
14 7
44 8
23 18
2 0
56 1
9 26
18 13
16 2
44 29
14 20
40 25
30 27
28 22
10 8
6 15
50 16
13 6
12 29
43 28
1 20
21 27
16 9
36 23
22 24
6 11
5 28
52 21
46 17
26 34
52 8
19 17
46 1
32 20
41 14
14 26
4 14
38 18
54 28
3 23
16 23
48 30
33 30
38 17
49 4
18 34
45 14
21 0
57 18
55 18
21 15
19 2
27 28
45 16
11 0
49 11
13 22
29 26
4 0
38 12
39 28
0 26
47 31
29 0
13 5
39 31
54 27
51 8
2 7
48 22
33 15
39 4
58 23
19 23
47 16
51 17
50 22
56 21
57 14
53 17
16 27
3 29
19 3
14 13
12 2
12 23
54 6
12 3
19 26
45 15
5 19
56 23
51 27
40 32
52 13
4 34
0 33
55 15
7 1
3 20
6 9
58 26
11 1
51 29
39 5
39 14
59 28
54 24
57 11
57 3
31 22
54 3
31 3
44 15
49 8
42 21
18 18
18 5
25 32
0 27
52 3
41 34
47 10
48 33
6 31
6 28
44 28
31 19
59 18
13 17
53 19
33 8
23 10
58 5
46 21
26 23
12 16
44 23
25 17
1 6
12 30
41 10
13 0
9 1
6 10
48 16
52 18
56 29
7 8
42 3
44 3
24 29
21 24
19 4
32 13
16 22
4 6
14 30
19 6
55 5
22 34
14 16
33 16
8 4
47 29
5 29
33 5
9 24
35 6
58 22
48 8
42 9
0 7
43 17
17 10
21 28
32 11
56 11
23 2
46 0
58 16
1 19
9 20
16 19
35 26
52 25
14 21
13 27
15 13
33 19
46 13
38 26
45 6
57 2
51 30
30 29
46 9
8 14
55 6
48 6
47 25
26 8
3 13
55 4
58 14
42 10
23 22
57 6
2 12
21 2
27 26
39 0
14 24
21 23
7 24
18 4
15 5
35 23
7 30
36 29
56 5
58 13
8 18
47 28
30 23
23 15
28 6
30 17
4 20
11 30
41 11
22 10
19 28
39 11
49 15
28 8
2 17
19 29
45 20
54 18
8 17
52 12
47 33
26 22
24 14
12 32
12 34
57 29
27 17
16 3
28 3
57 24
9 18
26 24
43 2
3 22
28 1
13 13
1 15
44 22
26 9
40 10
56 25
24 18
32 0
11 27
26 20
49 23
19 25
34 24
18 25
53 20
13 25
21 3
6 3
39 32
49 26
14 25
14 15
33 1
26 2
27 0
27 34
54 34
31 5
19 9
40 16
4 8
52 32
40 21
55 3
16 30
20 5
16 25
52 26
20 34
37 29
20 30
24 30
