74 47 950
71 30
69 41
62 5
14 19
33 22
67 24
13 3
33 0
50 22
8 31
6 6
34 18
70 11
39 22
10 30
11 19
50 42
0 5
65 44
53 0
16 4
65 41
1 3
47 11
35 36
12 46
9 7
30 42
19 45
18 42
37 12
56 23
14 34
73 17
29 21
65 17
54 27
47 33
14 28
73 28
67 9
16 7
47 9
63 21
51 5
17 27
35 6
18 18
15 6
28 42
59 11
67 19
1 21
72 19
45 45
50 29
28 25
59 40
31 15
49 16
43 4
55 11
6 16
5 44
35 8
31 6
34 10
23 8
1 31
56 35
47 27
3 7
19 17
48 10
5 34
47 30
50 11
68 6
58 32
15 17
22 23
15 41
52 9
25 1
62 27
73 31
56 3
52 8
57 1
39 41
2 7
62 16
36 2
19 3
7 0
19 44
65 45
30 45
27 7
43 38
18 39
70 30
51 7
3 23
6 23
5 8
7 3
5 29
43 8
16 37
36 34
70 36
39 5
12 43
48 46
45 7
9 36
37 10
24 44
15 33
39 34
10 23
70 12
39 25
29 14
15 28
33 36
19 5
66 14
34 22
0 22
15 43
68 21
45 26
46 20
11 30
30 21
19 26
56 33
53 30
59 34
17 32
73 15
64 26
19 34
12 28
46 0
24 25
67 12
64 12
36 19
30 25
24 27
67 26
12 10
25 38
66 12
59 24
59 42
12 3
39 33
3 38
56 24
28 14
31 37
38 42
8 30
55 43
67 40
41 23
65 5
41 25
60 14
56 1
16 31
54 10
12 34
23 26
43 32
35 37
60 10
23 19
24 12
60 16
61 43
16 45
22 7
63 31
69 7
25 13
12 29
58 6
52 44
18 29
54 25
56 27
70 44
50 9
27 35
34 38
71 42
44 13
9 8
72 23
69 17
64 6
33 35
28 6
22 45
2 12
42 10
16 42
52 2
34 21
1 46
35 19
47 20
33 27
32 10
54 4
35 14
63 20
42 43
44 37
23 4
16 13
51 30
4 21
36 24
18 41
25 2
51 38
73 3
53 28
40 6
67 29
71 39
16 43
48 19
57 39
0 46
30 38
45 14
70 7
68 10
42 27
60 23
57 15
54 43
7 40
53 27
70 46
66 44
24 20
49 24
46 3
55 28
65 7
41 19
36 15
42 8
59 41
11 39
64 10
15 20
52 20
57 0
28 22
26 4
29 25
4 43
20 43
62 22
69 33
51 32
66 27
60 20
18 6
3 15
45 34
39 6
35 3
55 18
54 9
21 36
72 30
59 3
27 11
3 36
68 44
15 1
13 13
41 14
67 32
37 23
41 6
39 38
50 40
34 35
37 17
18 5
57 21
5 35
22 26
12 38
17 20
10 17
6 5
36 28
9 24
24 24
45 28
62 34
24 39
27 17
67 22
19 14
40 46
5 39
15 8
52 32
14 12
43 33
31 24
45 25
57 28
12 33
12 0
24 36
22 25
18 38
22 1
52 23
59 13
37 1
20 0
21 12
40 4
42 30
18 7
11 35
61 46
10 43
7 41
60 24
1 17
16 16
15 35
50 35
30 16
41 22
3 13
58 23
73 29
2 30
51 21
9 10
23 12
57 6
63 16
72 38
5 1
54 7
39 0
58 25
15 5
6 3
30 33
19 29
54 16
59 5
20 35
36 46
24 45
23 39
22 33
59 39
32 18
63 11
37 33
31 8
42 13
19 39
72 1
20 26
11 21
60 36
53 37
3 33
29 8
10 25
51 33
8 32
2 18
23 41
7 16
29 5
45 22
24 14
32 27
3 43
17 1
11 45
58 8
54 35
4 29
33 38
66 19
16 41
61 17
64 15
32 20
3 45
14 39
58 7
54 18
15 2
51 26
53 20
4 33
8 28
51 43
46 37
41 15
15 37
63 40
13 2
56 12
9 23
0 41
9 28
38 27
28 11
41 18
35 7
24 16
56 30
57 34
2 43
57 19
36 1
35 25
23 15
49 22
30 44
42 41
10 19
6 40
52 3
71 44
26 33
32 13
43 44
27 25
71 6
46 28
23 11
55 13
58 45
62 23
26 35
44 2
49 4
33 20
56 32
27 20
54 28
56 16
1 41
40 1
61 12
8 0
31 4
41 35
18 4
44 27
25 17
18 40
53 45
25 27
16 30
67 21
72 27
48 36
6 24
68 19
30 19
71 9
35 10
69 34
36 40
47 1
70 14
41 30
32 43
6 33
60 8
71 34
57 35
9 30
37 34
47 17
22 42
61 37
4 0
1 25
4 22
4 31
52 34
64 41
39 4
60 28
31 14
26 5
3 12
73 37
20 33
39 11
66 22
4 45
5 3
63 39
9 25
52 24
53 12
34 34
17 15
25 39
59 44
39 18
68 46
6 45
42 11
21 37
21 41
32 6
29 42
45 23
56 10
18 44
11 11
20 31
73 30
47 36
52 45
1 34
31 32
62 30
8 12
5 26
26 26
4 3
5 12
58 33
44 12
2 11
0 30
0 13
64 13
18 43
5 23
0 16
14 31
39 8
51 22
44 14
7 8
37 4
37 20
36 6
16 39
40 38
4 32
71 31
50 32
48 0
62 20
13 41
70 5
45 27
70 13
8 45
66 25
5 32
7 15
34 32
48 45
59 14
68 23
24 9
9 44
32 28
27 46
53 33
55 44
0 36
51 18
7 44
1 26
30 37
52 11
73 23
48 16
65 18
13 33
14 37
39 13
55 2
52 18
38 7
9 32
65 42
40 7
15 7
51 44
53 11
29 43
45 16
0 3
48 11
49 3
18 24
9 39
4 26
3 30
32 14
63 0
61 25
64 25
14 43
25 15
51 40
70 18
71 29
1 40
11 46
55 30
42 24
46 40
38 9
17 46
13 29
41 27
60 7
69 8
20 5
20 18
25 12
71 7
18 14
2 45
3 14
66 15
37 0
38 41
3 39
18 28
31 35
17 2
52 28
47 32
0 12
6 41
14 20
60 19
68 39
50 37
2 0
30 5
19 15
55 4
37 46
14 7
53 42
63 35
11 10
4 19
65 29
51 29
13 12
33 18
56 25
63 45
45 46
72 37
24 17
24 7
64 8
39 24
21 20
57 44
9 31
36 29
46 15
15 25
29 1
23 18
9 4
34 9
61 6
73 16
68 14
19 7
70 0
30 6
13 45
63 3
51 39
46 41
31 36
10 29
54 8
51 41
26 31
9 35
41 43
44 6
6 34
57 14
3 25
10 12
36 32
46 30
1 23
55 39
44 28
20 41
54 34
10 13
3 26
25 22
61 0
15 36
1 7
22 43
33 21
58 24
29 17
7 7
10 24
36 18
0 7
38 32
57 20
43 27
5 2
64 29
15 39
49 37
25 26
17 39
49 36
13 44
59 18
46 38
45 17
13 11
18 32
42 18
63 26
31 12
11 28
14 17
47 40
23 21
0 42
67 10
72 14
28 21
30 26
3 5
45 31
27 21
66 10
8 7
59 35
11 44
46 18
46 45
24 22
21 40
21 9
68 41
10 37
37 42
71 32
26 3
67 16
53 2
13 25
44 20
70 27
46 22
22 21
4 8
70 33
11 22
46 6
18 8
14 33
21 44
14 32
38 14
70 32
36 38
12 17
41 26
30 17
35 26
13 18
40 11
53 26
38 13
13 36
7 12
6 8
47 3
59 38
54 46
10 16
37 13
58 40
16 19
40 31
71 14
40 15
32 36
0 33
0 44
53 23
2 38
70 3
63 34
7 6
16 35
59 10
1 8
57 29
46 26
61 18
0 15
63 30
12 19
34 46
30 3
47 12
25 30
63 29
8 4
69 44
24 15
50 44
2 15
29 45
58 4
24 26
9 6
2 13
28 20
8 34
59 6
15 22
65 3
47 2
42 23
38 31
15 45
54 17
46 1
9 22
68 33
68 1
40 45
72 28
3 27
46 34
30 22
12 26
19 10
68 7
56 39
41 42
5 45
26 42
21 42
65 32
59 15
21 18
22 17
21 3
40 8
31 27
21 0
32 9
28 40
56 14
26 24
38 39
4 4
23 6
18 26
46 23
55 46
54 3
20 40
42 31
17 9
3 22
35 30
40 44
45 36
7 9
67 2
25 0
9 33
27 1
26 10
4 30
25 25
72 2
25 32
67 42
54 29
24 32
62 33
71 3
5 40
19 23
31 33
33 29
28 1
26 18
63 37
35 0
51 20
50 24
29 12
69 35
56 34
28 33
20 4
25 21
48 28
17 3
1 29
18 30
22 3
50 31
64 20
57 10
