435 82 14368
349 0
147 20
243 51
383 19
392 23
254 36
245 56
258 49
51 74
350 67
25 29
198 67
335 44
432 46
192 31
114 21
338 40
129 9
344 0
222 0
52 38
377 62
372 24
5 13
254 43
320 19
117 23
406 4
248 42
309 60
61 25
158 55
54 10
263 71
120 25
367 21
170 69
83 50
395 35
352 76
21 1
413 79
291 21
419 76
370 60
85 8
140 12
157 31
378 54
13 78
431 57
186 50
78 30
25 5
136 52
147 10
406 55
268 49
367 65
47 20
279 41
25 20
310 13
73 64
298 4
312 45
226 75
11 32
372 69
22 58
256 29
10 24
426 10
40 40
169 81
61 55
168 68
41 61
139 30
226 33
167 43
259 57
18 73
411 42
139 14
193 70
334 32
316 11
140 33
214 41
375 59
293 74
126 53
199 46
125 7
393 81
24 43
292 4
76 4
302 28
209 37
127 72
275 42
256 76
317 33
58 29
397 32
233 26
352 31
40 19
51 35
282 1
153 2
36 35
391 79
186 41
274 71
153 48
377 66
119 57
9 47
397 61
48 24
292 28
342 65
45 74
129 76
217 74
270 51
172 4
135 34
88 80
388 32
299 39
168 21
260 29
137 63
426 15
431 3
276 74
56 15
128 52
380 72
35 4
309 37
274 3
391 28
174 80
37 6
386 46
262 66
264 37
381 62
243 4
311 43
413 11
415 40
69 38
275 1
125 22
136 46
212 17
240 26
306 18
68 39
276 61
259 39
355 44
214 35
282 29
396 64
326 73
314 59
101 75
373 15
115 45
129 15
390 5
206 36
429 9
371 21
309 75
54 7
27 39
262 64
178 76
184 43
341 51
282 68
142 5
339 22
150 33
365 14
16 38
86 23
57 54
338 81
265 49
1 14
415 60
267 22
264 29
309 65
90 7
13 21
77 49
267 28
214 73
145 1
401 61
268 8
214 76
284 46
154 27
283 32
206 23
199 36
74 77
105 39
161 77
336 37
264 17
205 15
433 46
201 47
73 43
331 23
132 65
0 50
208 14
342 25
98 43
427 19
346 56
201 64
32 73
391 9
330 40
421 4
394 4
433 1
123 63
275 56
182 6
381 55
130 78
45 78
278 38
138 53
35 71
387 71
271 70
261 30
354 75
274 50
146 33
225 33
154 63
257 26
215 29
98 15
71 21
118 9
171 26
322 70
21 12
185 15
28 4
155 37
344 15
145 65
42 6
314 45
201 67
109 4
90 5
159 62
432 1
274 27
36 19
135 68
204 72
74 72
61 8
224 58
15 11
323 19
210 27
69 74
307 79
118 32
247 33
91 69
321 13
309 35
366 60
284 26
114 54
26 2
280 46
72 50
239 55
37 41
365 49
382 46
217 45
318 17
105 6
250 45
282 10
181 31
359 62
405 19
249 27
191 74
337 43
220 6
143 40
185 2
5 39
71 51
320 40
291 16
285 23
153 37
397 25
187 4
319 2
105 36
307 52
300 6
95 77
270 1
28 32
95 1
57 9
130 79
227 44
205 50
146 32
207 74
409 37
283 76
53 47
429 1
369 41
93 38
230 3
377 78
170 21
288 64
290 28
385 20
44 74
211 68
350 3
258 55
116 49
371 3
311 20
220 27
307 24
54 70
220 45
89 60
335 53
408 81
231 65
215 16
421 0
135 76
26 14
162 35
221 51
141 17
242 50
196 61
273 15
300 70
427 64
105 54
214 40
408 62
128 10
162 10
297 3
235 56
234 24
250 37
124 56
197 31
296 55
224 9
12 1
383 28
293 12
433 0
19 58
69 81
345 1
404 18
261 55
376 60
9 52
276 0
147 33
357 60
172 2
251 32
213 80
113 37
211 34
31 12
147 57
251 10
97 78
236 73
24 65
6 3
124 25
308 69
315 18
312 63
178 78
249 20
273 27
411 73
134 78
292 75
313 5
396 9
73 57
164 40
280 66
323 71
325 75
135 72
50 69
16 55
220 40
127 66
150 25
27 76
65 32
32 53
277 36
332 30
55 23
251 67
388 28
258 15
335 8
71 23
130 67
143 54
73 70
216 66
234 62
199 45
301 59
85 73
104 64
240 11
191 3
345 3
237 76
303 18
111 42
37 65
315 58
51 40
97 61
318 69
237 21
224 75
359 80
15 58
318 43
62 38
181 13
171 5
246 68
73 52
333 15
320 10
422 6
35 31
173 50
276 79
122 25
414 53
284 10
275 29
173 42
333 69
29 47
224 28
430 55
269 2
430 54
176 15
422 49
248 9
60 34
227 39
119 3
300 47
199 56
45 30
181 56
58 16
121 26
350 71
415 45
362 45
201 28
225 10
384 20
412 27
324 18
1 67
30 4
17 9
126 81
70 46
160 44
201 69
252 55
213 44
374 50
398 39
55 40
346 47
372 50
335 22
165 72
316 16
384 1
29 16
146 79
87 17
2 13
194 22
353 42
74 10
245 15
134 21
293 66
382 31
199 68
180 2
388 45
92 13
331 5
46 14
290 19
257 25
150 20
205 72
283 77
434 53
395 47
301 45
113 17
3 24
240 53
37 81
221 39
293 15
345 25
12 32
424 81
168 10
327 8
376 53
120 74
128 53
357 30
286 74
365 81
295 57
341 35
404 8
31 39
343 53
420 19
254 44
212 30
21 10
385 7
212 46
166 65
374 36
72 23
117 29
355 36
115 55
357 49
43 9
345 23
118 42
256 37
106 15
151 34
84 33
251 24
268 32
15 44
265 48
335 39
57 30
205 62
429 5
336 47
137 40
374 49
134 6
422 13
133 15
154 6
405 41
116 76
38 72
276 32
130 39
200 9
190 35
421 71
14 23
209 75
45 69
46 66
343 1
228 21
169 59
109 72
147 79
196 34
249 31
392 7
376 21
253 19
418 74
29 4
78 50
31 28
149 59
419 60
244 35
234 60
72 68
85 59
406 69
36 29
304 5
222 3
226 30
156 54
111 39
252 7
322 44
330 19
103 30
102 60
425 65
264 51
10 30
74 46
100 44
229 50
358 44
352 38
239 65
97 41
153 39
216 74
285 21
15 10
291 59
341 71
161 1
248 12
6 18
407 74
171 55
331 29
15 68
175 54
413 48
261 46
404 48
313 46
29 41
96 62
40 21
417 20
273 11
150 2
317 28
140 58
257 56
338 67
217 75
219 2
83 62
346 46
205 14
369 72
337 2
338 76
291 77
372 35
95 40
305 72
261 60
14 72
28 81
290 2
272 11
164 46
8 57
253 8
203 7
11 19
402 64
275 43
319 34
259 33
52 23
393 73
43 58
76 26
402 24
49 57
147 13
141 16
328 2
353 72
36 53
310 47
49 35
63 54
41 31
38 61
389 6
392 46
377 31
402 75
424 31
23 46
72 10
245 78
65 17
110 23
87 76
397 65
324 32
114 12
231 49
121 68
288 74
348 63
335 74
76 6
356 64
239 73
120 18
249 43
377 1
15 7
107 37
223 30
154 62
245 22
269 46
245 4
375 76
415 70
423 52
198 46
137 7
237 19
61 62
154 2
319 55
274 40
118 19
177 57
335 60
128 35
95 78
59 71
176 28
36 17
365 66
251 20
58 9
356 42
296 42
17 35
205 40
6 80
380 38
340 21
349 39
108 37
186 70
152 37
144 3
48 40
54 69
269 20
106 50
33 26
328 4
163 14
19 47
337 62
134 68
324 51
191 76
191 1
389 23
76 36
182 77
127 65
85 51
176 2
93 0
426 33
412 18
31 21
47 75
433 27
317 10
331 59
218 8
98 34
243 62
174 9
59 38
79 12
105 24
260 77
58 72
183 77
175 55
115 25
402 33
59 19
253 58
342 50
47 25
181 62
54 14
6 73
369 53
336 50
270 12
239 40
99 79
234 72
217 20
365 27
22 79
269 72
183 43
351 63
78 73
221 12
13 19
165 53
400 42
359 70
315 66
89 7
431 18
354 64
199 47
98 67
361 73
410 80
226 13
426 77
185 12
218 21
111 38
42 0
305 76
250 48
41 68
434 66
225 29
82 18
382 14
150 54
340 33
64 43
331 50
272 42
130 41
239 53
105 31
105 10
206 31
117 27
109 54
362 68
27 34
295 34
210 47
201 56
205 36
107 55
19 59
265 14
255 20
314 48
185 16
76 81
241 0
190 24
362 73
95 21
320 47
52 13
275 71
416 29
125 57
159 43
173 81
279 54
178 47
25 74
140 62
25 52
45 75
157 6
157 19
272 16
342 80
341 23
176 49
171 57
209 22
348 10
430 73
99 41
263 62
165 42
266 21
388 55
9 45
176 17
50 71
82 77
182 13
430 30
18 75
255 81
272 77
146 40
67 5
94 15
128 46
84 4
177 79
425 26
132 43
353 13
306 23
182 41
230 29
338 31
250 42
308 73
371 45
62 1
226 42
272 69
313 4
113 78
168 20
101 60
279 77
87 47
188 81
282 32
419 78
134 34
415 42
13 39
353 5
365 22
340 65
168 80
260 65
400 59
11 55
126 52
129 12
276 6
3 75
164 80
418 21
84 55
16 70
192 32
108 49
68 69
383 81
376 38
76 24
113 60
153 44
318 49
38 78
76 40
400 48
85 27
287 71
216 15
292 51
112 32
181 6
68 79
184 21
1 65
364 33
402 14
199 30
184 34
359 5
90 24
211 62
11 66
75 26
63 59
213 40
234 20
214 55
142 49
354 31
204 10
133 74
395 74
275 76
392 75
24 68
253 38
7 59
33 80
134 24
58 79
196 19
56 13
188 56
6 79
34 16
270 8
380 4
314 3
215 38
47 35
35 72
54 30
138 71
55 41
140 26
339 33
170 60
2 66
215 21
378 33
124 64
342 70
230 57
135 75
268 5
253 49
255 60
319 8
373 51
310 77
333 64
161 61
231 62
78 7
349 33
161 11
220 21
406 53
398 12
361 26
191 46
333 42
391 14
4 25
172 62
413 15
377 80
222 6
161 59
300 7
120 35
79 50
29 14
62 80
231 81
258 24
429 38
430 66
113 52
157 11
43 4
110 69
216 75
154 69
233 69
186 11
48 3
207 39
57 18
172 10
416 38
142 28
362 54
169 35
13 70
75 55
385 2
350 13
292 61
232 34
205 43
132 54
358 79
62 51
202 63
218 4
220 20
178 34
144 51
289 41
426 49
335 68
8 74
360 76
142 58
131 34
205 11
193 43
32 18
76 31
14 65
194 47
305 62
292 7
275 67
168 57
129 68
387 28
418 45
407 10
417 79
422 19
51 2
288 40
14 70
369 36
269 34
10 60
387 40
388 63
170 55
225 37
286 1
273 14
0 51
272 6
298 16
147 76
135 77
111 5
115 76
255 7
35 21
429 43
45 28
327 57
354 25
17 22
340 51
270 36
87 20
114 46
302 26
311 3
78 54
286 36
193 23
247 44
106 5
199 13
380 56
266 10
16 20
249 79
408 5
377 28
1 51
280 14
157 41
256 40
344 63
189 25
359 65
28 8
203 4
418 48
274 17
65 25
53 33
348 77
425 55
424 32
112 40
119 32
379 55
413 0
229 76
188 31
19 4
259 65
168 64
360 73
385 52
338 77
410 23
248 1
376 31
212 69
401 79
11 10
110 44
353 55
74 75
325 76
180 71
15 20
4 39
69 59
322 42
364 29
167 10
109 53
382 77
378 79
120 5
311 22
402 48
225 44
122 64
38 6
44 58
358 73
154 20
8 23
108 39
315 3
258 65
16 51
399 18
34 5
87 24
136 71
407 63
170 20
40 56
354 70
402 32
150 28
353 78
294 50
144 53
227 55
324 81
307 7
5 70
370 44
157 40
16 24
33 60
67 37
244 80
313 58
238 5
52 35
288 45
139 60
430 50
87 2
241 49
176 59
106 60
255 46
243 17
77 34
146 76
209 7
46 75
169 23
366 53
218 55
160 71
214 59
316 17
154 45
241 72
313 49
335 76
423 41
307 39
32 23
127 57
273 62
361 19
217 2
155 77
105 46
0 77
418 80
50 6
228 40
344 11
270 61
422 76
69 70
77 16
260 53
150 43
81 43
192 50
141 72
170 54
233 15
313 32
134 55
42 23
246 29
37 20
167 72
67 78
362 43
378 32
7 27
165 1
358 62
307 43
152 26
355 19
3 35
336 18
44 50
201 29
202 39
98 57
410 6
413 44
277 0
57 49
50 49
0 5
13 63
124 43
245 12
305 30
240 57
180 72
325 21
254 64
113 39
239 56
317 6
59 62
284 79
327 58
300 44
280 51
392 39
84 69
202 36
303 6
92 24
219 4
408 18
251 55
401 47
369 69
63 28
308 60
94 70
431 25
412 53
380 39
169 79
394 47
325 36
23 81
284 37
330 81
203 77
110 75
135 70
34 70
38 31
241 52
53 51
428 12
42 3
129 33
286 17
189 81
417 70
53 7
159 16
256 50
151 25
314 36
25 34
305 10
385 50
91 49
403 18
371 57
359 26
36 8
129 26
329 44
12 57
114 13
418 46
393 25
274 43
69 24
333 78
51 61
372 66
168 42
323 48
239 62
179 56
128 75
327 43
222 15
117 51
206 0
404 56
422 73
10 18
217 56
11 16
19 61
249 35
395 3
354 26
59 72
78 79
345 6
56 23
377 42
296 4
169 34
232 79
84 29
239 44
357 4
229 9
414 63
189 10
31 2
399 15
86 27
168 3
135 42
290 0
283 65
142 43
324 17
87 42
423 70
287 63
56 69
54 44
126 54
327 11
126 13
65 22
127 74
305 0
26 38
91 19
126 67
331 73
216 70
306 31
331 32
421 55
219 17
77 23
228 1
414 79
306 75
62 45
83 20
21 59
416 71
408 13
189 75
171 37
330 27
214 15
87 81
422 22
270 52
175 47
98 26
386 16
242 53
167 39
181 42
282 66
172 79
219 8
53 31
67 6
103 65
214 49
298 34
50 37
400 19
364 8
345 57
332 72
4 14
66 30
344 61
189 21
400 47
327 60
278 18
258 4
256 1
326 40
397 17
118 57
88 56
149 4
160 34
88 63
153 66
194 34
286 53
214 43
298 10
30 30
20 27
431 50
47 50
51 26
380 7
376 1
139 76
320 65
315 21
87 71
271 26
90 38
259 23
111 71
261 48
114 5
223 53
37 0
115 58
118 79
399 14
273 1
389 71
314 65
142 47
365 8
310 62
132 23
297 76
397 3
218 16
113 48
309 57
33 27
87 3
226 71
312 52
146 62
228 31
379 73
423 50
5 41
434 29
267 26
307 26
257 53
97 4
159 45
351 21
278 70
413 33
124 70
219 19
342 13
31 59
300 5
240 60
210 71
380 35
401 55
358 12
355 11
255 13
64 20
188 63
21 58
238 79
120 10
93 72
62 37
309 55
102 67
249 40
94 61
344 25
60 7
166 9
178 50
113 62
236 14
246 72
410 49
387 50
262 65
233 60
250 62
414 51
24 51
369 10
44 22
289 23
418 12
357 39
269 48
266 67
159 12
163 66
46 74
272 5
162 79
293 48
341 29
281 2
399 34
338 6
133 48
33 17
334 67
199 49
198 18
352 54
83 25
411 52
285 35
225 59
375 80
228 45
148 71
335 59
153 0
139 10
148 42
414 76
432 16
53 46
397 36
171 29
16 75
421 32
202 31
25 43
2 6
215 74
54 51
153 81
15 69
49 73
356 8
226 63
409 18
217 6
149 42
157 47
165 49
214 61
155 12
165 19
264 36
221 20
388 74
182 32
412 79
243 23
99 17
158 43
161 29
55 57
225 57
171 4
309 34
129 22
82 6
233 29
345 76
359 9
117 79
400 21
321 48
197 0
350 40
211 72
67 26
330 28
68 7
239 5
408 7
34 13
327 30
370 26
263 10
93 50
266 35
359 2
408 58
159 21
8 45
116 4
199 15
346 19
224 50
367 77
223 59
419 7
391 47
11 5
188 24
104 26
7 63
72 52
37 70
345 79
140 73
249 73
326 61
254 57
309 59
351 61
178 28
429 35
205 20
341 8
250 5
263 22
417 26
55 6
163 25
22 49
48 23
418 61
355 25
415 41
210 41
249 54
380 28
239 41
427 59
360 11
204 26
248 80
125 31
389 33
256 44
0 17
326 0
363 65
248 38
25 21
172 31
118 25
231 68
202 56
158 71
290 46
182 5
270 30
387 46
26 43
30 49
324 50
108 60
91 38
31 57
115 61
241 38
106 79
34 23
168 26
363 0
19 60
114 26
55 3
196 24
97 50
296 28
319 63
152 9
230 66
138 10
96 37
50 35
288 78
330 23
341 0
309 8
17 15
97 55
87 53
240 69
146 73
109 52
115 62
167 31
95 45
354 29
319 22
419 0
245 49
373 41
129 39
399 62
275 14
195 3
279 49
71 43
137 71
10 76
374 3
14 28
363 5
328 30
342 77
343 23
338 32
418 3
222 44
289 18
170 6
335 58
321 75
179 9
281 59
132 2
40 29
298 2
275 18
11 79
127 38
179 20
183 65
422 43
275 6
387 26
281 8
359 79
230 12
345 47
276 21
36 44
121 48
155 31
13 40
372 7
107 46
278 33
286 29
224 36
32 37
397 33
396 31
124 79
417 8
404 31
127 29
244 75
325 19
152 30
215 33
266 24
176 21
178 39
244 70
183 18
423 19
84 44
266 48
104 3
396 81
166 6
8 51
102 18
333 79
369 76
277 65
176 0
402 27
79 78
19 3
123 21
334 22
290 30
302 54
270 60
25 66
162 6
390 18
116 14
29 50
188 36
182 81
235 18
310 3
69 7
342 76
295 8
111 46
251 47
388 75
76 75
416 33
18 61
102 41
28 38
28 37
38 54
368 8
127 63
284 59
145 13
105 40
310 69
357 38
260 51
150 39
227 9
386 45
346 52
26 46
95 76
388 49
426 0
92 76
239 7
45 62
345 26
58 78
425 11
307 45
292 1
171 8
23 61
260 63
325 65
107 26
326 77
169 60
186 21
420 23
298 56
87 15
6 7
414 4
111 37
1 46
143 67
187 59
266 64
137 2
251 5
424 44
228 47
92 30
84 19
284 69
374 75
269 74
155 8
168 2
114 44
180 12
226 70
289 35
117 66
25 8
357 54
130 72
94 48
276 15
138 20
301 63
6 63
7 68
65 52
349 74
183 16
375 8
355 68
144 40
60 41
116 47
328 37
115 40
91 27
49 69
23 6
181 20
433 64
400 49
28 71
22 15
332 7
411 75
9 34
114 6
312 74
359 4
86 73
245 16
194 20
17 51
11 81
394 38
266 80
311 5
366 68
65 45
316 80
239 50
226 61
132 40
18 51
360 15
189 9
298 48
429 32
200 36
103 77
221 72
140 43
47 31
167 74
428 18
238 30
144 2
134 49
94 63
173 76
102 0
377 35
185 75
204 32
156 10
12 28
429 24
388 25
43 29
239 10
367 38
386 41
43 46
290 80
285 53
160 35
13 34
166 15
99 0
243 78
91 62
213 78
6 52
116 23
200 39
289 43
209 57
270 46
85 74
331 25
277 72
207 41
193 61
430 48
317 74
251 64
251 50
188 13
316 32
176 73
126 3
365 5
4 71
404 46
52 3
210 1
25 7
361 43
270 10
11 29
191 37
156 72
390 66
395 55
101 45
180 3
44 49
377 25
352 68
365 78
176 8
291 33
81 62
408 30
323 28
298 65
205 48
86 19
422 44
421 37
229 56
26 60
196 25
274 19
185 22
77 36
336 53
43 18
410 55
145 41
414 26
113 70
381 21
101 77
335 2
421 76
137 77
103 66
402 81
85 31
345 52
157 62
410 67
257 22
268 60
362 63
336 21
325 43
379 40
82 38
34 32
22 23
347 28
352 81
79 3
287 80
12 26
97 45
37 7
107 44
108 80
17 69
65 39
97 44
157 8
381 32
351 80
118 46
315 75
325 12
44 31
6 21
237 5
47 42
412 14
319 6
292 25
206 79
320 0
90 54
43 78
346 32
199 74
423 2
175 44
4 57
347 1
195 54
95 7
360 57
85 63
32 43
398 63
423 8
133 38
122 28
188 77
345 38
414 34
395 67
79 66
29 61
202 80
216 24
83 77
71 28
374 32
122 41
179 37
138 26
158 11
27 51
246 23
281 40
400 78
200 44
383 20
207 31
202 8
106 73
55 44
236 80
44 37
327 45
182 19
38 64
214 30
52 53
390 52
378 31
138 74
24 45
325 8
91 65
268 37
0 79
153 54
427 80
427 60
271 20
239 80
213 65
150 68
244 61
305 60
45 19
296 30
23 13
178 3
396 80
79 7
122 26
288 22
102 57
79 18
96 30
213 61
393 29
281 49
108 2
401 35
34 67
110 72
164 50
354 61
87 77
288 75
129 64
269 66
268 25
102 65
195 8
323 27
381 56
302 34
103 1
60 19
130 12
41 74
225 46
30 13
109 24
381 49
434 62
417 19
400 11
220 18
386 77
414 19
212 28
239 38
391 24
365 68
283 37
179 0
393 15
220 57
75 70
404 7
375 40
32 50
84 50
253 65
3 68
183 12
164 72
255 41
166 68
365 77
71 35
408 21
386 5
146 16
243 3
41 69
107 39
197 57
274 51
328 52
356 62
36 77
185 39
308 10
165 62
35 49
220 2
4 56
433 61
360 59
363 69
74 42
240 28
16 56
405 39
103 21
296 7
231 9
263 15
103 51
191 67
185 11
146 18
269 23
4 31
262 55
7 37
0 75
299 1
268 21
326 78
87 70
87 63
434 8
356 2
97 66
388 0
41 71
329 80
144 30
309 69
8 12
51 1
51 80
171 64
128 22
28 46
215 11
98 61
12 24
208 1
308 19
337 54
185 21
154 16
41 18
68 25
162 33
292 37
157 51
431 65
87 23
155 80
118 34
84 21
431 43
204 30
93 11
236 76
4 70
91 74
433 38
191 81
301 60
409 26
383 50
18 25
151 40
100 79
410 33
392 54
195 66
220 61
301 28
415 62
77 52
4 26
353 25
105 2
94 34
100 6
393 8
379 56
157 72
135 0
149 30
116 35
272 44
190 51
224 73
183 25
162 65
238 75
242 19
48 15
122 13
383 7
338 75
429 57
123 14
4 20
137 62
35 66
295 14
318 13
28 35
158 76
195 14
87 7
90 65
157 39
331 12
246 1
190 47
111 59
50 13
98 5
212 0
155 20
235 20
362 32
333 2
9 16
140 69
5 81
208 49
226 81
205 51
53 60
190 4
168 8
376 52
274 4
173 55
245 42
187 8
343 78
25 46
31 40
229 59
161 52
146 42
16 63
12 65
121 16
138 17
332 38
335 49
395 78
114 50
398 79
314 25
2 34
295 63
319 79
52 64
410 78
434 5
291 28
368 67
185 26
96 34
148 33
404 54
92 25
318 46
112 26
189 41
159 32
144 12
291 30
112 21
250 60
68 33
299 57
118 71
136 32
279 64
63 58
154 70
268 40
405 7
392 66
184 28
389 81
133 17
135 16
299 47
246 8
209 42
226 77
221 49
269 19
353 10
213 58
18 50
77 26
406 28
213 68
7 5
229 2
366 81
314 71
392 3
366 61
60 50
208 36
99 52
341 80
350 36
377 64
207 50
391 46
427 55
28 20
330 46
207 33
201 48
77 33
215 67
364 15
20 54
337 59
3 69
409 51
264 63
382 56
151 76
340 17
266 20
246 6
108 44
107 64
429 18
148 48
185 67
401 54
214 17
197 52
262 21
32 77
145 71
139 36
261 81
368 68
364 0
191 69
76 37
118 43
313 42
365 63
109 16
139 35
49 47
253 11
189 78
339 8
75 71
387 4
352 57
151 63
205 21
428 33
152 68
358 0
322 69
349 55
12 13
94 43
74 66
67 14
295 67
111 51
375 4
30 7
191 12
326 43
361 21
29 70
260 55
33 41
114 7
196 51
75 35
264 75
420 74
40 26
93 65
228 16
329 28
263 51
385 81
207 5
330 18
271 32
119 60
434 78
143 30
301 51
367 48
2 35
21 75
143 72
167 68
69 60
361 3
336 81
227 45
120 24
287 1
223 43
80 18
171 12
221 1
72 9
283 30
219 59
324 29
224 66
326 65
124 4
217 55
344 2
405 6
94 45
257 57
38 56
178 23
51 78
352 20
243 67
50 30
157 65
105 23
108 56
64 68
27 33
360 24
260 80
401 53
262 51
140 1
430 14
345 24
192 1
346 80
370 69
46 22
182 73
290 76
48 71
43 19
274 25
347 61
226 50
415 35
254 42
116 34
178 31
382 42
144 45
112 38
325 67
288 33
306 35
296 36
164 24
178 75
251 2
274 66
19 27
307 64
274 68
256 12
18 19
237 7
245 37
225 31
143 53
181 52
337 53
20 47
184 69
425 14
20 20
400 16
239 68
160 4
62 62
248 30
7 29
35 63
180 77
163 79
144 32
331 37
40 53
243 19
278 80
137 79
24 37
429 49
230 28
99 68
76 23
233 57
198 25
276 68
68 23
347 37
135 46
392 70
33 54
431 68
382 19
247 28
48 17
353 60
319 74
166 61
147 12
66 28
277 68
295 17
267 40
58 51
52 69
430 77
425 23
114 62
8 68
22 33
191 22
181 49
434 14
235 46
284 56
391 21
337 65
395 48
365 34
153 29
90 11
258 56
94 62
350 1
240 73
135 64
351 66
304 73
71 68
192 16
13 66
249 60
50 79
275 0
419 15
406 41
374 25
373 4
319 39
25 67
127 27
81 35
174 78
129 3
235 42
124 18
8 53
149 56
82 19
434 33
145 57
389 51
67 59
91 66
273 73
65 43
119 43
248 25
103 0
255 26
329 41
197 81
296 6
32 20
69 40
120 31
49 43
91 11
185 72
25 28
389 50
290 57
77 56
371 15
227 42
294 19
156 11
89 11
294 34
261 47
42 21
93 6
188 71
368 56
399 40
258 28
194 10
84 78
274 39
412 52
434 19
239 61
377 81
152 61
403 3
20 18
423 0
199 23
152 73
286 73
227 80
86 4
72 61
122 55
161 64
323 59
42 61
140 75
300 16
74 2
124 29
248 40
39 70
366 10
217 52
419 41
192 0
285 18
427 31
59 61
96 31
222 18
258 60
116 26
404 50
168 66
334 55
176 18
202 27
91 16
300 14
231 45
283 44
353 71
148 23
357 56
98 63
241 9
229 55
409 4
232 8
196 37
145 47
167 75
430 5
287 65
209 66
105 9
222 67
37 77
300 39
12 80
44 33
109 8
202 10
267 67
14 22
150 76
100 13
186 45
297 68
163 60
82 48
389 52
73 19
389 31
318 36
64 33
50 54
229 46
339 70
301 16
351 57
120 27
124 23
143 31
424 72
180 42
386 21
283 47
290 17
92 62
322 24
388 80
423 37
111 8
394 63
205 10
244 22
228 70
32 5
79 35
375 10
352 44
74 4
49 26
342 38
404 41
378 62
206 47
347 50
313 78
209 44
417 33
53 73
392 57
286 4
26 72
357 29
350 11
403 55
143 56
0 40
235 4
382 81
338 70
424 49
18 80
97 29
253 17
429 61
75 37
119 76
347 76
266 69
220 52
39 52
135 38
357 25
15 3
11 72
3 20
321 62
59 51
85 50
310 32
347 22
293 59
103 14
328 15
293 4
238 15
318 52
151 11
367 63
93 17
231 73
58 1
396 37
30 41
177 15
208 22
209 13
18 22
77 43
67 51
292 49
128 3
159 69
185 37
86 1
27 65
101 79
260 17
22 45
64 65
236 41
210 20
74 57
25 44
369 12
19 54
295 25
347 11
84 66
59 70
5 8
209 59
178 71
57 52
406 21
402 1
143 63
385 4
412 44
412 69
128 63
253 46
371 4
237 62
66 38
151 24
172 39
397 39
423 5
141 2
339 4
359 47
221 57
392 80
200 43
166 37
400 13
174 51
362 74
132 69
394 8
49 31
235 25
247 2
41 37
320 77
260 10
408 56
359 20
353 33
350 51
165 33
155 65
99 61
318 56
151 65
245 3
210 2
100 45
271 14
108 50
139 34
330 70
140 60
200 61
350 72
197 37
416 46
79 76
168 30
170 81
400 61
17 24
302 1
246 32
423 68
380 42
224 55
410 43
108 5
67 68
27 3
239 24
405 75
356 66
27 59
122 56
228 29
278 15
308 35
309 3
381 41
142 27
139 59
299 68
75 52
36 6
270 54
44 28
238 72
28 48
252 46
354 2
18 9
274 8
102 49
138 58
53 2
62 54
339 79
189 43
359 8
263 3
289 57
170 1
284 65
203 26
198 30
151 45
194 50
49 62
318 80
363 75
84 2
176 39
170 50
340 50
274 23
27 71
337 69
240 43
135 39
329 57
257 13
33 28
190 23
53 3
199 29
415 26
218 62
99 32
139 80
21 35
89 73
412 55
245 2
121 6
205 55
428 35
40 18
345 33
250 35
426 71
45 1
159 52
33 30
202 42
224 35
370 16
165 57
146 27
200 42
415 77
237 78
259 19
108 25
153 80
303 60
144 41
395 37
410 76
353 36
36 49
376 76
384 77
274 80
208 63
37 76
143 29
369 52
164 1
61 15
0 72
253 53
257 50
86 9
133 45
421 21
345 55
311 75
430 62
147 17
19 19
149 17
432 41
102 40
142 74
123 34
209 28
241 26
41 5
170 25
214 37
356 60
56 30
57 53
17 25
158 6
232 19
204 17
388 41
328 13
263 24
153 68
130 71
113 46
385 39
53 16
420 48
48 64
249 56
272 52
433 14
129 65
270 45
358 26
382 59
148 77
328 46
236 81
309 14
154 5
14 40
362 71
153 7
383 80
328 24
302 52
93 15
137 75
231 2
140 3
362 16
8 46
78 16
132 30
359 78
426 75
336 79
22 69
352 10
174 16
170 14
5 2
290 25
261 49
296 60
118 48
34 3
331 51
27 61
219 10
136 41
99 71
169 44
199 28
151 36
3 10
407 53
11 43
56 16
105 42
113 19
315 79
82 65
57 65
65 69
28 52
260 8
232 77
379 69
30 61
417 77
44 20
198 24
270 81
250 15
162 80
36 42
170 41
296 0
405 15
314 29
345 58
168 61
272 56
313 1
110 54
22 75
129 70
426 17
220 41
353 29
276 49
431 2
369 66
334 70
123 29
211 21
25 3
293 54
365 10
279 21
215 80
224 39
173 11
349 7
142 9
382 13
386 66
162 77
69 73
72 48
24 28
357 76
361 42
410 25
143 44
96 12
367 11
143 55
394 62
404 67
356 30
52 49
366 67
351 68
221 70
73 23
275 5
271 60
61 4
121 29
356 21
34 29
66 60
134 22
58 35
408 67
12 54
120 58
393 57
187 39
156 5
103 62
267 76
109 66
333 12
310 2
169 39
344 17
58 4
66 44
320 39
97 5
369 17
208 60
91 53
415 66
294 48
133 43
263 59
260 6
317 59
367 4
121 77
387 37
224 13
268 72
62 74
276 18
339 65
89 80
267 70
228 46
410 1
246 10
3 62
110 18
44 60
73 8
392 48
22 80
143 10
117 18
183 64
408 63
102 38
182 25
8 39
273 77
293 9
325 17
238 49
158 58
1 4
248 73
368 7
34 1
410 26
114 55
404 74
8 50
246 64
179 72
44 68
243 50
172 5
385 74
354 46
144 77
4 49
228 37
384 40
78 35
372 73
62 39
207 34
422 24
305 48
23 27
330 78
70 31
418 9
203 29
291 52
153 27
32 57
27 40
343 45
177 30
171 24
420 3
34 68
286 58
384 59
13 61
313 13
364 2
394 37
428 53
268 66
352 67
327 17
399 12
306 21
249 55
412 70
128 2
38 21
152 63
186 77
221 53
129 66
65 15
217 16
288 5
259 17
202 3
159 53
383 6
316 8
266 29
25 13
381 80
10 23
291 20
308 45
430 41
198 78
229 72
252 17
299 36
365 3
56 46
309 47
268 59
287 61
39 54
81 0
183 3
271 40
242 63
153 43
415 33
425 13
184 30
78 33
433 55
116 61
253 70
233 21
3 28
274 28
401 52
57 68
72 65
321 74
101 15
259 20
23 76
264 60
42 11
60 57
192 55
337 75
109 22
185 19
350 58
179 50
123 69
15 21
144 1
66 56
226 59
108 78
300 34
360 75
168 11
264 20
123 45
309 16
198 72
198 20
302 51
221 73
260 25
285 77
284 32
390 4
123 64
313 55
303 8
276 8
357 46
321 80
320 4
402 43
5 12
355 42
119 15
153 30
308 65
72 62
343 33
184 15
144 58
298 19
150 53
222 65
202 24
270 62
75 57
199 61
242 5
72 47
220 68
123 72
76 60
178 42
83 29
189 14
125 63
342 44
379 66
432 31
75 45
344 31
135 51
253 74
196 38
285 73
412 31
388 51
343 36
386 52
116 10
137 5
205 77
318 48
152 21
143 74
218 2
4 27
206 9
219 55
281 76
272 25
49 8
126 21
72 42
108 55
30 26
408 25
409 61
194 35
280 19
384 57
149 37
378 55
404 68
20 53
183 35
49 59
294 66
202 21
397 34
126 80
180 22
123 35
255 48
415 64
343 27
53 12
50 36
303 48
20 73
283 41
316 41
44 57
254 25
411 65
53 58
427 56
156 60
311 46
301 11
377 19
310 43
120 61
93 31
283 4
314 17
351 78
137 57
175 27
365 38
308 42
55 46
187 12
307 25
368 12
5 32
166 34
126 37
172 38
254 47
53 15
304 50
311 36
257 40
190 61
257 35
296 38
138 32
173 23
210 62
423 69
295 26
133 41
2 37
416 76
31 67
387 76
250 74
32 10
269 67
185 9
0 48
337 63
115 48
358 48
30 52
420 34
238 47
206 62
316 20
284 4
414 61
53 41
420 22
54 78
56 48
132 70
390 44
380 64
297 22
166 29
173 1
384 31
137 27
307 42
394 19
71 20
148 63
167 34
237 61
350 56
321 69
134 19
291 36
155 18
336 35
197 67
158 61
186 18
108 64
380 26
140 40
110 63
34 30
7 32
340 76
252 10
80 39
348 69
422 58
262 14
44 2
108 58
250 19
223 73
207 11
108 62
85 61
71 53
210 52
69 12
321 45
177 12
373 79
70 45
332 68
125 12
387 48
183 2
128 60
59 50
92 47
206 27
330 33
252 57
428 56
392 63
131 40
170 53
340 66
410 72
220 46
32 42
237 8
90 49
319 11
81 32
338 46
85 52
343 41
380 9
262 53
428 72
105 30
9 26
411 4
47 43
218 23
384 4
307 34
82 79
93 3
51 72
336 49
100 63
389 28
103 74
397 58
235 16
226 68
398 23
189 33
420 39
126 55
396 23
51 81
383 8
171 1
87 62
161 75
18 56
41 17
141 19
129 40
108 7
104 51
183 1
92 70
361 50
263 18
36 27
105 71
162 75
247 17
35 17
284 67
304 15
279 5
263 0
93 71
255 18
278 51
49 20
19 57
114 3
114 77
234 57
280 7
96 73
384 38
61 56
36 14
241 74
381 13
121 18
333 4
170 35
78 38
64 30
306 51
420 59
240 78
408 14
68 8
426 58
423 77
320 56
42 12
271 41
95 29
164 33
131 30
258 46
50 5
361 76
145 61
188 8
274 31
153 63
128 66
147 54
5 72
198 54
357 65
416 26
258 31
137 68
348 38
260 34
275 28
30 22
311 64
112 68
67 50
163 67
66 36
185 7
280 26
86 29
241 69
185 30
354 53
4 35
28 65
23 30
38 74
91 77
201 27
162 73
177 59
306 59
270 42
347 18
186 75
393 35
397 30
251 63
368 10
426 81
60 20
387 74
70 80
253 51
412 42
9 72
271 1
383 70
258 14
73 66
103 58
339 66
207 7
341 30
15 35
23 44
390 30
365 15
70 41
276 34
246 48
187 69
119 63
361 38
430 81
234 26
110 38
270 71
176 44
264 6
359 31
380 17
380 50
217 23
34 21
414 29
231 64
283 8
301 0
37 43
31 79
344 55
104 20
244 65
175 45
301 71
55 7
257 63
139 55
276 76
175 49
427 14
259 15
397 13
43 70
102 2
54 13
285 3
79 19
192 69
70 17
218 20
311 66
90 37
124 75
255 29
363 22
28 26
172 63
148 21
171 48
163 72
355 80
13 8
240 56
329 68
46 53
156 36
293 73
245 52
210 43
414 0
51 68
418 66
3 25
369 77
177 69
49 55
36 50
191 36
40 11
418 8
130 68
37 5
305 79
404 47
296 76
257 76
58 70
109 81
412 12
428 7
46 76
74 53
206 10
181 26
288 66
128 31
369 31
181 51
184 72
202 2
360 51
161 49
101 73
123 6
24 53
46 47
148 17
418 76
431 24
130 13
313 50
92 81
55 51
295 47
186 67
101 72
58 38
120 42
92 39
186 69
266 49
213 41
372 55
325 79
192 34
256 78
19 45
346 68
206 49
338 36
144 11
197 6
343 10
85 0
92 51
278 61
172 8
206 60
157 16
390 33
142 21
171 70
116 41
425 51
148 12
343 46
253 77
16 9
120 43
246 81
382 53
332 50
156 65
217 49
364 4
150 24
347 0
314 23
152 41
232 30
257 54
289 0
93 73
334 0
385 58
69 68
70 62
41 79
348 22
130 21
355 59
343 39
320 33
115 14
157 54
175 15
366 50
125 73
237 47
364 72
359 73
87 59
49 68
234 75
426 40
406 33
365 21
280 37
155 79
307 47
224 20
39 36
180 44
42 59
424 35
275 19
303 73
178 69
38 18
99 34
414 70
423 42
51 52
407 17
390 35
233 20
345 19
238 28
46 81
232 73
107 62
1 41
391 10
71 15
164 22
423 55
235 43
58 74
133 49
373 43
159 22
431 46
379 24
137 16
34 15
280 10
299 79
72 22
18 4
68 22
291 80
388 69
393 28
149 25
199 17
192 52
89 69
17 58
324 48
392 32
63 42
261 67
143 12
272 36
182 2
67 77
114 27
252 52
389 72
161 46
76 35
59 40
306 4
276 1
390 11
287 14
362 64
40 5
336 14
318 41
217 63
19 71
177 47
112 79
354 5
137 42
362 15
323 77
395 6
258 54
252 3
307 36
256 58
48 62
332 46
398 11
213 23
84 12
66 75
234 22
198 55
96 65
124 38
405 43
299 24
53 63
388 33
198 77
430 24
65 3
310 9
422 8
47 13
240 55
77 79
248 26
407 70
419 30
197 71
429 58
27 28
306 53
102 14
174 57
156 52
424 61
199 50
263 66
64 63
105 59
150 44
297 64
373 34
7 54
192 14
129 48
316 5
313 76
321 35
71 10
400 5
36 30
416 40
286 37
138 50
104 27
141 37
267 71
380 22
10 8
297 12
184 42
203 62
127 78
25 26
325 33
346 8
16 37
16 2
224 10
45 66
245 50
333 52
116 45
0 60
410 56
85 19
260 59
309 66
134 70
419 25
109 25
376 62
421 51
77 71
181 17
303 46
145 54
252 77
160 42
327 61
370 54
255 17
245 0
357 41
298 35
338 80
30 1
282 23
29 45
413 69
263 35
146 1
172 60
253 36
353 17
80 28
234 25
304 10
270 63
136 0
232 46
164 12
33 68
327 81
400 58
409 50
214 27
134 79
206 39
244 74
13 15
107 12
261 2
216 55
356 0
10 1
49 77
291 32
97 56
160 18
227 46
355 70
257 72
382 78
227 78
357 81
362 48
18 17
340 57
74 7
180 50
311 44
97 31
115 54
43 39
298 36
4 19
396 22
433 65
190 2
399 11
265 27
36 78
265 45
136 56
169 33
99 55
52 51
378 7
359 28
77 42
412 73
373 47
286 0
100 28
389 30
182 52
306 34
301 73
228 8
17 79
403 37
226 4
363 18
227 20
329 64
309 7
55 77
371 64
315 10
343 64
291 47
31 51
122 72
374 35
391 63
159 10
250 71
416 66
316 36
252 22
163 55
269 42
316 39
22 14
100 18
195 34
334 43
301 18
272 38
212 35
173 78
22 35
67 49
102 81
367 35
227 71
184 64
266 32
112 66
414 50
121 30
20 4
26 65
411 5
433 32
203 51
398 4
352 41
296 77
213 13
258 68
227 6
59 46
210 31
358 69
420 73
104 45
51 30
222 50
381 52
250 50
42 1
314 9
92 61
401 7
25 61
233 53
116 71
211 39
421 65
326 47
83 40
51 13
15 62
157 63
364 46
358 65
81 70
134 15
331 36
396 71
280 28
317 27
411 35
144 44
19 72
86 18
345 69
100 36
414 64
335 1
107 35
250 18
308 32
151 15
352 59
97 13
52 36
299 2
15 36
112 11
321 55
187 63
96 79
423 30
89 59
110 28
311 25
223 61
372 70
167 7
208 2
109 44
364 19
169 31
352 62
131 70
5 60
208 25
34 47
427 45
183 13
314 30
31 52
368 15
99 58
410 48
193 39
54 3
10 81
45 72
227 25
318 57
172 13
292 40
367 22
266 34
248 31
112 33
2 7
143 34
232 22
276 45
70 12
231 7
152 59
138 6
192 71
389 69
285 62
203 12
204 79
35 75
80 72
308 1
0 35
43 21
233 17
81 46
391 23
38 49
125 8
23 50
322 40
369 73
392 6
320 75
367 2
22 1
400 8
281 13
377 40
231 13
364 10
117 69
143 37
67 10
277 81
311 81
27 7
89 19
253 78
171 6
412 29
379 34
381 31
159 44
434 73
258 35
427 37
410 68
2 2
211 50
139 15
371 49
335 0
322 12
217 22
262 81
277 74
236 11
15 8
252 40
74 59
114 1
321 10
64 9
401 42
272 54
103 50
264 13
81 65
267 69
201 57
107 24
287 38
278 62
211 28
390 72
29 76
276 39
352 42
321 79
24 80
97 67
264 19
144 72
413 59
409 68
79 33
23 70
225 35
369 38
290 26
368 81
291 57
303 56
28 28
137 54
189 15
113 24
232 65
178 4
111 0
262 4
242 65
285 13
310 76
32 66
302 64
360 4
298 40
53 54
114 8
258 16
122 7
95 81
15 5
272 45
360 5
182 15
71 26
421 39
265 73
347 59
184 2
189 17
8 31
206 26
339 59
252 32
307 4
157 78
272 73
38 67
90 30
420 53
18 29
295 81
217 81
103 72
364 38
341 49
298 76
57 23
327 72
265 53
306 42
161 44
293 29
356 10
62 13
59 29
362 60
62 22
233 68
299 48
269 38
187 71
360 22
18 70
169 49
303 80
188 30
62 79
326 34
47 29
255 79
179 22
373 36
212 32
43 68
207 67
420 44
211 3
267 44
427 62
1 39
97 35
37 18
213 52
107 66
197 21
98 23
366 62
125 55
197 19
116 25
150 49
24 79
157 56
404 34
381 6
258 72
420 26
332 48
36 80
181 79
296 15
18 33
153 67
246 46
342 41
299 9
149 20
239 51
351 15
255 10
62 41
285 42
177 73
13 55
35 12
2 31
365 71
89 76
213 66
252 66
327 26
150 3
227 14
387 34
165 37
255 1
254 73
33 1
60 27
264 7
84 81
1 18
395 77
339 17
387 44
3 52
364 61
107 56
99 72
397 45
376 55
268 19
232 43
205 32
92 4
168 52
151 7
119 69
135 17
123 5
250 10
280 65
158 66
185 18
65 18
405 11
294 54
249 67
294 56
346 1
149 64
221 8
348 72
200 78
194 63
154 58
345 70
393 3
46 26
418 37
181 3
196 55
64 50
123 66
321 47
18 5
74 61
169 14
66 10
50 44
21 79
294 69
172 35
189 64
283 7
298 80
108 24
122 21
388 30
53 6
283 54
299 11
37 30
314 57
13 12
365 1
93 46
144 13
160 33
351 60
104 29
188 9
110 17
317 34
4 72
55 66
82 72
412 1
279 14
16 33
357 53
361 35
414 47
14 11
39 45
292 76
329 6
340 25
431 40
412 35
380 73
427 76
327 64
252 49
166 0
335 26
124 10
282 42
52 72
176 9
366 34
356 63
410 7
320 58
63 43
156 35
287 57
97 16
392 31
302 71
205 9
183 71
216 25
391 37
339 1
61 46
235 36
64 5
267 37
387 39
0 25
374 53
426 39
22 47
312 30
5 49
135 3
256 7
156 67
10 49
421 72
285 43
189 74
287 26
284 33
357 24
364 69
81 22
99 42
275 58
431 41
374 8
248 77
394 27
78 44
157 69
164 79
271 11
290 45
212 53
230 14
307 9
46 15
361 67
407 3
376 11
101 31
394 6
93 51
102 29
397 46
157 36
316 54
277 76
20 55
291 2
157 3
31 10
49 27
171 15
207 1
95 6
257 19
361 52
220 15
178 20
316 31
267 6
357 48
213 56
261 51
366 11
146 15
100 0
287 37
306 78
294 46
229 62
117 28
320 9
71 80
366 18
302 8
208 16
389 24
247 46
145 44
393 79
315 14
333 33
392 65
408 53
5 55
206 25
112 77
96 44
130 77
134 50
79 14
149 69
254 74
166 81
422 26
182 1
90 39
137 10
373 59
351 53
312 53
324 20
37 71
47 27
270 35
257 33
431 74
288 49
434 54
144 4
340 74
27 56
317 80
232 9
217 29
371 44
400 29
389 58
430 49
387 0
9 78
52 67
302 48
196 67
71 3
311 28
273 78
319 25
418 13
62 12
276 77
356 46
204 23
297 27
254 2
424 40
54 53
104 78
167 42
350 80
27 22
147 71
108 48
232 27
266 63
150 5
361 14
390 1
268 74
65 55
425 36
105 14
7 24
311 21
316 60
327 4
423 79
379 41
374 61
153 6
155 34
58 47
374 71
305 68
241 81
314 22
283 36
67 24
83 28
127 31
284 77
225 30
123 23
136 77
389 32
352 66
387 56
113 15
295 66
328 14
99 59
60 16
82 22
168 39
1 61
6 74
302 25
138 9
328 39
0 81
282 20
414 46
145 46
244 47
152 48
136 57
398 58
204 4
193 66
373 64
159 70
260 66
70 11
269 47
155 25
202 52
96 29
12 30
107 4
292 6
39 56
119 19
0 76
391 50
11 76
255 2
97 26
334 4
76 18
23 7
183 63
45 68
409 19
313 81
90 52
355 34
417 42
31 7
78 66
310 8
56 63
52 11
196 47
338 29
106 9
188 43
158 59
154 37
337 7
61 68
343 28
223 16
217 50
2 61
322 58
265 68
11 57
222 27
406 37
207 61
305 17
226 39
255 8
191 8
308 38
55 36
145 6
360 38
4 48
69 4
316 33
1 24
189 16
415 27
204 7
221 67
262 30
312 78
290 9
128 49
403 58
97 48
244 21
96 60
94 78
80 74
116 7
22 29
137 18
340 35
165 47
103 47
142 15
80 23
62 66
264 21
241 70
39 10
348 43
139 39
358 75
126 4
391 15
222 63
207 53
391 35
235 44
395 69
14 32
231 50
264 3
284 51
82 51
230 55
421 30
52 79
374 58
386 37
390 51
5 21
95 54
66 32
71 30
109 68
16 66
362 42
62 29
308 26
188 3
412 33
111 26
47 55
37 67
343 0
147 15
353 43
33 78
74 41
16 42
373 58
234 5
149 63
147 70
188 35
350 27
121 13
194 54
119 81
348 46
147 49
127 2
306 36
387 70
68 61
144 15
114 79
280 27
389 54
132 49
253 79
248 13
98 42
45 81
226 31
306 76
290 27
222 5
76 72
132 50
339 80
339 29
333 77
53 74
397 73
86 11
410 12
64 71
351 55
327 49
425 46
151 4
196 43
332 10
426 47
35 7
269 9
314 64
347 72
93 10
9 8
154 32
274 10
325 31
82 66
44 8
15 46
152 6
263 13
401 29
106 29
174 72
37 36
7 61
16 31
434 40
308 40
51 4
9 43
81 72
70 51
208 71
357 70
357 78
296 49
106 16
181 11
261 53
18 63
296 63
89 44
381 44
331 52
394 68
242 59
336 48
346 38
278 47
331 75
362 81
350 12
22 18
286 55
142 67
344 48
331 47
50 46
272 12
348 29
143 45
95 2
293 7
216 43
177 3
115 78
60 29
188 62
161 23
29 19
69 56
384 80
14 16
131 6
406 72
41 25
427 50
369 18
96 35
95 58
368 66
42 17
419 19
29 25
69 50
14 79
259 4
351 14
77 22
380 34
322 8
373 2
193 36
333 75
125 47
72 80
132 35
152 22
32 22
339 71
325 45
319 18
394 28
319 13
35 58
417 36
260 71
160 31
133 21
48 22
70 30
248 3
420 28
53 40
268 29
157 2
81 27
257 3
209 38
97 23
38 0
24 40
123 48
116 53
66 48
86 79
259 6
120 41
10 66
244 9
383 23
401 81
282 24
223 49
305 14
394 56
216 26
137 80
348 5
185 71
401 72
53 53
373 24
317 67
391 39
379 38
57 51
330 13
91 12
360 3
350 41
404 77
378 10
12 14
159 3
207 49
388 6
223 65
74 19
123 25
302 75
364 18
261 18
1 16
113 63
350 81
280 18
187 35
340 43
82 8
10 7
315 42
173 20
72 71
251 33
221 43
185 74
327 39
315 81
383 45
111 65
300 68
296 16
151 60
27 6
319 20
309 63
52 2
415 81
198 44
189 12
278 46
135 55
392 0
298 43
102 78
24 67
235 19
259 62
193 51
132 41
384 52
76 59
122 79
115 68
281 67
374 65
283 52
279 23
216 40
193 27
348 74
154 24
27 70
156 28
61 11
52 8
228 14
255 54
339 57
363 17
330 21
75 33
218 61
23 51
89 49
64 78
274 41
365 73
223 13
112 15
264 32
251 75
63 12
299 70
356 14
76 25
240 47
0 7
136 70
168 27
159 8
182 62
37 33
175 51
151 20
209 71
340 71
8 63
154 17
208 51
409 75
30 24
63 39
232 78
401 15
127 0
125 40
252 75
428 77
269 15
78 72
21 32
0 20
160 15
6 12
205 19
423 11
362 4
397 76
356 31
210 24
60 2
306 32
146 54
52 80
1 2
51 67
147 21
118 76
415 47
426 18
226 25
45 22
275 33
252 78
250 76
163 15
3 43
272 17
170 47
372 12
272 67
345 66
374 64
62 68
1 56
285 15
360 72
265 11
65 21
9 68
425 67
126 46
194 59
427 12
432 68
117 70
255 77
139 23
345 28
218 73
33 9
108 14
137 66
87 75
418 22
342 64
46 36
327 22
9 74
239 21
160 58
183 39
52 24
353 18
347 55
229 43
64 74
104 25
123 0
107 27
268 10
86 68
60 48
357 58
383 44
33 31
92 53
184 13
228 38
399 38
193 15
384 71
373 56
152 0
274 73
352 18
202 29
202 4
166 66
19 21
144 23
401 70
42 5
378 3
400 73
349 18
67 66
321 28
318 76
245 32
371 1
6 36
110 73
119 59
153 62
64 60
242 23
89 23
70 38
202 75
28 53
60 49
110 49
238 34
349 37
258 1
313 31
88 35
36 39
238 48
251 35
6 13
114 57
5 10
224 27
13 22
33 24
64 10
363 53
374 33
365 48
248 47
233 72
180 52
183 45
55 39
5 43
48 74
46 59
322 20
426 9
66 52
370 2
425 80
219 81
240 48
13 18
70 18
85 41
305 24
224 25
102 21
417 15
8 55
313 77
214 18
350 63
346 21
45 5
115 73
381 81
147 41
164 8
135 10
362 55
286 43
431 12
376 6
69 34
108 1
1 5
7 1
373 31
188 1
329 20
321 73
197 41
174 69
102 1
428 45
101 57
345 37
274 32
17 65
279 33
58 59
405 34
42 9
385 79
342 10
69 35
297 35
75 7
219 68
96 18
405 31
117 38
230 33
27 25
160 60
234 1
358 66
322 34
123 1
413 20
77 57
50 19
97 65
146 20
338 3
374 72
78 48
177 61
268 16
39 71
122 24
134 76
108 40
154 76
24 33
366 24
397 6
202 9
237 69
162 78
244 62
128 73
69 58
275 3
204 0
80 68
275 34
23 11
352 63
272 62
381 27
5 37
251 51
329 72
28 76
434 67
313 43
173 24
189 63
85 21
214 13
308 34
433 5
125 9
89 67
171 41
141 26
402 35
190 36
187 41
246 69
384 27
114 19
429 4
120 6
186 4
27 72
284 5
218 25
135 6
406 51
6 57
297 72
108 79
367 64
414 17
112 53
100 51
30 80
100 71
363 23
314 68
315 31
14 3
133 29
275 53
360 45
118 75
289 60
175 58
25 69
105 15
231 17
58 54
211 57
373 16
2 58
157 55
428 61
87 48
70 29
42 31
57 12
12 76
139 31
129 49
248 20
233 11
329 29
209 2
237 66
61 41
300 37
321 27
224 42
92 71
330 8
279 29
198 42
198 1
229 61
77 7
355 0
361 65
34 77
305 34
175 50
242 30
210 50
78 36
238 40
12 3
55 73
331 20
412 2
214 75
370 41
10 5
252 53
113 77
421 28
193 35
387 43
384 7
291 78
67 57
88 5
352 78
335 41
424 43
305 7
77 74
375 3
72 57
32 74
32 35
331 74
67 69
262 12
362 27
130 16
268 71
168 69
164 31
177 74
189 50
409 6
391 4
144 22
75 22
1 52
84 73
425 47
295 13
362 51
78 69
215 36
81 74
101 5
99 33
394 53
140 27
133 16
200 75
232 53
93 2
366 46
129 63
400 75
408 65
7 67
229 10
20 25
398 10
202 20
37 19
166 80
139 49
91 68
198 26
296 20
120 38
383 25
252 72
246 33
231 34
246 54
254 3
109 80
30 31
363 61
204 65
173 65
364 42
165 26
22 10
94 14
117 77
173 70
389 3
411 74
351 30
138 55
181 22
152 53
434 43
406 49
12 78
76 21
73 20
348 45
383 58
232 26
305 51
298 44
124 24
14 18
385 16
60 1
133 54
148 35
333 16
88 12
42 66
70 52
47 53
128 72
287 18
371 33
25 68
232 12
259 34
83 17
13 1
287 36
7 34
51 12
56 29
264 77
352 32
275 23
332 58
148 55
16 13
169 71
105 45
334 10
26 73
110 1
202 15
414 49
344 4
352 13
337 58
183 54
52 21
106 33
104 5
199 75
97 22
356 78
411 26
131 3
262 73
331 15
13 76
70 79
235 5
228 7
29 73
413 13
87 4
160 57
333 26
413 39
319 65
394 9
318 27
267 8
238 65
86 17
280 0
118 67
298 39
324 53
294 70
380 37
339 56
234 9
120 50
417 10
413 22
41 40
118 60
161 24
241 28
368 58
189 22
58 80
418 75
410 5
3 31
223 70
165 71
302 15
283 9
160 76
344 13
326 24
57 61
272 61
279 15
187 75
310 79
122 48
342 73
36 24
434 77
35 62
298 73
236 24
428 51
161 0
52 32
358 77
87 34
422 52
202 32
370 18
302 44
294 61
94 9
178 16
8 2
359 58
216 49
351 16
268 6
212 54
267 66
183 81
191 29
318 21
245 73
137 14
233 67
222 29
311 62
91 31
49 44
285 58
77 50
108 0
152 24
379 9
302 36
366 65
221 13
336 4
77 2
330 15
260 62
26 35
151 14
213 75
385 36
292 59
239 12
234 70
208 52
332 47
366 69
327 59
189 52
222 72
426 23
299 10
280 76
137 0
405 36
288 69
120 60
238 4
375 42
138 29
382 61
142 38
191 58
216 32
77 28
292 63
173 13
253 48
366 17
336 78
94 53
255 23
234 10
247 47
35 10
254 51
10 57
188 25
10 43
143 33
125 49
217 34
382 50
214 0
130 80
213 39
237 38
361 24
98 47
59 42
42 33
112 71
406 71
314 14
266 53
260 76
90 75
252 38
343 62
413 80
320 16
122 0
114 47
279 28
339 49
113 28
135 19
431 80
397 60
374 46
184 8
342 22
301 39
310 71
339 58
267 75
178 62
213 49
419 53
30 10
14 68
188 53
20 33
268 15
165 27
397 57
417 18
377 5
103 9
351 10
154 64
104 50
304 66
307 73
5 22
375 32
100 60
154 68
115 79
324 38
31 38
264 46
260 16
263 33
396 21
350 61
329 79
136 27
125 62
319 77
37 24
262 50
183 15
280 52
419 16
243 13
355 29
44 21
156 42
15 33
372 34
84 25
110 26
384 55
357 10
59 35
379 8
191 31
373 61
186 71
377 29
100 7
148 81
134 69
334 64
14 42
391 71
12 7
405 48
69 69
189 27
29 52
429 36
329 53
110 29
49 6
187 53
52 62
270 53
314 47
37 78
129 28
184 5
414 1
394 0
39 69
5 33
398 71
124 69
317 75
432 54
85 43
389 34
309 23
234 29
41 65
188 28
176 56
109 37
422 28
425 12
388 70
219 71
251 73
368 30
91 17
83 14
80 30
294 47
70 34
182 69
73 15
242 46
347 40
101 37
216 13
286 25
239 63
184 68
185 56
348 78
218 34
235 28
162 58
115 74
51 48
306 8
119 62
280 13
397 81
194 61
219 12
349 71
339 26
36 33
433 51
288 43
108 18
235 72
349 77
122 81
309 18
330 9
108 52
199 65
17 37
217 19
91 35
342 68
384 10
289 33
76 50
70 56
173 35
107 43
244 2
46 61
336 9
150 67
318 11
228 48
261 43
321 11
382 26
145 30
256 45
360 55
326 35
289 42
310 35
369 19
429 56
80 46
113 51
178 0
164 48
425 5
87 6
335 28
88 77
93 20
240 4
57 74
295 73
363 14
254 76
176 32
80 79
89 55
70 28
429 73
172 57
189 80
44 12
198 23
236 5
403 61
392 45
251 17
199 42
327 74
425 19
152 54
134 53
176 65
381 74
260 31
296 67
74 20
184 9
119 71
343 60
221 4
213 57
340 39
326 46
283 53
249 21
378 14
86 0
40 39
412 77
283 13
289 37
267 0
256 30
226 19
337 68
336 8
357 72
391 1
153 1
117 19
21 67
193 72
148 10
221 23
39 75
37 39
385 65
424 52
398 48
366 54
416 24
80 10
365 9
212 41
422 45
258 12
172 17
150 23
145 4
388 13
219 72
388 35
40 44
395 16
19 33
80 35
60 68
202 11
341 41
62 27
285 38
391 52
4 78
194 33
432 24
333 39
129 31
277 73
53 22
326 1
287 68
231 44
298 57
58 66
125 11
426 45
51 16
61 43
379 50
393 51
250 55
8 32
171 46
317 44
233 78
153 79
30 16
172 66
13 56
193 74
61 40
74 36
5 54
69 57
272 27
15 2
202 46
116 38
33 76
343 16
85 55
409 41
23 39
66 11
239 28
35 39
114 45
401 6
405 65
84 14
419 46
85 7
314 58
270 7
228 61
261 28
185 77
427 67
321 31
121 12
234 34
112 12
260 47
112 25
261 75
366 20
315 80
390 37
151 52
78 21
202 13
229 33
429 66
397 37
209 35
303 39
41 75
418 67
410 66
83 8
100 11
350 50
273 42
245 65
147 25
5 24
391 31
266 65
99 36
24 54
350 19
291 54
68 63
382 12
375 44
9 63
309 12
79 11
0 36
12 75
276 13
283 23
343 20
70 71
233 41
39 16
200 8
318 34
372 4
80 6
172 59
48 42
281 7
374 19
221 76
397 47
12 67
118 49
310 34
146 7
228 30
218 66
400 0
411 8
286 49
398 53
17 0
285 55
56 52
198 76
344 3
115 36
256 13
48 68
42 28
70 66
161 8
253 66
253 40
424 37
183 53
330 71
53 39
155 47
247 79
252 36
135 37
195 30
360 33
345 73
202 58
134 20
263 60
380 70
78 3
364 52
92 20
44 6
188 54
380 25
392 29
72 63
248 39
162 51
375 24
430 53
316 64
113 7
165 32
136 37
61 33
14 47
251 30
258 59
68 3
319 1
162 50
249 23
412 30
50 78
172 22
182 10
161 36
373 9
383 40
187 74
203 28
239 25
263 8
252 21
378 23
241 68
294 32
123 68
111 22
306 43
9 67
186 60
415 3
411 57
119 8
103 38
75 68
23 62
316 10
174 3
54 2
195 2
195 49
186 52
112 78
174 61
217 14
102 25
73 76
351 22
62 53
89 16
265 41
151 27
167 5
179 81
160 81
171 44
94 25
109 10
103 18
4 34
88 74
354 19
5 42
140 42
36 66
58 44
96 51
109 42
234 46
73 42
377 36
131 68
411 37
137 72
383 49
415 57
231 29
277 64
330 51
51 36
290 42
304 24
118 64
423 7
83 52
325 60
314 8
66 3
394 15
372 41
268 45
223 1
389 73
270 68
373 35
118 36
268 1
300 72
241 73
423 20
333 74
135 65
370 14
35 35
158 29
93 36
130 11
41 57
372 53
67 44
56 73
127 49
47 14
111 24
316 74
160 45
290 8
101 18
265 8
375 9
386 71
23 23
72 36
252 61
413 72
191 63
382 58
249 16
432 42
413 34
67 19
220 55
129 6
308 68
225 34
195 58
239 66
221 30
260 64
168 67
228 15
418 35
185 1
301 56
212 38
277 13
132 6
189 67
279 32
416 60
38 63
312 22
216 22
406 52
414 65
153 56
109 73
140 76
203 80
248 78
141 60
415 9
20 71
145 3
7 57
43 38
396 70
264 65
332 60
368 61
351 48
372 25
77 61
63 30
17 49
162 48
230 59
250 20
307 11
345 77
25 79
23 53
262 33
27 31
164 42
120 19
419 45
342 29
272 22
355 39
142 8
327 32
166 4
102 64
319 37
203 43
90 68
421 27
305 15
118 18
118 33
10 71
283 64
383 47
363 49
100 57
116 16
377 47
61 47
307 22
431 26
59 60
207 30
80 78
180 55
82 60
296 73
353 79
230 65
142 45
5 62
365 20
379 58
28 25
175 80
295 3
307 54
124 8
165 2
160 62
280 60
427 35
225 71
99 3
6 24
406 54
433 20
407 29
194 60
380 6
104 2
220 26
197 16
322 43
9 60
136 35
256 9
298 78
361 48
254 16
104 80
96 80
279 31
338 48
112 24
400 65
266 37
315 33
396 15
146 49
196 66
421 17
140 74
307 19
331 57
280 68
146 0
200 29
199 71
210 75
112 56
0 16
171 79
325 54
99 74
309 25
61 63
117 60
378 49
56 56
109 28
381 59
414 71
355 81
343 81
283 16
167 53
264 50
372 15
113 74
371 17
323 51
127 73
245 40
186 63
304 48
316 13
393 80
33 39
312 44
193 17
34 17
269 11
401 21
192 63
158 72
343 67
164 29
13 45
2 51
165 21
282 13
329 52
339 36
200 62
158 31
327 73
273 63
216 21
317 79
207 68
146 3
377 73
261 72
227 31
15 9
100 49
395 72
332 51
248 66
282 6
407 72
355 67
342 26
156 34
366 31
49 71
118 7
97 6
273 56
124 81
310 75
309 5
376 47
348 19
322 28
184 41
383 34
132 76
406 48
106 38
399 61
32 33
257 28
44 70
280 34
354 30
68 13
243 52
190 67
71 72
244 58
82 35
413 6
420 16
416 69
347 52
356 16
304 69
262 8
197 36
201 76
156 1
398 75
297 58
201 38
71 74
319 51
342 14
188 46
69 80
102 54
245 9
416 22
400 37
146 11
129 62
313 53
332 11
105 79
96 6
69 13
231 42
313 10
3 48
165 34
101 30
272 3
57 69
165 28
252 63
304 18
286 45
61 52
257 24
51 47
41 54
9 51
364 13
398 19
92 5
85 4
180 40
282 37
88 15
185 80
252 39
94 71
250 23
172 18
207 12
415 72
342 7
285 78
93 61
112 19
332 13
125 42
174 60
64 34
46 68
130 0
68 52
10 37
127 47
370 80
174 48
99 38
220 22
361 11
109 41
211 10
386 76
384 37
151 12
305 5
178 40
197 15
33 50
207 75
176 43
112 27
344 44
216 65
58 65
293 43
79 5
143 60
277 57
374 57
418 15
273 64
234 31
139 73
154 21
211 24
224 33
399 16
293 72
210 69
78 28
33 51
11 36
320 44
369 26
396 77
393 23
47 51
239 39
127 25
433 59
293 8
330 49
330 0
303 65
412 0
193 50
355 52
311 74
181 1
133 47
13 2
160 69
302 46
182 34
346 34
356 58
341 20
92 12
377 48
317 5
71 39
243 55
393 72
105 67
136 76
377 75
304 51
37 54
366 39
271 51
420 60
188 47
267 72
364 35
341 52
64 67
111 11
240 49
389 63
246 66
158 80
158 2
131 7
379 79
155 76
164 67
385 30
299 63
405 18
321 3
131 16
73 69
135 11
186 25
92 40
200 70
28 61
402 22
40 14
149 40
309 26
101 35
78 32
220 58
174 27
219 28
50 38
115 32
347 33
9 22
13 50
256 63
344 51
55 37
39 49
232 52
374 56
160 14
234 7
423 62
221 78
290 21
212 36
240 34
355 8
281 3
349 52
358 81
160 3
10 67
102 11
187 44
49 2
283 56
280 80
130 26
40 27
163 44
88 37
214 16
43 63
353 2
283 80
330 22
16 0
77 25
368 42
5 61
362 52
201 80
430 80
428 49
357 19
402 40
12 39
346 16
359 32
402 16
297 32
153 4
406 18
294 71
370 73
370 63
218 40
226 60
130 10
208 41
203 78
92 60
396 8
142 81
370 7
199 7
314 55
335 71
309 31
160 30
235 53
212 27
75 49
172 44
408 22
350 9
263 69
378 29
219 53
282 69
62 61
416 36
128 64
352 58
372 21
154 26
424 77
362 40
402 56
398 59
306 60
201 19
195 61
16 46
283 19
140 38
371 2
395 51
315 59
30 51
144 48
373 38
324 16
189 36
144 78
103 22
349 78
428 42
250 16
359 16
341 25
184 7
129 41
39 73
4 10
79 30
333 57
69 36
89 56
316 9
236 33
408 6
24 34
161 45
121 72
249 10
429 21
22 60
286 21
304 20
20 69
265 21
318 51
428 16
275 50
329 0
244 18
428 67
34 75
321 53
419 27
402 60
395 76
169 24
343 69
318 64
328 62
131 33
51 5
401 69
157 9
58 43
202 22
140 68
173 34
323 18
413 35
434 60
115 59
15 16
19 74
48 79
80 49
353 58
410 62
85 38
217 79
300 13
424 13
270 48
225 9
45 0
32 8
373 70
411 80
330 12
158 17
303 33
55 22
3 73
24 30
313 28
25 16
425 68
123 81
264 68
433 41
75 28
324 76
126 38
323 31
223 56
231 36
126 17
235 15
303 53
176 79
22 42
348 18
377 12
267 30
176 11
425 56
352 53
145 28
28 12
180 7
300 8
85 77
13 14
432 3
63 9
14 14
251 28
398 18
417 46
400 66
13 4
339 64
32 1
24 39
1 32
67 80
396 20
75 80
299 78
335 62
234 52
227 47
180 61
129 75
92 63
147 68
206 61
268 31
210 61
374 74
341 38
79 15
187 81
117 52
47 9
190 44
305 44
48 13
27 45
128 24
322 66
137 12
167 81
354 32
282 40
101 11
397 49
289 48
362 18
315 53
20 0
320 29
144 46
192 30
298 22
343 32
55 80
244 27
319 36
371 7
173 57
418 39
363 68
387 67
74 50
265 65
422 77
408 77
298 8
287 5
149 61
155 50
383 76
3 51
253 1
149 18
99 26
184 33
128 40
429 80
386 74
307 50
30 3
18 66
28 62
87 58
322 33
419 68
281 10
420 72
159 58
231 32
384 42
160 28
185 65
125 71
427 20
198 74
116 39
365 59
99 5
186 16
237 72
240 54
338 41
83 7
327 23
138 38
359 12
160 63
269 61
355 37
262 76
88 38
300 10
245 17
142 66
86 22
423 14
45 13
122 71
75 32
37 1
196 62
136 34
20 8
352 28
253 10
96 70
145 48
182 31
371 56
327 16
399 0
399 4
349 40
287 10
261 20
345 34
38 45
309 51
341 43
260 54
282 0
241 65
61 18
339 15
162 5
129 50
327 46
76 48
20 57
72 29
382 0
1 22
382 47
341 74
411 70
43 7
415 14
310 74
181 40
149 53
356 9
416 3
296 64
40 78
6 60
201 25
356 29
348 48
398 73
193 1
224 53
4 15
367 71
328 29
95 43
216 61
188 51
325 73
317 14
287 30
38 37
242 26
159 34
170 5
358 49
264 31
170 34
161 3
386 9
340 68
119 7
141 20
112 30
284 70
34 12
258 36
121 80
161 43
48 50
60 26
305 2
282 9
277 53
97 71
295 15
201 66
214 54
233 27
3 11
177 58
366 25
169 54
335 64
291 10
76 51
240 67
354 13
292 72
292 42
177 53
57 79
382 2
18 55
78 9
188 22
306 73
225 61
352 22
418 55
201 63
231 26
140 52
72 31
300 64
216 41
165 51
220 33
85 3
27 24
253 32
296 32
260 27
104 73
255 65
83 51
305 78
272 9
157 49
67 63
302 55
9 40
177 25
429 55
208 12
173 14
399 7
215 48
14 61
133 7
29 78
394 75
117 41
336 2
404 70
205 35
288 59
363 59
18 40
94 77
44 81
387 36
431 66
0 9
14 48
297 60
298 37
399 29
393 5
374 80
338 12
376 9
119 79
193 76
292 12
318 60
263 16
216 37
389 2
266 79
159 23
282 33
6 46
389 42
74 39
293 41
275 49
114 41
242 44
4 28
32 39
157 68
302 77
207 69
355 65
326 70
377 49
183 5
237 68
398 41
330 64
297 2
392 78
101 50
34 71
428 20
22 77
354 56
19 15
408 11
73 18
225 19
13 32
261 26
187 10
132 0
222 37
329 33
60 14
423 53
323 54
422 9
62 64
195 41
362 77
307 38
134 12
198 45
157 14
105 63
155 54
135 69
6 4
228 25
342 49
201 8
398 65
128 67
143 3
176 62
371 73
92 49
323 12
278 48
222 53
51 25
379 76
221 80
47 7
301 54
386 78
291 73
181 41
178 54
152 45
377 45
24 81
207 79
353 20
168 25
382 17
279 18
422 0
29 5
97 79
57 39
245 46
267 77
194 25
358 36
377 24
152 81
22 12
277 40
383 4
353 57
133 24
145 69
305 43
347 78
8 56
243 10
373 7
85 14
120 54
336 20
321 38
122 34
416 19
2 69
375 25
15 61
312 20
31 74
77 3
433 12
375 60
148 38
162 11
318 10
276 26
396 5
393 20
65 73
150 34
33 38
358 16
379 23
172 16
191 28
325 53
224 24
336 6
320 73
231 70
55 55
353 26
0 57
218 63
262 26
42 15
323 53
333 30
135 59
419 66
90 69
83 67
154 80
306 72
160 78
283 15
328 66
282 71
82 43
204 51
206 6
399 10
309 0
379 15
59 2
230 60
142 7
226 53
98 68
215 2
308 28
173 79
128 16
36 13
266 45
164 51
256 49
153 77
278 31
334 18
46 71
168 22
15 19
259 71
386 0
229 37
158 4
150 47
258 13
410 24
312 33
6 11
343 14
296 62
118 8
35 6
324 39
76 27
88 34
276 70
264 35
42 34
102 59
26 81
433 44
159 29
59 79
391 61
8 37
304 30
327 20
224 0
250 51
316 3
111 73
297 42
19 36
173 58
106 41
218 71
282 65
370 17
32 65
27 68
151 77
49 7
371 29
97 43
135 26
14 38
2 70
340 46
133 23
146 37
263 38
219 67
380 31
283 68
4 64
413 37
387 7
191 56
181 36
392 21
128 57
88 0
295 16
276 63
272 75
432 18
102 70
24 16
42 67
6 59
124 28
213 74
67 22
242 9
340 53
110 43
175 36
392 26
24 32
243 71
215 61
41 1
44 15
421 45
112 7
194 51
16 27
56 66
389 49
381 66
161 71
339 13
49 25
15 29
117 57
81 49
40 17
330 5
172 32
17 4
168 75
388 36
275 4
221 26
426 28
205 80
292 77
362 37
193 60
278 25
269 36
180 17
46 28
399 13
115 2
329 63
382 5
182 4
418 26
186 49
244 45
177 23
421 67
212 64
121 28
97 37
405 10
146 64
13 6
368 48
409 9
335 20
242 73
57 78
10 16
392 42
374 42
5 38
14 15
132 59
194 15
175 0
250 57
35 19
163 20
198 51
152 58
57 28
220 47
166 55
175 23
5 29
45 60
312 60
215 65
112 41
183 68
386 67
281 23
31 76
51 75
114 35
156 48
96 38
311 7
323 15
136 23
45 32
409 16
237 81
377 13
158 18
235 30
98 27
0 43
54 49
176 12
295 29
94 29
2 57
325 20
70 20
194 69
299 13
297 0
419 74
116 31
427 41
360 67
139 28
294 12
419 17
95 31
0 54
226 56
36 25
263 39
278 4
39 67
76 15
205 41
26 7
434 75
183 78
379 18
166 32
160 11
394 14
337 52
46 56
95 64
71 22
223 18
332 52
267 78
55 78
179 33
257 29
194 62
100 73
270 47
230 72
18 77
73 22
379 52
377 30
145 64
189 31
389 55
299 56
188 73
7 14
358 34
248 7
14 78
181 37
424 39
84 41
9 38
411 48
215 59
117 48
90 63
208 80
128 44
403 33
336 36
182 29
211 18
341 26
177 46
383 48
208 37
422 15
177 27
345 16
184 60
301 32
26 21
124 37
299 21
408 16
301 14
26 56
302 41
86 52
94 46
409 28
259 1
173 5
78 41
56 28
48 16
331 48
323 78
211 61
143 6
344 37
26 26
385 71
322 64
177 22
228 57
31 41
392 24
245 39
367 18
188 11
417 47
424 74
2 76
389 12
244 69
26 8
192 44
245 29
391 54
369 28
138 70
369 37
176 25
38 35
353 48
421 56
81 78
421 59
433 34
155 1
297 4
233 23
139 40
348 65
6 33
108 33
374 67
43 2
371 75
385 59
421 78
242 80
76 68
39 68
141 69
274 24
297 43
206 2
93 34
324 1
399 24
405 46
384 22
90 66
405 8
191 11
30 75
180 54
225 12
27 54
59 31
418 34
273 35
287 35
87 80
192 23
334 5
213 51
207 40
378 41
309 49
192 35
105 29
385 31
260 22
120 37
160 5
253 5
88 81
151 9
159 50
259 46
21 72
415 20
115 6
82 14
266 41
286 30
36 65
151 64
264 67
75 42
20 81
393 26
334 77
80 5
225 11
227 67
312 11
170 52
25 70
6 62
138 11
328 5
424 66
25 49
270 69
36 46
340 13
253 43
47 57
363 3
74 76
72 74
289 49
152 51
362 12
203 18
239 8
361 13
231 22
250 49
273 66
430 65
92 1
355 73
83 10
70 14
222 47
8 24
105 73
279 71
177 41
422 7
76 10
411 6
420 41
132 63
132 38
218 35
221 9
334 65
198 41
155 64
45 38
106 2
187 14
304 59
260 41
264 53
263 5
86 12
211 79
191 0
69 19
182 22
228 53
160 73
284 60
411 23
395 17
91 20
415 80
57 42
216 56
208 28
308 76
4 33
123 42
105 28
40 47
346 33
77 35
283 69
419 56
224 5
81 23
398 33
126 12
108 8
99 53
377 76
0 37
124 58
360 2
323 17
361 58
1 40
28 13
88 14
13 25
145 21
211 19
181 8
80 21
46 54
20 36
416 31
214 60
42 8
399 76
17 53
340 60
120 20
121 0
62 59
374 62
262 11
255 78
339 67
154 12
177 44
178 38
309 2
302 47
20 22
406 20
348 44
84 15
169 6
207 24
15 30
204 13
299 6
165 45
36 31
341 73
169 62
378 16
100 34
177 43
431 34
44 77
21 29
347 41
220 23
65 54
24 72
291 76
115 24
370 36
396 57
33 3
193 32
324 6
210 49
274 6
427 4
33 42
35 11
78 70
413 27
1 1
415 6
51 11
223 31
71 8
315 48
394 50
201 81
320 2
339 46
432 63
315 69
287 78
405 45
322 56
313 73
113 32
108 45
433 75
368 5
368 62
387 54
426 41
191 59
141 21
400 64
238 70
226 48
14 50
272 30
236 55
193 62
425 74
268 62
126 7
330 25
209 81
234 35
336 59
278 3
46 65
104 62
351 37
30 34
300 29
300 77
428 73
89 13
136 39
336 76
24 41
36 73
143 22
345 49
118 50
73 68
263 42
18 41
19 23
261 38
301 21
281 0
356 45
249 8
66 4
209 24
164 75
209 53
413 40
300 26
389 67
150 74
13 11
364 64
214 46
58 76
304 19
236 30
259 76
284 47
184 6
232 63
6 64
433 79
201 12
176 22
329 8
345 39
415 2
34 52
85 53
333 70
175 17
49 3
268 27
50 59
82 20
391 26
426 63
246 42
300 9
229 53
263 65
399 64
255 12
419 72
139 79
328 76
374 0
368 0
346 11
85 32
39 32
79 72
181 55
200 45
390 15
250 34
136 75
312 68
89 8
433 25
409 63
270 14
172 47
380 32
188 20
340 22
271 62
357 51
413 66
231 69
167 73
188 58
236 46
301 7
156 16
85 81
381 30
170 75
45 37
209 74
432 6
347 47
50 3
270 44
175 1
209 5
322 50
385 26
183 69
85 33
37 48
54 31
186 8
307 80
280 78
269 49
20 66
77 32
91 39
419 54
179 12
356 32
407 5
126 48
88 72
53 14
41 38
97 3
295 39
415 63
66 41
271 0
56 45
345 63
273 51
246 65
14 33
86 36
269 53
414 3
326 56
65 30
349 60
310 70
353 3
42 26
288 42
211 77
237 46
51 54
135 71
428 26
364 26
348 6
236 47
234 65
308 37
16 12
296 33
336 58
283 59
329 30
222 75
168 13
425 39
327 12
227 66
24 21
418 81
11 52
104 77
42 38
178 36
23 17
256 33
163 13
143 18
258 48
355 16
39 61
134 45
162 40
238 2
411 69
337 46
163 30
2 44
44 36
273 5
90 16
220 79
94 37
82 28
403 14
260 57
347 75
233 64
301 46
291 22
17 64
325 14
120 22
31 44
89 68
130 54
330 16
236 7
296 48
171 56
179 11
334 73
106 27
91 13
419 32
343 74
111 40
208 9
91 25
89 53
163 75
267 21
221 6
73 10
87 31
374 66
82 13
83 55
411 31
84 77
48 21
254 12
149 35
347 48
312 69
28 60
109 11
209 31
59 30
142 70
39 63
253 9
380 18
310 65
28 57
276 31
36 47
69 33
91 57
176 29
304 34
321 76
401 62
225 60
127 39
278 44
222 41
41 44
390 49
184 80
129 35
286 13
189 69
60 12
371 68
3 70
306 66
295 76
20 74
365 79
110 65
148 43
74 55
16 74
410 38
61 50
246 55
57 36
246 39
327 5
15 65
385 14
233 52
5 4
79 62
357 43
46 79
140 46
99 47
103 81
216 72
425 3
111 52
218 74
253 67
104 52
226 6
298 38
122 66
292 21
51 8
210 36
266 23
265 20
216 18
323 38
421 46
191 2
428 4
244 50
331 43
368 32
205 69
31 6
102 66
305 57
200 4
387 24
312 13
266 46
122 2
63 23
358 1
58 22
201 70
276 69
97 63
215 25
425 4
396 40
110 14
304 76
276 30
215 37
227 69
145 74
236 49
246 17
354 3
366 44
17 47
149 62
144 67
414 31
258 61
213 14
380 75
430 37
201 41
281 72
258 70
146 39
188 29
253 6
45 26
172 52
421 29
72 75
328 26
150 7
352 7
313 37
78 24
348 30
337 78
216 36
370 78
334 17
374 30
280 54
96 11
227 21
144 16
330 58
52 30
287 28
221 59
210 70
347 36
106 74
288 30
426 29
175 43
70 54
226 15
273 16
165 80
46 44
280 24
266 31
136 5
23 79
273 7
97 39
320 35
220 24
59 28
132 45
153 11
264 54
155 81
76 62
71 46
247 64
87 78
219 33
322 30
143 59
423 22
414 32
146 8
120 21
429 6
59 20
230 78
308 51
370 40
61 9
19 35
352 23
180 62
240 68
261 25
38 81
381 76
352 3
146 78
429 65
415 18
44 11
93 75
86 56
7 81
93 23
202 19
138 23
367 16
81 7
341 68
26 61
295 54
303 34
41 41
198 52
349 17
330 73
74 25
201 45
175 71
86 41
371 58
366 51
165 68
111 48
179 44
208 45
69 15
268 56
427 15
237 70
117 67
199 55
182 72
394 21
85 9
326 50
214 26
60 74
212 6
129 34
359 51
269 63
12 19
123 27
150 51
119 50
111 53
228 24
369 58
150 70
292 81
229 64
10 59
255 68
110 50
334 58
418 16
40 58
9 20
314 2
105 25
265 7
270 26
373 42
281 25
166 75
207 15
73 13
257 59
32 59
389 35
284 31
95 48
223 28
389 62
64 37
115 41
196 44
336 52
402 25
58 69
263 81
406 56
29 26
412 45
341 76
204 60
405 2
247 34
194 44
119 14
300 4
239 71
162 81
333 3
397 38
100 19
333 46
173 49
36 7
284 61
392 43
340 49
332 45
365 2
272 63
113 27
32 32
113 22
50 50
127 33
98 29
398 5
360 46
368 47
293 37
159 64
312 75
286 59
229 74
101 62
287 17
99 80
89 62
167 52
362 66
329 37
333 22
125 13
279 35
315 15
210 15
173 27
408 70
368 28
433 33
407 64
333 36
306 0
287 66
163 81
402 39
364 81
349 6
2 74
91 45
31 19
296 45
295 58
245 71
74 23
319 76
193 14
193 44
429 40
241 30
314 31
122 20
407 41
94 10
76 57
6 1
241 78
23 77
61 2
354 49
306 48
428 23
403 72
266 47
81 14
8 61
159 74
417 65
367 7
166 16
323 36
215 14
57 20
43 0
107 65
316 30
203 63
154 60
61 72
33 66
18 64
402 30
115 44
285 54
234 51
169 63
416 34
16 72
184 78
107 19
415 78
339 76
134 36
418 4
301 38
319 5
115 0
196 60
319 29
323 44
185 68
14 41
174 14
131 28
354 47
77 19
97 0
87 60
91 58
26 67
422 46
268 78
98 40
272 72
149 70
195 9
312 47
288 73
37 73
224 6
268 24
21 20
347 27
285 75
368 40
157 48
27 81
327 69
138 47
18 74
128 65
222 25
357 11
217 5
222 46
96 1
127 15
298 54
72 34
208 0
296 54
348 28
85 64
282 44
276 66
11 59
45 34
230 6
271 5
93 44
422 48
419 79
382 18
340 55
2 22
210 3
29 74
309 39
256 24
75 74
185 54
394 13
121 66
315 74
376 78
254 0
170 3
281 44
297 62
43 11
157 34
8 75
292 18
41 47
378 76
225 79
374 11
264 12
17 42
162 2
306 26
99 8
325 69
111 62
1 12
281 1
11 80
138 49
193 0
103 52
145 63
222 7
85 18
297 20
366 77
47 46
262 17
40 57
373 73
199 43
400 67
117 46
139 18
15 6
158 7
404 35
74 79
247 48
431 72
316 63
194 13
242 67
90 26
146 30
221 47
342 0
403 51
41 39
277 27
420 69
219 7
305 18
423 81
132 12
0 6
315 44
273 45
162 7
196 30
390 70
312 2
216 67
191 48
411 71
417 53
89 36
403 64
263 29
135 18
242 52
99 10
117 72
351 50
300 17
284 48
27 30
176 64
134 1
65 12
345 43
16 78
321 14
84 70
280 64
134 75
69 63
365 65
51 14
161 79
153 31
114 33
112 6
190 12
344 36
294 26
85 25
400 38
402 68
78 58
231 37
189 66
134 74
204 40
241 53
314 12
272 48
359 81
4 61
6 42
315 19
33 36
25 1
156 20
197 48
367 8
206 46
430 61
240 3
35 36
158 32
42 32
176 19
163 37
63 5
25 18
418 2
5 46
93 1
58 12
52 1
312 6
332 74
335 35
185 70
19 55
261 29
183 79
284 9
343 75
432 67
211 47
21 11
309 68
177 13
225 63
11 33
101 67
180 1
350 26
172 74
101 4
5 6
57 56
254 53
396 75
388 1
203 67
151 32
176 63
228 52
422 81
320 60
32 24
7 72
354 6
124 13
396 41
266 81
361 4
96 19
262 57
210 63
56 19
101 52
143 24
54 29
50 22
95 15
52 43
60 60
69 17
211 33
134 71
362 9
196 41
172 27
249 75
421 69
351 56
197 58
90 34
255 69
428 46
139 7
157 29
36 22
273 2
314 0
216 34
30 40
209 41
186 54
4 52
118 63
279 4
277 54
138 63
205 8
424 42
281 73
354 67
306 29
90 59
88 11
110 81
320 68
94 23
60 43
293 62
392 69
302 53
207 72
128 25
200 16
54 71
355 1
157 28
28 29
26 1
281 51
397 80
184 12
150 45
335 70
422 14
263 12
104 11
403 11
177 52
356 17
424 33
14 59
301 17
354 58
17 27
116 80
51 22
92 35
320 24
29 36
390 61
396 44
132 78
78 46
165 5
245 1
71 45
151 56
303 79
391 7
419 47
426 67
25 81
269 22
234 17
198 49
184 36
251 38
363 28
190 41
199 0
12 15
185 41
274 18
165 81
124 12
60 70
428 65
368 41
332 53
393 18
373 62
141 29
10 19
122 76
41 45
99 78
29 18
381 73
126 25
129 8
416 12
422 51
282 76
238 74
331 19
411 43
316 70
267 60
9 71
417 3
137 41
209 1
401 12
24 44
187 17
401 9
82 78
433 70
67 75
303 41
364 68
350 0
334 34
300 15
293 70
252 19
223 9
132 47
392 15
372 40
104 44
125 24
288 34
290 24
68 67
229 54
85 80
181 21
55 54
92 21
329 66
45 63
424 16
195 20
270 33
51 31
396 35
21 19
142 30
388 12
44 4
414 60
147 28
67 53
312 18
260 67
278 9
9 36
86 47
305 71
189 60
228 79
14 73
123 65
424 54
314 54
60 35
244 73
77 55
214 28
426 6
53 50
14 36
207 71
4 68
50 80
243 5
304 6
179 27
103 7
229 66
162 19
213 31
55 56
404 44
193 10
38 8
69 53
113 23
209 78
291 44
35 76
362 72
221 62
357 55
152 15
431 5
270 6
4 76
212 49
411 9
143 51
301 1
169 15
224 44
115 39
268 48
406 30
28 27
352 12
78 78
205 3
167 18
315 54
416 63
37 45
84 51
157 26
127 50
41 30
1 50
77 4
207 73
143 42
386 39
394 69
187 60
246 35
93 25
58 45
164 11
99 44
59 48
335 72
294 24
300 28
413 61
380 60
434 38
44 54
382 73
40 63
358 7
235 37
260 52
197 25
336 74
287 20
231 20
426 12
322 52
267 43
13 57
308 72
342 46
172 3
296 56
270 57
195 77
9 56
160 40
223 38
0 66
400 40
275 13
167 40
222 23
252 56
127 16
37 2
24 60
140 44
103 15
413 2
409 62
11 9
150 11
24 63
364 32
413 10
143 41
353 68
126 5
102 10
416 16
182 12
31 50
194 8
53 72
86 10
207 64
335 33
362 53
88 42
427 36
289 78
210 68
146 44
150 9
195 74
326 62
264 33
368 23
127 9
422 4
313 72
86 43
196 52
325 63
137 73
247 75
37 57
367 68
169 47
15 4
75 78
243 39
222 22
393 70
212 12
123 60
236 59
276 47
93 48
137 32
412 24
251 60
53 79
119 17
181 61
123 74
381 5
425 78
61 13
166 48
55 49
130 33
304 67
127 22
44 19
355 77
107 15
214 32
320 76
412 37
373 32
54 4
118 59
363 40
201 26
228 11
207 13
192 54
150 8
18 81
229 14
134 23
229 12
204 74
175 75
255 35
271 35
83 34
341 15
354 16
106 49
77 11
396 30
164 9
210 45
13 38
280 23
273 20
422 42
367 67
330 24
370 21
67 3
275 2
66 46
196 68
211 74
24 61
177 39
279 63
73 28
336 68
174 45
428 37
242 45
423 75
1 15
286 81
3 6
81 54
292 50
267 3
324 40
86 7
59 54
232 67
316 78
289 5
387 25
239 76
359 69
421 26
155 44
119 54
27 78
235 2
277 78
1 63
319 9
88 29
243 45
253 34
316 71
296 66
0 58
251 80
121 56
133 31
392 53
242 13
179 31
178 70
55 70
246 9
214 38
202 30
161 30
216 7
265 60
266 68
58 61
397 31
281 20
103 36
49 54
239 33
234 45
421 8
89 50
135 61
308 81
263 77
63 24
259 3
45 39
421 14
41 34
383 66
342 59
47 40
406 31
88 8
153 64
326 74
119 16
297 5
169 21
79 54
168 45
414 54
156 61
276 9
128 78
371 6
357 34
254 46
15 59
170 23
14 12
356 18
343 35
212 39
397 53
195 50
223 29
98 71
292 69
346 12
218 68
186 24
411 45
224 79
50 21
392 77
115 53
82 44
91 28
401 57
381 9
409 47
356 55
192 65
306 70
242 14
218 7
238 32
309 79
211 51
321 60
119 29
1 81
146 29
342 56
224 48
407 18
237 11
402 5
170 79
349 25
140 48
327 25
249 46
346 26
196 0
323 63
94 19
159 68
21 69
220 71
334 26
383 71
360 21
143 65
288 68
195 67
176 36
390 20
393 6
234 36
430 64
230 7
341 75
12 12
421 20
263 52
130 69
123 56
178 49
317 45
229 81
175 77
391 81
16 32
254 63
384 26
225 78
332 80
272 31
115 26
306 7
18 72
11 65
285 2
431 31
385 60
23 49
179 24
188 60
434 25
134 47
215 72
45 46
174 66
18 15
11 58
197 77
286 31
401 73
13 27
271 29
203 20
12 8
245 48
253 54
284 11
114 14
50 61
119 66
260 75
305 74
270 31
334 53
79 58
166 76
246 15
337 55
182 7
218 19
15 0
305 3
353 61
215 55
123 73
90 1
297 40
240 30
132 10
37 40
324 78
39 51
361 75
151 58
416 6
149 11
58 2
148 7
363 16
20 50
34 46
419 28
192 10
414 11
376 17
108 65
213 47
322 55
158 64
374 37
177 62
245 33
206 17
171 3
67 47
179 34
331 63
259 11
294 40
399 36
268 53
388 21
70 13
170 40
209 64
314 28
32 19
273 53
208 19
54 65
362 13
169 30
220 69
288 36
364 66
103 56
391 49
175 7
372 38
162 12
147 80
131 36
203 42
3 39
426 66
102 79
83 9
35 45
158 48
152 64
118 13
282 26
320 49
49 11
75 9
45 65
221 17
52 12
272 33
218 28
26 50
100 23
228 74
65 7
140 67
141 44
49 18
402 74
221 63
110 78
9 53
51 42
95 56
203 57
136 31
384 14
26 15
328 59
372 14
239 54
210 18
5 28
396 63
260 60
68 59
17 55
48 30
6 43
402 20
131 51
204 67
78 67
26 80
401 33
112 61
28 43
222 78
401 1
80 53
377 34
270 56
131 71
45 24
425 42
424 64
70 9
219 77
229 70
369 15
279 36
403 24
147 5
223 54
378 67
28 75
260 19
360 69
119 21
108 35
269 75
174 32
123 57
202 51
18 8
188 12
345 27
177 75
27 29
184 32
110 51
303 62
161 37
26 58
63 56
235 73
255 64
3 21
282 77
254 1
412 9
35 41
397 43
157 46
162 64
1 29
294 16
398 8
30 57
246 52
9 7
390 78
410 54
66 74
107 72
372 81
35 73
221 10
81 30
78 75
219 46
253 3
142 55
112 60
382 24
21 42
434 3
197 60
110 74
404 32
420 27
356 53
232 25
104 31
349 58
82 80
341 44
197 47
72 38
376 13
133 2
427 39
169 46
165 75
138 28
40 9
318 14
211 78
192 3
257 48
424 63
220 5
99 54
29 72
121 74
225 2
338 65
32 76
327 27
421 38
286 11
130 73
410 64
251 37
136 72
100 27
318 61
116 37
241 43
58 42
70 5
427 66
189 18
342 74
354 4
212 10
433 35
223 40
81 59
271 23
224 78
383 41
39 19
242 21
147 52
221 2
222 26
276 12
14 21
8 3
247 73
385 6
55 20
263 79
223 51
64 39
321 0
39 65
29 59
21 3
63 19
424 22
358 33
180 59
384 72
264 47
237 37
116 58
390 25
174 24
1 66
96 25
255 32
304 36
38 12
407 56
239 75
163 36
162 31
192 27
245 24
371 5
33 73
344 50
412 75
394 46
104 28
105 11
404 60
379 74
164 17
53 9
216 52
410 65
288 10
387 45
325 23
374 52
401 74
39 15
329 27
134 73
277 62
176 61
130 6
379 62
405 33
193 56
263 41
125 16
254 72
165 74
394 45
242 10
246 21
431 75
351 51
175 62
209 47
398 49
238 31
21 49
383 75
35 74
271 42
404 13
59 59
172 28
337 56
299 15
23 67
317 51
416 0
367 42
145 14
353 66
137 44
399 65
161 32
150 27
69 45
199 33
65 53
174 31
266 25
125 78
86 30
422 41
221 58
390 63
234 66
421 35
331 81
128 62
30 53
373 77
358 38
60 75
342 81
384 25
176 24
129 77
159 30
355 15
285 29
69 62
31 1
410 79
302 73
163 71
172 19
411 81
419 3
334 59
308 4
204 55
123 43
347 32
50 63
4 58
20 70
345 74
358 6
404 30
50 9
242 36
21 47
275 26
376 12
33 75
295 12
163 29
368 69
388 4
210 19
204 76
242 0
264 1
155 28
311 67
310 1
369 49
112 1
387 38
227 30
311 10
79 34
81 50
76 78
203 59
244 15
180 21
177 72
84 18
130 38
294 49
238 21
159 71
224 11
260 7
3 36
239 52
25 10
156 62
18 26
384 39
0 39
172 80
227 11
311 29
120 49
99 30
225 17
402 10
214 8
228 77
183 4
254 13
268 54
362 19
258 21
213 6
0 61
419 80
45 3
213 30
430 23
195 1
402 59
297 71
103 8
138 48
75 66
193 67
275 55
208 29
242 49
188 5
424 60
193 5
398 38
133 50
431 32
387 9
229 77
76 73
60 6
324 27
81 31
334 48
104 12
19 2
309 61
24 71
131 1
224 45
273 80
70 44
111 4
263 40
373 12
334 19
379 21
326 63
100 75
96 14
154 8
39 41
293 81
310 19
131 13
54 26
403 7
160 67
368 65
223 57
225 41
154 56
192 62
149 15
421 68
231 78
364 23
195 10
404 25
52 27
131 35
201 34
270 28
305 50
223 15
400 77
251 8
402 49
208 40
20 46
195 7
271 30
370 53
320 15
176 55
354 74
319 59
351 74
159 40
11 12
51 63
182 53
12 6
121 63
294 58
273 76
399 79
347 24
283 35
6 61
260 1
249 0
290 70
368 78
395 38
263 54
131 61
97 12
367 54
66 69
287 23
391 51
200 15
255 67
388 9
283 62
183 51
170 42
9 1
137 48
24 8
184 14
292 74
404 37
357 37
238 51
180 63
176 31
250 58
189 59
195 72
158 49
357 69
127 13
310 80
283 6
339 16
4 32
0 47
363 66
323 41
7 2
225 26
251 71
322 79
140 20
221 21
347 51
121 58
379 33
232 41
254 75
350 30
228 73
299 17
65 41
258 30
20 28
304 37
82 4
193 4
239 22
122 8
214 62
428 71
190 52
363 30
79 74
144 79
359 43
289 25
304 52
21 17
434 15
170 2
227 36
37 80
369 67
33 67
181 24
396 59
218 0
40 33
378 2
322 27
95 13
68 9
76 29
345 14
19 20
315 41
42 25
417 6
343 58
139 69
177 49
100 74
388 44
16 28
191 73
196 18
317 78
209 39
281 60
140 8
206 53
312 49
47 33
370 42
68 32
197 27
161 42
68 5
69 16
233 79
22 4
22 44
393 69
283 48
222 58
227 38
309 45
11 63
408 74
358 32
61 45
388 46
162 63
3 41
136 7
357 68
183 60
417 76
19 13
92 37
157 81
231 23
384 51
361 41
372 37
325 51
220 16
72 24
42 58
92 78
140 21
33 59
267 35
409 64
181 39
303 7
371 65
417 0
139 29
305 23
289 30
226 44
247 24
46 73
30 19
117 65
128 39
311 52
193 69
205 70
226 32
12 18
206 74
417 24
271 2
102 75
55 47
68 62
183 47
261 5
331 40
179 30
3 63
289 69
183 75
335 46
202 78
398 31
298 14
320 13
41 13
334 51
400 1
370 27
182 42
64 52
113 58
6 55
356 11
48 0
42 55
352 71
120 65
382 68
411 39
244 0
234 6
94 56
208 6
18 69
172 7
116 0
209 67
223 37
385 46
38 69
143 73
416 81
61 19
276 56
135 33
80 47
363 46
104 22
82 46
99 6
2 68
157 50
310 60
394 32
105 18
200 24
72 81
52 0
425 20
378 11
174 19
94 5
38 3
106 56
149 10
26 3
201 15
193 73
185 57
136 38
172 37
106 52
75 4
279 37
332 67
182 20
188 76
133 32
192 56
349 12
219 15
278 58
288 77
259 61
171 32
237 25
219 74
388 48
411 72
139 48
376 71
194 3
324 61
349 38
145 17
367 43
85 69
433 72
367 12
349 34
7 35
403 6
197 56
11 21
135 1
403 41
145 81
71 31
34 56
3 17
110 46
32 41
285 39
179 54
105 0
196 59
199 51
41 46
137 65
118 69
337 22
280 49
4 8
84 63
361 15
18 16
315 22
216 8
175 39
86 72
79 44
182 16
415 54
148 8
289 11
296 70
158 33
382 6
358 52
15 66
152 69
161 28
114 42
194 78
178 65
372 0
0 19
213 54
388 14
64 76
290 44
338 28
259 72
377 16
356 5
50 48
377 2
379 53
277 50
421 19
377 51
138 60
183 67
38 71
56 18
55 43
196 77
160 27
270 3
270 21
50 17
356 39
36 34
31 63
416 51
26 78
161 65
335 14
26 32
71 49
333 58
225 77
385 5
85 26
132 60
259 67
6 54
373 27
257 7
3 76
347 25
408 1
368 71
90 47
407 0
262 35
62 56
424 80
108 72
175 56
385 35
225 65
412 15
328 75
387 5
58 23
268 80
139 67
2 40
343 2
347 45
163 3
383 73
274 48
95 59
28 51
106 23
107 33
368 70
362 35
177 24
177 71
396 33
113 1
358 19
206 5
387 66
386 59
240 52
269 31
398 27
142 48
246 37
44 9
208 32
297 75
211 25
235 8
227 35
133 57
385 51
327 48
138 46
311 58
172 58
279 68
78 74
389 21
314 38
248 16
316 40
101 55
411 21
36 9
344 70
97 40
238 56
200 69
2 0
57 47
264 78
102 15
108 4
147 38
231 40
404 21
29 20
165 46
372 28
217 18
424 2
170 15
250 36
50 58
295 69
318 78
131 8
41 36
27 19
264 14
347 70
123 49
387 10
433 69
248 44
346 43
147 26
428 47
418 24
85 49
134 18
49 13
99 2
363 44
83 63
81 13
56 24
324 14
39 78
72 17
358 45
275 80
54 64
102 3
30 54
46 45
374 21
205 81
186 12
63 34
285 10
346 42
365 67
13 16
417 2
42 27
50 62
347 21
22 41
431 28
164 3
75 50
60 28
397 68
154 46
50 74
371 81
264 24
353 54
428 17
307 55
142 80
209 40
92 44
347 71
64 46
184 54
80 71
308 17
6 0
378 5
391 16
180 60
22 30
124 61
312 34
170 26
95 25
123 33
142 41
388 57
359 23
421 40
6 81
102 76
221 16
400 68
236 51
430 16
132 9
177 34
74 44
126 27
168 31
330 75
98 32
199 3
41 29
86 59
175 16
35 55
78 77
220 80
321 43
60 69
266 77
142 56
288 21
40 72
320 11
159 31
159 42
83 42
139 70
173 7
129 73
95 35
420 68
306 2
334 13
129 23
307 16
195 4
142 0
278 13
374 1
383 61
179 48
259 38
294 65
203 24
51 3
332 22
126 58
350 24
32 30
174 70
40 42
190 53
75 31
358 39
68 73
355 66
52 45
122 80
26 17
189 11
198 7
71 14
233 56
229 18
190 32
278 67
326 2
275 74
52 63
197 1
240 79
394 59
95 55
423 71
233 9
358 56
400 51
265 64
352 48
187 28
237 18
182 67
18 65
184 18
400 31
209 8
35 43
64 11
100 35
345 78
143 70
429 75
300 62
186 31
377 65
69 29
422 17
18 21
132 37
295 77
356 15
330 53
370 8
187 79
127 12
105 69
96 33
57 35
320 72
199 80
187 37
227 3
40 4
277 26
134 40
388 59
432 76
376 61
423 66
294 59
249 61
372 39
7 6
131 75
315 72
248 34
367 10
10 64
195 12
96 56
245 13
10 14
282 63
425 8
382 75
301 68
257 38
371 34
71 29
245 23
82 7
130 36
289 38
248 76
44 10
429 20
49 78
273 41
117 30
107 23
323 9
304 46
243 40
408 66
268 36
379 70
30 5
162 66
84 26
260 5
244 51
215 23
280 20
179 80
427 26
1 7
309 6
422 30
62 44
248 60
18 49
156 22
150 18
203 60
205 53
410 52
15 52
394 52
95 0
83 73
126 73
162 20
57 43
403 34
238 20
5 17
93 45
347 14
24 58
341 5
230 40
36 61
150 60
139 53
86 38
380 69
251 53
265 50
429 26
169 42
166 14
60 42
67 48
214 67
42 52
365 42
248 53
344 47
372 5
126 77
337 57
183 56
165 20
59 80
58 48
0 55
168 72
385 21
136 14
101 2
338 17
44 56
45 56
198 33
68 43
201 17
321 72
13 47
374 10
265 70
60 33
109 45
34 18
111 27
124 74
122 67
153 40
289 36
310 17
135 27
278 68
393 32
137 60
327 19
14 64
127 46
106 75
366 14
14 57
267 15
387 53
260 4
203 11
257 32
381 50
282 4
431 13
205 30
277 35
116 51
216 68
170 33
297 45
406 66
225 52
43 25
279 61
91 6
138 3
299 74
321 29
251 58
362 50
137 34
389 0
255 0
348 58
226 2
380 12
117 1
180 37
244 77
187 61
116 48
72 2
58 31
158 69
104 71
44 69
434 76
312 48
387 35
252 60
55 79
216 60
424 19
139 24
143 61
370 61
135 45
145 79
114 63
139 11
194 72
204 70
209 69
144 36
245 18
192 57
250 6
313 71
308 31
163 21
195 15
124 53
39 8
55 34
168 78
88 66
358 78
128 13
120 81
69 43
45 8
28 30
232 54
171 23
61 34
66 57
92 33
94 42
32 2
214 36
432 81
25 75
388 17
346 51
220 28
181 35
59 78
364 24
337 37
336 57
427 18
314 40
397 23
23 68
236 13
270 70
412 81
24 14
2 5
428 70
334 74
431 69
315 51
399 55
191 79
380 15
157 17
366 76
33 49
201 43
416 39
354 55
121 31
9 28
329 69
112 58
392 5
410 31
35 22
63 27
68 30
247 60
339 20
135 81
173 28
156 74
181 29
334 54
155 21
214 20
229 38
415 4
270 41
161 39
278 8
299 67
143 58
355 20
329 22
247 22
143 78
146 75
347 43
53 37
332 75
23 14
14 30
2 28
348 79
375 22
338 47
96 22
417 45
216 10
331 58
150 13
341 19
268 79
121 60
346 37
383 16
253 4
429 42
220 73
176 67
44 47
154 49
31 73
371 79
2 53
227 75
200 33
223 35
183 11
68 12
186 43
226 26
237 80
208 11
180 9
186 66
23 35
214 2
418 50
297 18
153 35
115 17
239 31
78 45
128 12
186 57
251 49
369 32
157 74
330 20
43 44
341 24
346 70
349 59
391 33
288 13
337 1
185 0
103 68
99 46
72 69
155 51
165 60
220 64
50 47
128 50
320 78
243 42
233 7
317 35
266 75
348 14
283 45
132 31
261 74
130 35
275 48
173 17
83 44
9 69
325 22
376 10
126 23
86 69
70 2
134 62
433 9
297 44
67 17
222 43
9 79
52 17
188 67
262 63
50 53
405 71
257 66
158 23
181 33
3 12
197 73
322 72
201 40
73 39
305 38
356 49
20 63
371 48
117 50
362 6
38 65
154 74
394 76
5 7
104 68
145 16
258 8
79 49
248 68
105 53
228 50
115 71
305 20
362 39
421 50
142 33
69 39
154 66
104 30
383 65
271 81
309 15
424 69
249 2
48 4
373 53
308 66
233 5
430 79
311 61
219 56
140 47
259 41
40 74
95 79
399 51
313 51
77 77
142 23
259 79
225 74
41 50
363 26
290 75
142 11
106 62
349 15
223 78
97 77
254 77
88 78
319 3
249 71
118 30
188 17
225 67
285 33
387 16
358 61
217 24
82 69
235 54
293 49
130 5
88 49
120 56
267 47
239 26
343 18
236 74
58 39
395 44
415 55
15 50
58 50
355 5
101 59
306 40
105 61
84 37
370 37
366 35
34 80
229 69
72 26
315 49
213 81
106 22
301 22
140 7
224 67
293 80
363 76
243 43
65 36
9 39
213 71
191 38
379 44
358 35
401 67
385 49
205 65
159 5
86 78
184 10
274 12
279 53
174 29
127 52
312 19
80 4
281 6
121 81
311 23
261 45
247 29
45 36
133 76
46 25
87 27
167 35
215 47
149 12
48 66
289 56
13 13
255 55
209 23
53 42
71 78
50 8
190 60
265 66
378 39
277 42
59 12
177 54
165 38
183 22
285 65
378 71
47 72
246 58
50 41
337 4
60 4
307 71
402 3
28 11
94 13
373 33
410 44
370 12
348 1
226 21
266 5
18 39
321 61
257 8
287 32
149 73
404 49
51 9
82 25
9 25
12 5
216 78
377 59
342 17
191 4
320 69
7 11
104 48
233 38
218 30
89 57
64 21
246 7
424 76
78 18
121 35
95 60
283 10
75 48
63 53
265 2
93 39
113 47
361 45
274 30
347 30
283 46
336 12
93 68
231 11
151 72
298 50
314 18
161 27
90 79
245 35
404 5
113 71
105 77
70 47
294 27
77 58
257 46
393 42
376 32
118 2
235 13
50 55
9 14
217 54
241 27
229 41
340 1
178 12
158 46
115 49
185 32
29 33
355 60
342 28
187 52
58 34
198 79
328 9
93 24
184 65
224 17
165 9
101 53
224 38
280 40
70 42
171 43
66 8
4 13
426 2
255 57
55 10
432 27
279 56
133 13
150 41
233 10
307 75
418 43
268 9
236 34
129 30
149 78
91 71
41 12
265 47
403 2
4 55
207 9
240 20
252 23
233 71
416 23
399 26
226 23
141 77
241 40
266 9
13 24
222 69
214 12
263 28
159 72
322 80
17 52
143 23
167 80
59 27
14 53
57 19
114 22
173 46
278 19
49 23
95 23
215 31
373 66
371 43
174 73
334 60
325 37
13 60
74 71
70 0
343 22
46 30
200 67
69 66
389 60
168 59
24 69
416 20
29 3
307 57
105 26
419 31
346 49
291 60
421 61
400 27
148 30
312 39
169 7
234 68
174 46
166 59
56 62
313 57
329 36
337 23
377 46
401 20
380 20
363 74
90 23
277 29
69 14
185 60
389 78
30 38
19 64
115 10
351 54
328 12
301 66
57 16
290 68
321 71
178 55
329 25
123 80
354 18
375 2
252 24
309 32
31 65
57 13
18 3
340 67
396 76
224 16
391 74
199 78
193 7
237 12
251 34
432 7
400 7
62 0
296 47
417 62
76 74
256 53
285 72
412 80
63 46
400 22
116 77
211 32
74 14
237 30
36 15
381 42
407 1
34 62
357 14
180 39
375 13
96 5
87 64
405 66
404 51
240 2
397 44
335 34
290 18
391 41
330 47
89 6
48 53
399 22
184 81
56 44
236 25
246 24
302 68
156 41
124 80
287 51
223 79
272 50
68 65
208 59
8 49
337 66
426 52
98 37
320 36
189 42
90 53
413 65
356 38
322 32
193 40
337 40
171 39
261 27
368 2
272 39
255 33
231 61
320 55
79 31
7 56
386 34
210 56
56 70
193 20
35 26
274 81
17 10
419 67
57 60
18 13
404 69
314 20
27 2
366 4
415 31
17 81
361 0
362 67
276 2
306 13
253 76
79 37
87 14
415 13
33 58
276 38
434 32
233 42
162 39
48 46
366 1
42 70
149 13
405 51
370 15
210 26
188 65
115 12
302 60
34 25
289 81
77 46
3 2
276 27
274 16
404 61
308 2
43 50
114 17
10 78
105 70
292 71
346 0
19 81
357 18
154 55
350 31
43 36
288 81
158 10
321 68
159 49
23 0
198 58
432 47
2 9
426 57
14 66
369 80
298 12
378 52
405 54
188 75
61 64
255 37
126 19
226 72
201 16
12 22
279 47
183 42
162 21
150 66
47 48
139 25
216 31
431 49
354 43
434 47
36 20
41 64
133 61
310 56
348 11
37 9
265 12
319 23
199 69
368 9
162 43
346 39
308 46
396 16
111 31
290 63
226 20
381 29
242 16
311 13
185 27
401 4
211 71
292 29
414 55
5 66
407 55
81 68
338 71
230 4
272 64
243 60
138 73
118 23
229 19
420 67
187 80
356 28
284 71
314 42
329 61
236 8
119 46
208 35
134 38
14 43
181 73
296 74
74 65
86 5
393 47
306 14
108 47
2 49
430 21
314 46
97 36
63 21
2 32
9 73
334 79
258 42
137 56
321 21
202 7
395 23
145 27
106 31
310 39
28 54
98 52
75 17
252 43
203 6
73 81
43 60
85 37
160 24
61 32
375 20
284 49
196 33
185 76
243 79
121 70
359 67
29 69
8 80
149 54
290 14
371 38
181 10
322 77
65 71
59 68
313 27
115 66
145 77
164 23
377 53
361 57
225 62
224 71
176 48
338 4
130 24
86 76
302 29
62 15
107 68
141 14
31 0
339 40
120 44
275 46
248 36
113 33
327 51
117 45
184 22
141 34
268 12
23 64
77 76
79 64
250 12
139 62
220 78
379 26
163 31
77 20
285 37
48 47
186 37
270 49
109 1
337 21
400 39
107 32
337 44
6 23
11 13
65 37
3 27
74 68
242 3
245 25
127 51
247 52
144 10
370 43
237 15
105 66
311 33
337 30
121 5
82 75
112 50
10 31
227 12
266 70
196 20
114 59
126 16
377 58
215 70
70 48
233 75
297 50
191 9
359 21
416 30
173 45
32 48
191 13
259 43
325 78
358 11
330 77
22 59
317 22
137 17
414 62
207 17
343 59
84 11
351 39
288 12
231 28
163 70
148 64
199 73
410 51
191 21
242 48
416 75
61 24
212 62
232 15
361 61
375 11
39 64
45 48
127 45
290 36
350 53
370 13
367 28
332 28
41 78
206 58
360 10
262 69
401 37
7 42
289 32
111 80
308 6
101 64
10 48
358 15
330 80
313 56
356 77
165 54
120 3
12 31
142 3
99 18
351 33
299 69
155 75
325 10
63 20
420 6
180 74
159 77
105 27
336 28
122 31
54 18
20 52
327 53
434 28
196 13
247 5
423 16
264 66
311 18
377 68
303 16
395 57
331 45
147 1
299 31
51 45
194 73
254 4
359 75
257 31
236 69
76 30
166 71
258 19
131 25
4 3
314 4
429 41
172 77
136 18
381 16
298 67
222 16
395 20
94 12
293 65
162 41
373 10
348 51
421 24
166 40
53 78
3 19
42 68
105 81
42 81
329 74
415 21
351 35
255 42
205 33
324 8
313 38
7 69
28 42
415 24
290 40
381 79
22 52
353 80
62 58
201 58
333 35
434 13
273 32
132 16
15 13
277 47
325 24
71 59
119 37
289 21
338 20
115 23
212 20
181 81
28 16
376 19
410 15
138 52
261 32
185 31
30 29
69 28
23 66
369 2
346 31
127 40
434 65
355 41
389 39
126 29
313 30
217 21
121 39
281 41
245 20
338 8
337 10
403 77
239 18
233 65
325 74
418 33
374 73
215 76
329 15
417 39
117 20
426 69
403 45
335 42
420 31
128 28
167 32
362 0
410 39
130 74
274 58
49 16
64 2
274 44
128 55
128 32
251 59
272 55
189 71
208 23
114 11
233 81
371 66
300 52
73 32
15 37
319 50
301 37
304 49
413 47
126 56
391 65
339 39
228 3
72 16
53 49
334 3
431 27
67 34
415 19
309 4
398 15
33 44
358 59
268 69
289 2
124 32
431 35
420 21
282 8
427 52
87 8
299 25
180 33
75 25
365 23
340 34
134 72
21 2
258 62
201 62
33 29
41 0
302 30
405 73
180 45
205 12
62 36
101 29
300 32
253 73
207 42
126 20
170 44
265 0
338 45
104 23
216 81
135 66
235 62
110 32
296 17
284 18
305 13
136 8
297 56
0 21
324 56
331 64
107 25
427 24
382 38
331 31
102 61
263 21
380 61
412 20
341 34
4 53
321 20
313 34
225 18
58 11
84 46
411 11
214 33
21 0
427 47
432 58
197 79
131 49
303 23
280 70
219 13
308 13
95 24
214 48
284 34
279 46
233 4
149 8
234 30
138 54
414 59
136 26
214 80
60 55
101 38
173 61
348 27
167 45
179 53
68 56
288 41
311 59
58 28
181 65
417 17
390 57
179 40
27 9
355 78
266 26
8 5
96 15
103 70
358 41
303 26
64 22
367 73
156 6
159 38
26 16
338 50
360 43
155 39
19 56
281 18
64 51
304 35
51 27
0 30
212 56
21 34
274 2
223 4
258 51
246 20
394 54
155 26
319 14
133 25
399 58
165 3
40 62
282 12
311 8
223 19
194 4
52 15
324 74
56 51
33 22
204 31
203 39
189 6
199 53
416 11
357 26
255 11
222 81
249 28
359 49
62 31
124 51
219 51
286 27
139 71
347 10
352 11
190 28
151 71
156 18
355 17
357 71
377 11
421 81
326 18
260 14
17 21
278 16
305 47
86 24
197 63
196 11
38 9
342 2
15 31
127 53
126 50
90 32
162 29
325 2
211 20
340 58
83 79
181 4
243 38
179 17
369 70
289 62
126 15
361 34
222 40
137 19
27 73
184 45
100 15
433 48
134 31
181 71
251 0
299 72
311 12
80 15
382 39
362 31
305 41
36 54
200 79
376 7
335 47
147 75
264 55
424 65
180 48
413 81
411 46
416 37
262 37
146 12
424 51
369 79
278 7
425 71
2 20
362 76
175 22
422 39
261 58
276 14
243 18
318 55
352 6
195 46
293 76
278 50
408 80
226 55
361 5
255 59
423 47
395 64
98 39
275 75
260 43
73 12
389 44
301 80
36 45
30 72
408 27
174 21
403 65
114 71
34 41
238 46
201 39
97 73
57 41
224 74
201 53
3 40
312 71
252 67
362 34
332 32
262 41
80 76
358 25
81 51
398 16
73 3
164 45
402 28
19 10
49 67
173 52
65 67
388 58
29 17
237 58
233 59
155 61
229 1
66 47
110 11
55 1
23 29
262 77
349 47
166 60
219 11
116 43
91 23
252 27
198 16
350 14
387 30
236 52
126 11
414 52
287 11
391 36
177 45
20 5
297 23
165 65
106 35
403 46
32 46
140 72
303 13
49 34
278 75
165 30
106 0
235 11
189 39
307 65
171 9
46 8
8 66
375 28
379 42
277 3
101 9
314 10
185 36
325 56
398 37
39 5
193 79
249 81
34 74
280 22
123 67
317 81
129 81
201 9
316 56
297 61
127 32
242 56
62 76
66 26
327 24
253 80
396 79
207 3
410 35
148 72
244 67
322 74
161 47
21 81
147 51
226 52
433 17
24 23
127 76
215 53
286 47
288 2
364 76
175 5
39 33
24 74
57 3
44 41
375 75
63 70
35 48
367 33
194 31
398 45
22 26
413 42
252 13
126 8
302 63
7 75
307 66
10 73
149 24
244 46
102 56
70 24
428 34
20 38
25 22
46 4
19 42
330 55
192 79
160 47
18 23
216 39
224 72
359 52
412 17
98 21
7 46
213 69
69 64
45 21
133 72
244 32
239 69
314 13
23 57
309 56
32 4
75 11
215 3
109 6
419 29
289 51
183 62
295 7
134 80
82 42
53 27
328 78
14 7
116 69
187 30
185 3
19 62
20 30
330 67
303 72
40 52
133 20
99 50
250 72
76 55
159 80
234 0
107 2
381 61
4 73
183 57
195 75
424 45
193 13
298 26
305 80
186 47
40 41
143 5
339 10
307 58
266 73
146 6
300 80
303 4
376 49
142 29
29 2
272 51
289 15
325 15
305 36
242 4
228 19
403 52
361 7
111 21
292 27
160 7
270 17
434 0
117 80
275 51
326 58
255 76
280 31
185 40
410 73
254 33
70 59
17 80
171 54
193 53
427 13
83 57
129 13
356 41
327 75
96 64
390 79
36 36
311 19
77 70
432 77
351 32
150 69
385 9
217 57
42 30
386 22
90 77
68 18
389 80
51 59
421 15
335 48
31 56
122 43
285 0
26 37
408 28
350 43
2 77
220 74
328 43
236 29
207 29
176 70
415 17
324 75
19 0
19 38
2 26
99 4
321 57
237 50
247 13
282 52
339 51
310 6
408 73
114 43
188 26
112 44
297 57
213 24
205 39
351 72
323 42
2 55
318 66
360 56
208 77
346 78
358 9
17 39
40 10
123 24
284 1
314 6
62 78
29 42
266 15
341 48
206 80
81 41
390 54
187 67
430 2
203 16
352 29
47 32
322 51
348 52
213 19
91 46
190 76
83 72
326 79
233 63
74 24
301 62
117 37
113 13
142 18
163 32
433 57
207 47
130 63
229 57
347 60
143 43
158 15
6 6
302 56
142 25
34 7
45 67
129 44
326 3
232 35
383 30
402 15
368 57
346 9
191 30
49 63
89 28
254 7
359 53
217 60
20 7
399 32
279 38
195 63
203 0
222 2
280 69
350 70
146 23
84 5
108 31
192 81
169 45
195 21
414 78
46 48
218 10
98 55
382 29
1 71
171 60
433 73
423 58
397 10
117 73
120 51
318 4
30 64
239 9
120 80
14 51
131 2
314 56
157 18
346 67
392 11
351 13
141 70
248 75
243 6
276 81
344 69
62 57
110 25
358 24
148 37
414 68
252 45
368 76
431 77
412 61
121 53
292 35
53 62
107 13
134 11
325 0
104 14
422 56
272 20
248 52
427 51
407 16
273 10
111 75
36 72
384 44
286 42
388 53
206 8
251 40
54 58
350 48
47 1
401 63
98 76
328 72
351 2
43 73
287 29
75 20
278 76
172 53
155 7
267 74
239 32
38 11
262 56
159 79
240 22
262 46
22 38
49 50
48 57
43 53
159 13
434 37
381 37
17 30
393 36
356 22
120 77
127 20
62 48
39 30
103 27
253 31
211 5
103 11
361 81
290 78
239 29
23 16
190 64
88 3
327 15
284 0
107 50
235 67
22 3
426 8
308 8
43 61
234 33
67 33
134 33
141 79
116 12
330 74
70 64
294 75
403 69
416 5
157 77
101 0
124 3
149 1
195 11
60 67
152 35
93 54
20 23
393 50
278 45
93 26
140 5
414 13
372 8
390 8
83 60
49 29
308 18
193 8
216 23
122 27
284 43
98 28
51 76
278 49
6 8
179 55
28 18
212 58
71 16
72 4
434 56
373 60
393 60
351 45
424 26
197 10
418 0
186 58
175 70
235 33
56 12
214 24
299 50
427 71
264 2
73 46
42 45
274 70
364 45
5 45
298 33
203 1
390 65
217 13
0 52
12 43
33 55
359 11
301 13
360 8
157 60
77 15
327 29
371 52
58 68
386 69
156 30
28 24
23 41
366 19
299 16
429 47
400 50
150 1
6 26
36 68
3 79
119 73
355 22
385 24
211 45
381 40
17 1
94 79
144 70
66 14
294 38
233 39
4 62
14 31
142 39
60 53
14 71
124 72
284 39
386 65
386 1
236 35
134 37
33 79
107 42
47 47
87 54
122 37
394 39
241 77
294 2
204 42
145 0
65 64
89 48
267 7
88 32
295 5
394 24
225 68
431 52
181 59
31 32
399 6
308 50
52 22
399 71
85 71
428 55
214 52
142 24
409 29
382 45
56 14
318 47
90 45
247 69
369 81
162 61
91 15
62 73
361 46
286 54
190 78
319 21
150 63
110 80
38 25
287 56
378 63
371 78
139 46
339 27
270 9
232 51
409 60
396 47
361 55
25 33
87 9
134 3
41 52
291 3
167 20
269 30
285 48
208 76
405 25
124 60
0 28
120 1
174 2
235 70
334 35
273 65
349 42
392 72
423 33
423 13
248 69
189 58
383 1
167 65
346 50
416 14
240 24
371 22
38 24
21 74
171 0
408 4
47 78
248 32
418 49
310 23
431 29
220 19
394 43
233 80
11 41
32 75
120 33
275 68
180 10
159 36
368 33
137 49
91 63
355 9
30 55
318 20
274 34
407 30
370 56
23 78
166 33
392 73
169 36
309 48
11 50
349 57
243 64
133 8
399 35
92 19
147 48
292 78
201 37
389 29
387 77
21 30
158 62
233 54
328 63
70 40
249 69
43 66
378 44
432 74
81 15
106 20
17 45
327 44
192 40
113 25
190 34
73 36
378 73
66 9
3 50
91 33
253 44
190 45
185 38
232 0
189 49
259 13
68 40
37 69
396 39
286 62
211 9
426 7
14 54
15 32
291 12
118 62
370 3
69 47
57 6
42 39
174 18
178 35
176 42
23 58
69 23
17 57
89 81
57 37
55 35
223 76
302 76
171 2
77 66
338 39
352 40
94 26
376 77
399 37
353 56
93 37
3 9
161 40
209 56
309 50
388 77
263 14
338 18
357 74
412 74
390 36
53 61
302 2
307 41
391 2
210 22
409 44
28 56
244 48
283 75
168 62
325 49
181 16
371 46
15 75
227 64
147 45
141 50
342 6
228 75
2 59
284 50
378 12
55 52
351 6
106 11
371 54
133 3
237 4
395 10
311 53
151 62
117 64
413 19
52 46
119 1
134 43
238 45
191 35
98 49
367 75
406 8
412 6
32 49
344 67
238 52
232 80
195 68
297 30
240 14
339 38
152 55
154 67
204 11
179 71
69 48
76 38
203 36
225 14
327 31
355 64
287 24
367 0
75 6
35 18
271 46
350 28
274 29
62 71
289 67
417 40
183 32
201 5
282 25
318 37
75 24
30 74
421 13
123 75
81 6
160 56
390 64
259 31
355 63
158 9
369 47
14 46
371 8
290 56
284 19
249 5
142 1
167 16
7 74
197 55
224 47
414 12
90 71
412 38
7 10
397 0
148 61
334 7
4 1
81 40
389 59
218 81
381 69
227 28
413 77
307 67
384 68
410 63
354 42
247 23
381 60
289 28
204 54
184 73
235 66
109 79
428 25
422 40
390 39
333 54
22 48
137 46
366 28
265 46
261 11
259 0
32 69
386 11
43 72
323 20
123 61
191 42
384 41
8 25
240 70
346 74
158 16
212 81
191 65
16 73
96 21
366 73
426 55
228 80
199 19
111 9
357 16
293 39
115 50
282 38
31 33
283 66
188 44
252 30
112 36
207 65
190 73
187 51
347 44
84 36
57 81
377 69
433 67
365 25
252 62
187 25
247 11
110 10
102 46
22 25
406 5
108 27
129 60
255 80
35 23
3 65
338 55
271 4
237 10
370 1
280 21
251 69
405 1
63 41
71 2
335 15
77 14
11 70
233 25
273 43
94 21
33 20
284 58
146 28
342 75
91 18
140 41
58 8
345 18
353 69
23 33
80 57
52 71
56 65
234 21
52 52
58 63
68 14
367 44
123 30
202 14
319 45
184 48
47 76
367 13
27 62
395 4
276 28
364 73
76 45
399 49
370 23
170 9
376 18
409 69
188 40
276 53
257 9
162 57
416 70
316 22
283 61
51 10
218 42
56 74
42 29
209 70
398 64
267 50
121 17
349 8
65 61
3 55
378 69
230 8
374 27
186 74
415 1
15 42
283 42
401 22
280 81
140 49
35 2
29 38
197 61
326 69
181 46
214 65
4 81
221 7
409 24
290 15
408 68
396 36
173 10
117 53
347 8
165 12
264 30
58 67
80 38
432 69
148 44
27 80
310 63
220 9
304 14
417 16
0 8
319 48
38 34
201 78
355 40
188 79
159 39
118 81
51 18
146 81
121 7
313 11
209 6
275 39
284 64
235 58
428 66
318 63
432 5
343 15
104 53
404 39
312 77
205 17
400 81
261 54
261 64
166 67
44 46
362 1
384 36
325 62
156 46
73 62
255 61
275 12
384 75
104 67
225 8
267 38
380 59
364 34
419 52
13 10
98 77
158 57
379 19
152 60
309 53
123 55
121 73
337 12
57 71
135 20
190 80
24 13
28 39
147 36
76 20
356 40
326 31
60 13
343 43
282 56
391 17
74 9
158 73
261 69
292 70
257 62
257 2
144 43
152 72
22 73
203 19
160 72
35 81
77 24
345 15
288 70
377 77
95 57
314 1
88 23
275 45
277 69
233 62
322 63
91 59
25 27
0 26
324 60
230 79
148 67
106 65
430 15
314 63
393 46
384 60
261 76
280 79
153 19
121 46
40 6
238 37
351 0
261 15
176 45
363 64
255 15
31 24
109 39
379 51
90 25
191 7
390 53
245 58
91 72
51 49
433 39
344 66
14 26
47 36
103 23
274 57
343 76
158 26
15 76
89 26
72 77
116 30
409 11
363 41
347 5
431 61
139 21
405 68
267 39
12 23
7 9
340 44
388 7
211 69
110 3
325 26
277 66
432 56
41 59
372 65
154 51
409 55
161 16
68 6
169 72
230 26
416 27
177 67
420 20
159 27
312 25
240 65
104 55
231 27
215 46
232 29
59 74
238 78
161 81
298 47
402 54
45 7
74 21
266 71
396 49
41 7
70 26
166 52
42 19
104 21
323 76
420 55
71 0
56 59
189 24
204 38
147 66
36 64
253 57
127 54
373 1
356 35
52 7
217 17
342 36
140 10
398 67
3 42
346 55
364 20
72 51
399 33
271 25
71 25
383 39
134 0
316 34
70 36
174 53
223 27
246 50
252 54
45 31
275 77
280 47
2 54
94 66
375 61
173 21
121 54
434 27
270 39
415 29
425 66
272 58
191 32
132 4
320 23
232 64
420 5
129 14
88 26
377 15
429 70
365 11
141 66
23 52
381 77
263 50
290 35
31 75
48 55
319 71
142 22
4 17
359 41
325 55
390 28
79 42
381 39
409 35
203 5
189 0
389 53
392 36
190 48
376 20
399 5
109 50
66 54
332 56
288 63
65 65
49 45
281 11
107 76
428 69
93 12
273 72
76 54
295 48
317 15
353 15
125 74
239 81
212 1
11 28
197 34
34 37
88 60
174 64
190 17
26 41
278 72
409 31
330 76
272 46
15 38
79 32
416 2
379 48
244 43
11 61
41 22
402 6
172 72
222 68
133 36
61 1
55 27
190 59
143 48
34 24
161 48
391 64
431 0
289 34
174 39
21 8
259 2
253 59
106 36
344 21
111 68
156 56
147 40
169 27
285 80
280 3
323 0
230 62
96 76
136 22
136 49
176 23
9 2
291 24
148 18
407 12
432 43
6 68
415 71
263 67
193 57
308 43
70 15
226 8
246 63
398 0
198 64
80 11
406 45
304 75
38 75
210 37
147 7
362 5
103 39
137 70
321 22
340 32
338 53
1 60
182 49
211 76
110 47
141 61
110 27
68 55
212 40
191 20
374 78
262 38
16 11
320 5
215 27
295 72
310 37
102 45
408 41
191 62
78 60
417 7
163 65
262 72
127 59
328 47
429 54
326 81
172 42
221 54
240 45
382 43
167 51
22 51
326 36
259 64
261 61
216 62
68 72
214 45
48 32
241 42
417 58
288 39
239 49
237 41
242 72
9 80
148 14
327 54
205 59
116 27
120 12
231 75
201 21
163 68
184 61
288 65
425 52
211 14
104 35
356 27
281 56
427 32
227 5
281 39
288 53
155 17
120 28
294 22
88 40
240 29
66 71
26 19
386 28
260 39
427 16
205 75
303 75
56 7
313 7
181 28
363 12
106 4
34 34
380 45
369 35
322 76
382 36
13 49
169 5
10 68
288 62
68 66
152 14
184 37
131 53
166 77
383 46
95 70
141 73
397 11
217 35
111 32
250 26
285 32
85 56
46 21
322 75
16 21
50 64
100 53
17 23
178 25
206 34
159 73
151 41
62 60
431 9
433 13
372 9
350 78
102 72
36 40
314 27
331 28
36 32
180 66
272 79
218 26
222 11
409 43
194 76
303 32
145 76
259 68
213 72
286 32
27 53
425 58
158 67
162 54
26 52
133 5
419 4
182 51
325 5
97 28
412 67
113 18
0 11
422 64
200 2
81 69
186 78
193 29
287 33
185 49
180 4
31 45
420 51
16 65
391 59
320 59
271 22
129 56
264 42
157 25
133 4
273 18
421 53
357 64
129 29
225 66
258 75
387 47
3 53
64 49
244 53
94 64
146 65
389 15
409 67
328 31
48 49
410 70
401 44
220 31
142 59
406 27
280 48
171 49
425 1
292 11
260 18
110 71
63 75
309 78
341 61
209 12
189 51
360 77
225 38
309 44
429 29
141 8
207 21
236 68
342 79
290 11
358 80
11 6
375 53
25 11
228 66
162 67
217 10
290 67
95 61
219 78
155 55
272 8
44 52
312 58
328 23
434 49
25 51
58 30
426 19
330 29
339 21
168 24
291 64
76 61
430 29
93 53
163 38
388 15
26 36
34 73
161 53
71 81
122 68
319 47
49 79
180 25
171 14
32 21
99 56
375 63
38 58
322 29
96 69
82 31
74 22
322 46
158 39
254 78
394 22
84 32
328 0
276 48
74 62
328 20
412 36
240 37
109 0
419 22
100 2
374 55
61 73
86 65
279 9
347 34
215 63
39 42
162 1
388 22
358 67
352 45
266 30
422 35
147 2
279 30
208 21
25 41
256 4
130 56
378 25
239 64
33 56
125 67
303 42
102 52
19 66
121 44
290 10
122 49
157 10
17 40
221 38
395 13
237 6
103 33
8 48
131 17
273 52
163 59
175 20
411 32
332 76
13 67
419 50
192 12
416 61
227 29
199 72
390 7
72 6
221 75
413 75
274 49
24 78
420 43
209 27
277 61
433 54
56 58
247 16
141 41
99 22
193 9
398 55
384 62
407 13
83 23
48 51
403 8
182 61
418 25
264 73
191 34
