140 77
8 16
15 10
9 3
6 13
7 7
3 14
20 17
5 6
4 9
10 8
13 18
17 18
8 13
20 4
5 3
13 6
13 14
14 16
9 15
10 17
12 20
1 19
8 17
12 5
7 3
15 11
18 1
6 9
20 12
17 15
11 3
11 15
16 4
3 10
6 20
12 8
10 16
12 1
7 18
15 14
20 13
5 15
3 11
16 8
17 14
14 5
19 7
3 3
16 17
7 11
11 11
4 4
7 2
13 19
19 11
2 17
10 9
19 10
9 2
12 12
6 5
19 19
14 13
19 2
9 18
15 15
1 2
9 10
6 12
1 15
8 5
16 9
15 2
9 6
18 8
3 6
1 11
12 4
20 8
20 20
18 4
4 13
19 18
1 14
3 18
3 15
18 17
6 1
17 6
10 5
20 9
4 17
7 6
19 15
18 20
10 20
2 20
6 4
11 19
4 20
19 3
4 5
16 12
11 10
4 12
1 7
4 16
5 11
15 6
14 1
14 20
19 14
5 2
7 10
17 7
13 7
11 6
2 12
14 12
9 14
3 7
6 17
10 1
7 15
4 8
11 2
19 6
18 12
5 14
12 9
15 18
8 20
13 2
8 8
10 13
15 3
20 5
3 19
10 12
17 10
