100 53
18 5
9 19
2 20
19 2
11 18
8 13
3 3
19 6
5 15
6 9
20 13
13 18
7 19
2 5
2 4
18 4
18 8
8 20
6 8
20 16
5 2
8 9
11 15
11 7
7 10
3 18
20 5
14 12
12 1
11 6
16 12
7 7
1 7
12 20
15 18
17 2
9 10
11 19
1 19
17 11
14 20
9 3
4 13
7 6
10 1
12 8
17 6
8 16
14 4
14 1
14 17
14 13
12 9
4 20
15 11
19 18
5 3
8 1
1 6
16 13
16 9
7 18
18 16
15 15
16 4
20 17
5 19
10 9
10 16
13 3
16 5
5 10
5 7
7 15
6 13
8 5
18 1
15 2
1 10
17 14
2 17
2 16
1 11
18 13
18 9
10 8
16 20
1 2
20 9
9 7
19 14
2 12
9 11
17 19
3 11
16 1
11 14
2 8
13 2
3 6
