100 55
17 14
4 1
12 16
14 20
6 4
6 9
2 12
6 20
5 10
13 2
17 11
8 13
13 15
19 7
18 13
8 17
15 14
10 9
6 12
14 13
6 16
12 20
7 2
14 17
4 5
15 3
16 12
2 4
9 15
3 14
8 9
3 11
2 9
17 10
12 4
2 1
7 18
7 10
5 11
1 3
1 19
17 18
9 3
19 6
7 15
16 1
9 6
9 11
13 3
20 12
4 8
9 2
11 6
19 11
10 16
4 20
20 5
4 13
3 3
13 19
3 19
7 6
16 4
5 19
18 16
18 17
3 6
1 10
19 19
18 9
12 5
10 1
16 5
10 20
3 10
6 8
12 17
20 1
9 18
18 5
13 11
11 19
3 18
18 1
13 14
10 12
18 4
9 19
11 7
6 5
8 20
1 6
20 9
5 15
16 13
15 7
19 2
14 1
20 13
1 15
