150 75
1 7
10 17
8 17
15 10
4 12
19 15
7 18
7 7
3 2
20 17
14 9
16 5
2 5
17 2
19 6
14 20
11 6
10 13
2 4
20 9
12 17
14 8
13 15
20 1
8 9
15 7
17 10
9 19
7 2
7 15
7 19
18 8
16 9
15 18
16 13
11 11
9 10
10 16
11 14
20 12
6 20
6 9
12 12
6 5
14 5
3 18
1 18
3 15
8 20
19 10
11 15
17 15
8 12
13 2
6 12
17 11
14 17
17 7
4 9
10 9
11 3
13 19
3 7
4 20
3 3
2 17
8 5
17 14
7 6
3 11
3 19
1 3
10 20
15 15
4 17
5 11
6 17
17 3
12 20
19 18
3 14
1 11
18 17
14 16
5 7
5 10
18 12
12 1
16 17
9 6
9 14
11 2
13 6
9 18
9 11
6 16
12 13
17 18
6 4
4 1
13 18
9 2
19 14
9 15
7 10
15 11
8 16
18 13
16 16
20 13
16 4
12 4
1 19
18 1
9 7
2 13
19 7
5 14
16 8
14 1
8 1
1 2
10 12
10 4
15 2
11 18
1 14
14 13
5 2
5 18
5 15
10 8
20 4
11 19
8 8
6 8
16 20
13 10
19 2
3 10
17 19
10 1
20 16
20 5
7 3
5 6
14 4
18 5
12 5
11 10
