100 61
17 6
17 3
9 19
10 16
16 8
8 4
10 13
16 13
1 3
19 2
5 2
2 16
3 7
14 4
1 18
13 2
14 20
20 20
12 16
12 5
12 4
16 1
3 19
15 18
18 4
9 7
16 4
16 16
9 2
4 1
10 4
16 12
16 5
2 1
3 3
13 7
10 17
7 6
1 7
2 20
6 5
2 12
19 14
20 9
18 12
15 11
13 6
5 3
19 18
13 18
20 13
4 13
12 1
20 1
1 14
11 15
7 10
19 11
11 19
12 9
13 3
16 20
19 6
2 4
4 4
7 2
4 17
15 19
20 16
2 9
14 5
3 14
13 10
10 8
19 15
4 5
12 17
18 5
5 15
10 1
12 13
12 8
1 2
11 3
9 18
20 4
19 19
6 12
11 14
20 8
1 11
19 7
12 12
18 1
8 17
19 10
4 9
1 6
8 13
13 15
