150 82
8 1
9 10
20 1
10 5
13 14
13 10
18 1
2 17
3 7
6 1
14 5
12 20
15 6
5 15
10 1
3 10
7 10
1 18
4 4
12 17
15 7
13 15
7 19
10 13
2 16
5 10
9 11
6 4
18 5
14 4
3 19
15 18
5 2
10 9
12 16
20 13
14 12
20 20
15 19
7 2
20 12
16 20
16 17
18 8
10 12
2 5
19 19
9 15
4 8
13 3
3 18
19 7
8 4
2 9
19 6
14 8
6 16
20 17
11 14
6 9
8 20
2 4
2 1
2 20
16 1
20 4
19 14
4 20
12 4
12 5
7 14
10 20
1 2
17 10
16 5
9 18
9 6
4 16
16 13
4 5
8 17
7 7
1 10
4 17
3 15
6 17
14 9
17 6
1 14
13 6
8 9
13 19
16 8
10 8
17 14
17 18
20 5
14 1
20 16
2 13
17 11
12 9
3 11
17 2
4 13
15 3
19 2
6 13
9 19
2 12
1 15
19 11
8 13
3 3
10 4
13 11
5 6
7 6
14 20
12 8
8 5
18 13
5 19
18 4
5 7
1 6
6 8
6 20
19 3
18 12
11 11
8 12
14 13
6 12
16 12
4 9
20 8
15 14
8 8
1 7
19 18
7 15
10 16
4 12
7 3
9 14
5 14
3 14
13 7
12 13
