110 60
16 1
20 8
1 2
5 15
13 7
9 6
8 4
5 2
20 17
3 10
14 5
15 3
20 12
9 10
2 1
10 16
6 5
2 17
14 20
1 7
3 6
1 14
13 11
4 5
17 19
3 2
10 13
9 14
18 13
19 7
12 16
10 4
3 7
13 19
7 11
7 2
5 3
5 6
20 16
2 4
14 13
3 15
19 14
4 16
14 9
1 19
12 13
17 11
8 17
5 18
14 12
7 7
20 9
4 9
6 16
4 20
20 4
4 17
6 12
15 10
20 13
13 15
18 1
8 9
16 9
18 4
12 9
17 2
1 3
3 19
10 1
13 10
14 16
10 8
12 17
5 7
15 15
2 5
6 17
12 5
18 5
14 1
16 12
1 10
17 14
3 3
18 20
15 14
5 11
9 3
18 12
11 6
2 13
7 14
8 1
19 19
9 7
12 1
11 10
2 20
19 18
17 10
2 9
9 18
17 7
20 1
15 6
15 19
16 16
11 2
