120 64
3 10
14 20
18 16
12 20
2 17
13 6
20 9
12 9
12 4
13 14
5 19
11 2
16 5
9 2
20 1
10 12
10 20
18 17
3 11
18 8
19 15
6 1
4 8
6 20
3 3
16 17
15 3
17 10
2 9
8 8
6 13
18 13
10 8
2 16
12 8
11 7
7 10
4 20
4 4
20 16
11 15
16 12
5 3
19 18
11 11
20 17
14 16
20 13
11 10
15 18
16 4
13 3
7 15
5 18
7 3
16 13
7 2
6 4
7 11
19 6
20 4
6 9
10 1
5 10
8 16
18 20
2 13
7 7
3 7
14 13
17 2
20 12
5 14
19 11
3 18
17 19
1 3
4 9
9 19
9 14
19 19
15 6
8 20
17 6
13 2
14 17
3 14
10 16
15 15
16 9
1 11
4 13
15 10
5 15
1 10
17 18
12 12
4 17
11 6
17 11
1 6
16 20
1 2
13 11
11 14
9 11
9 10
1 15
6 12
9 6
16 16
3 19
19 14
5 7
13 7
10 5
8 4
1 14
1 18
14 4
