150 77
4 13
10 20
5 3
18 9
19 6
2 4
4 8
12 12
13 18
20 13
10 8
7 7
11 7
6 9
19 14
4 16
6 8
5 6
18 13
3 19
13 2
1 3
17 18
4 9
15 15
4 5
7 6
11 10
19 18
6 20
8 17
15 2
5 18
6 5
14 16
16 9
1 7
9 7
1 19
17 2
2 16
16 13
2 8
5 19
6 12
11 19
15 19
1 14
20 4
15 3
12 4
17 3
14 9
1 6
17 10
15 10
9 15
16 4
6 4
14 17
12 13
3 15
18 17
11 2
17 19
10 16
4 1
5 11
2 9
19 15
13 11
20 8
1 11
15 6
15 14
7 15
7 11
8 9
7 10
20 17
10 9
9 3
12 16
10 12
18 8
18 4
16 16
12 20
13 3
3 10
16 5
18 1
14 4
16 8
14 5
6 17
7 2
3 3
5 7
16 12
18 20
8 20
4 17
20 1
11 3
1 10
16 17
20 9
9 14
15 7
20 16
2 13
14 12
17 6
14 13
5 2
12 8
20 12
10 5
7 14
18 5
2 5
12 5
6 16
19 10
17 11
8 5
7 3
8 8
8 13
13 6
19 3
10 13
3 18
13 19
3 7
14 20
5 10
18 12
16 1
10 4
13 7
20 20
5 15
3 14
3 11
15 11
4 12
2 1
8 16
