160 83
15 10
7 11
2 8
17 10
13 15
4 17
14 20
6 17
13 3
15 19
9 18
17 15
12 12
14 12
10 20
6 16
14 5
2 13
11 3
14 9
13 18
1 18
17 18
14 16
12 17
20 9
8 8
7 19
13 19
16 8
10 4
17 3
2 5
8 4
10 16
5 10
9 15
13 14
15 15
4 20
11 2
11 19
13 10
8 16
9 14
5 11
16 13
7 6
20 12
8 20
17 11
7 10
19 6
3 15
20 5
2 4
11 6
17 7
2 17
9 19
20 8
12 8
20 4
12 5
10 8
9 3
3 19
6 4
17 6
3 2
7 2
12 20
15 2
20 13
15 3
11 11
11 7
1 19
2 1
12 9
18 13
18 12
4 8
1 15
1 14
1 11
9 6
16 20
6 12
4 5
5 19
18 8
8 1
18 9
4 12
8 13
16 12
6 8
6 1
4 4
12 13
8 5
6 9
11 15
11 14
19 15
10 12
5 18
7 7
6 5
6 20
16 16
1 7
18 16
5 6
15 7
14 8
3 7
18 17
4 13
16 9
19 11
5 2
8 12
18 5
9 11
5 14
13 7
14 13
10 5
9 2
13 2
20 16
10 9
7 14
3 18
15 18
10 13
6 13
7 3
5 7
2 9
19 19
1 3
13 11
12 4
20 1
20 17
18 1
19 18
5 15
13 6
3 3
4 16
9 7
15 11
1 10
2 12
3 14
4 9
