120 67
1 11
7 2
17 3
7 3
1 18
2 20
20 17
15 15
12 13
1 6
19 11
8 5
19 15
5 11
16 17
2 16
12 5
6 4
20 1
15 10
12 20
4 12
9 11
9 7
11 2
4 16
8 4
6 13
10 16
4 5
11 19
10 8
13 3
17 18
14 20
11 18
2 4
2 17
18 20
7 15
5 15
9 18
13 14
3 6
10 1
8 12
20 13
7 10
17 10
1 3
15 3
10 4
6 12
18 5
11 7
13 15
18 4
9 3
2 1
13 19
3 2
16 16
7 7
16 13
9 10
2 12
18 13
5 18
15 11
6 5
2 13
2 5
7 11
1 14
7 6
12 17
8 13
11 6
8 17
5 2
8 1
20 5
19 2
9 6
12 8
8 8
12 4
13 11
10 12
14 17
3 11
17 11
7 14
6 1
14 5
7 19
7 18
11 10
5 6
16 12
9 2
14 4
19 6
11 14
15 2
4 4
1 7
20 12
19 7
19 10
18 12
10 13
10 9
16 1
15 18
15 6
18 17
11 3
18 8
14 16
