140 67
13 11
14 17
9 11
5 14
9 19
2 17
14 1
6 16
2 13
16 20
7 3
7 6
20 4
2 4
4 16
12 9
13 3
7 2
12 13
12 5
16 12
5 15
8 17
5 10
12 4
12 17
7 15
1 19
7 7
3 10
15 2
4 4
6 9
20 1
13 7
17 7
3 7
20 5
11 2
10 20
8 12
18 4
1 2
9 7
18 12
15 11
11 18
18 16
3 18
19 2
18 20
9 14
16 1
13 18
10 8
5 19
2 8
8 4
17 3
11 7
8 13
16 9
18 8
2 5
6 20
11 14
4 13
9 10
14 20
3 11
12 12
15 15
17 14
4 9
10 12
1 11
16 4
1 6
7 18
18 1
16 5
13 10
15 3
6 8
10 16
18 17
14 12
8 16
6 1
3 3
18 9
1 14
14 16
10 17
19 3
6 13
13 19
12 16
7 11
3 15
17 18
2 16
17 10
14 4
9 3
8 1
12 20
14 13
5 2
6 17
4 8
15 19
17 19
20 20
7 19
17 11
13 15
12 1
19 7
1 10
17 6
4 20
11 15
15 6
18 5
1 7
10 9
13 14
9 6
13 6
3 19
19 14
19 19
9 2
16 17
7 14
13 2
14 8
3 14
16 8
