180 89
1 18
5 18
4 20
8 17
3 3
20 12
8 9
17 15
5 15
5 19
11 7
16 5
19 3
16 20
8 4
7 10
3 7
7 18
16 9
20 20
15 3
20 9
19 7
3 6
7 14
12 13
11 10
9 15
19 19
17 11
15 18
1 19
20 13
18 8
6 17
12 5
13 3
19 15
11 3
20 17
5 2
13 6
15 2
17 14
12 9
10 1
10 12
3 11
16 8
19 10
8 12
2 16
7 3
2 4
14 1
19 18
14 9
4 1
2 17
4 13
16 13
13 18
2 12
18 16
9 7
17 3
9 6
15 19
17 7
2 5
10 4
9 14
14 12
5 11
12 12
3 2
13 2
5 7
2 20
20 16
6 1
4 17
8 1
10 16
11 14
15 6
20 4
15 10
11 19
4 12
6 8
6 9
16 4
3 18
11 15
5 10
14 20
1 6
16 17
7 6
13 11
9 3
7 2
14 17
8 8
19 6
7 11
6 12
11 18
10 20
4 4
18 17
20 1
8 20
13 10
8 5
12 8
3 14
20 8
18 9
7 7
17 6
2 1
9 2
1 14
1 15
15 14
4 5
6 5
6 16
4 9
13 15
14 5
19 11
3 10
14 8
2 9
3 19
12 17
10 17
17 10
15 11
9 19
13 7
1 11
10 13
12 20
7 15
17 2
1 7
18 4
5 3
1 3
6 4
13 19
14 16
15 15
1 2
10 9
4 8
16 12
18 12
5 6
12 16
11 6
18 20
2 8
18 5
12 4
18 13
19 14
17 18
9 18
20 5
13 14
17 19
11 2
19 2
16 1
8 13
