190 95
13 18
6 12
17 15
1 18
4 16
4 20
12 9
14 1
3 6
10 1
20 12
4 5
2 13
2 1
20 16
1 14
20 4
1 7
10 8
6 16
8 9
5 7
15 15
8 1
18 8
15 14
13 19
1 15
15 3
3 2
5 2
11 6
6 1
7 14
11 3
7 15
20 20
4 1
10 9
7 2
14 13
17 11
20 1
13 7
4 13
19 3
17 19
9 19
16 4
17 14
20 5
9 15
9 14
3 19
4 12
5 3
10 13
20 13
14 8
18 1
17 18
7 18
11 18
11 11
16 5
18 13
13 11
2 12
2 20
20 9
7 6
7 10
12 4
2 9
5 18
8 17
19 2
3 3
13 2
7 19
5 15
6 20
16 9
10 17
19 19
16 13
10 16
14 17
10 12
16 12
3 15
18 17
19 18
1 2
3 14
14 12
2 16
9 3
3 7
11 10
14 20
18 12
8 20
1 6
18 16
12 8
10 5
8 8
5 10
7 7
20 8
8 13
11 2
9 2
8 4
2 8
17 10
12 5
7 11
15 7
11 7
4 17
13 3
13 15
4 8
5 14
18 20
6 9
6 17
17 7
1 3
15 2
12 13
6 13
19 10
16 1
9 7
19 11
5 6
16 20
15 19
14 5
1 10
9 11
8 5
12 1
20 17
18 5
19 6
19 15
12 20
17 6
6 4
12 12
15 10
16 8
4 9
3 11
17 3
12 17
6 5
14 4
13 6
11 15
9 6
9 18
15 11
1 19
5 11
1 11
6 8
10 4
2 5
15 18
4 4
16 16
19 7
8 16
19 14
3 18
2 17
16 17
13 10
14 9
11 14
18 9
17 2
18 4
9 10
2 4
