120 66
13 15
4 16
8 17
19 10
5 10
2 4
6 12
1 11
14 20
3 6
4 9
11 11
3 19
10 12
11 10
13 7
8 16
12 17
4 20
18 20
17 11
1 7
18 17
17 10
16 5
3 11
17 19
1 10
9 3
11 6
3 10
18 4
2 12
16 20
7 18
17 18
20 20
6 13
19 14
7 6
8 4
5 19
6 20
7 19
14 17
17 3
15 7
7 14
7 11
7 15
16 16
2 20
18 12
9 6
14 5
12 13
8 12
15 11
19 6
9 19
17 7
2 1
12 1
15 10
16 9
3 15
3 14
5 3
7 10
6 16
5 6
14 13
10 5
9 7
11 15
3 2
3 3
3 18
5 11
13 18
15 15
12 20
13 3
12 8
4 13
16 17
12 9
1 6
4 4
18 5
16 4
8 8
11 14
19 7
7 2
8 1
20 12
17 6
10 8
1 19
5 7
13 2
19 19
19 18
6 8
7 3
11 2
14 1
14 8
4 1
6 4
15 19
9 11
20 4
10 17
5 2
14 9
6 1
16 1
1 15
