110 60
15 10
18 20
18 4
19 2
6 20
19 11
10 9
18 17
17 11
6 17
20 8
14 9
8 5
18 5
10 12
13 10
8 12
19 19
12 20
11 15
2 16
3 2
13 11
3 18
11 10
16 13
7 14
5 6
4 12
17 7
10 5
9 19
14 4
11 7
12 16
1 19
1 3
1 6
9 6
9 11
3 14
15 18
5 3
13 3
2 4
14 5
15 6
12 12
20 1
5 18
16 8
4 8
6 9
13 19
16 9
12 13
15 15
17 10
2 13
11 18
14 13
7 15
1 2
15 3
11 14
20 17
7 7
9 18
9 15
19 18
6 13
7 18
5 10
18 12
3 3
9 3
1 7
6 8
15 19
19 15
6 4
2 5
19 3
16 4
4 16
5 11
8 13
14 12
10 17
10 8
3 6
20 20
5 19
7 10
5 7
8 8
10 16
19 7
8 1
2 9
20 5
15 11
11 3
2 17
20 9
17 15
19 6
8 4
4 1
15 2
