190 91
5 19
15 18
8 4
6 1
8 20
8 16
8 5
10 12
19 14
14 9
6 16
19 11
18 4
12 1
16 1
9 14
9 2
7 11
8 1
4 16
3 6
11 10
8 9
6 5
15 14
18 20
20 1
17 6
4 20
18 13
14 12
14 1
17 15
18 16
3 18
2 13
16 5
15 11
1 15
3 15
1 18
19 19
1 19
14 4
15 2
13 11
12 16
17 3
4 9
10 4
13 10
2 5
10 17
11 3
1 7
10 13
5 14
7 18
19 10
13 2
17 18
5 6
12 5
18 1
13 7
13 3
4 4
20 12
12 8
20 16
16 4
8 17
1 10
12 4
10 1
3 11
15 10
8 12
20 4
17 19
18 9
17 14
12 9
9 6
4 17
13 14
1 14
1 3
12 17
5 18
10 16
14 16
4 13
17 7
9 3
7 2
7 10
16 9
10 8
11 7
19 3
20 13
19 18
19 2
20 5
5 15
10 20
7 3
19 15
16 12
8 8
18 8
9 18
9 11
14 13
20 8
6 17
12 13
16 8
7 6
20 9
11 14
6 4
19 7
11 11
8 13
12 20
15 7
9 15
15 3
2 9
17 11
13 18
5 7
4 8
2 16
6 12
7 7
5 11
6 20
15 6
3 10
6 9
13 6
14 17
15 15
1 6
7 14
13 19
2 8
11 19
2 1
2 20
17 2
3 7
20 17
14 8
16 20
14 20
4 1
3 19
1 2
11 6
1 11
4 12
11 18
2 12
18 12
11 15
5 10
15 19
2 17
17 10
7 15
9 7
18 5
12 12
5 2
10 9
14 5
3 3
9 19
16 16
16 17
3 14
9 10
6 13
16 13
6 8
13 15
