180 95
20 5
7 10
19 15
20 16
14 17
1 14
19 3
2 12
6 8
8 16
20 4
10 20
3 18
7 3
9 3
16 5
1 3
14 4
16 16
4 17
3 2
19 2
15 7
8 4
5 19
9 10
7 2
9 6
2 20
11 3
17 15
19 18
3 10
10 17
20 1
12 5
3 15
12 20
7 19
10 16
16 13
5 7
12 1
13 3
13 6
20 20
7 15
9 14
14 12
19 6
10 12
8 1
11 11
1 6
11 15
5 6
17 2
4 20
7 11
15 2
16 1
18 5
19 14
2 16
17 11
3 14
6 4
2 8
7 14
5 15
8 5
1 11
15 10
6 9
12 16
10 4
13 11
9 19
5 14
20 13
13 2
15 3
17 7
6 5
11 7
15 6
19 10
15 11
7 7
20 12
8 17
4 13
5 10
4 4
2 17
12 12
1 18
9 2
12 13
4 12
7 18
12 9
10 13
18 16
15 19
17 6
14 13
5 3
4 8
16 9
10 8
13 10
19 11
1 15
17 19
20 8
12 17
5 2
15 18
6 16
13 19
4 9
19 7
6 20
10 5
5 18
18 20
8 9
1 19
11 18
6 17
13 18
1 7
14 1
11 10
18 13
17 10
1 2
16 17
16 8
19 19
8 12
3 3
3 11
14 8
11 2
9 15
13 7
16 4
10 9
8 13
14 5
5 11
18 8
17 18
14 9
2 1
3 6
18 9
9 11
3 19
12 8
4 5
4 1
17 14
9 18
9 7
7 6
16 12
11 14
6 12
2 13
1 10
6 1
18 1
15 14
20 17
13 15
12 4
2 5
