180 90
17 10
3 2
10 5
16 13
6 13
1 6
10 13
7 11
16 17
18 12
16 16
7 15
15 3
4 1
14 12
2 1
13 10
12 8
17 15
11 3
14 8
10 8
18 17
7 6
8 1
17 2
9 15
12 20
16 9
14 20
2 17
17 3
9 14
5 7
11 14
1 3
7 19
18 1
7 2
11 2
2 8
16 1
3 3
13 19
5 3
18 13
15 19
13 2
8 16
11 15
3 18
9 7
19 14
12 1
11 10
9 11
19 11
10 12
9 10
8 13
19 15
16 5
18 9
4 8
4 17
7 18
20 16
1 10
13 11
16 12
1 7
1 19
12 5
3 10
20 13
12 12
15 15
19 2
6 16
11 6
17 19
17 18
20 12
13 3
2 4
14 4
8 4
15 11
17 7
2 16
2 13
6 1
5 11
19 7
4 5
12 13
18 16
9 6
15 14
14 13
12 17
11 19
20 4
14 1
15 6
15 10
4 9
10 4
18 20
5 2
3 14
1 14
12 16
13 6
10 9
13 14
8 5
5 19
15 18
7 3
4 16
13 15
11 7
2 12
5 10
3 7
18 4
8 9
10 1
4 12
4 4
12 9
1 15
7 10
9 19
2 9
19 3
17 11
19 19
4 13
13 7
16 8
14 17
16 4
8 12
20 8
5 6
19 10
3 6
1 2
15 7
2 5
11 18
7 14
20 9
11 11
5 14
9 3
13 18
18 5
3 15
14 16
8 20
12 4
1 11
10 16
3 11
8 17
9 18
10 17
20 1
17 6
6 12
19 6
17 14
7 7
14 5
4 20
10 20
8 8
