120 66
12 9
8 20
4 9
17 14
20 16
11 7
11 6
4 12
13 6
6 12
15 3
19 10
19 15
9 18
20 8
11 10
9 19
15 19
8 8
10 5
4 16
11 2
15 10
2 13
14 12
14 8
10 16
15 18
4 5
1 6
5 15
14 1
16 5
15 6
7 19
16 20
12 20
20 9
20 1
9 14
7 2
18 5
4 17
7 7
14 16
12 1
1 7
11 3
3 14
17 3
20 4
5 6
18 17
2 17
20 20
12 5
8 4
17 19
1 3
7 11
17 6
3 6
13 7
19 2
10 9
18 9
8 5
9 6
16 4
2 8
2 4
9 3
9 7
20 13
1 14
19 7
7 6
15 2
10 13
2 1
9 15
11 19
8 12
15 14
2 20
7 15
20 17
11 18
14 13
3 3
9 10
3 15
5 7
19 3
11 15
10 1
5 2
6 1
19 11
4 8
6 16
1 2
15 11
9 11
12 17
6 5
19 6
6 8
18 12
17 11
17 2
2 9
18 4
12 13
19 18
5 3
18 8
16 17
13 14
16 8
