6000 3000
1 5999
1 5998
1 5995
1 5994
1 5991
1 5990
1 5987
1 5986
1 5983
1 5982
1 5979
1 5978
1 5975
1 5974
1 5971
1 5970
1 5967
1 5966
1 5963
1 5962
1 5959
1 5958
1 5955
1 5954
1 5951
1 5950
1 5947
1 5946
1 5943
1 5942
1 5939
1 5938
1 5935
1 5934
1 5931
1 5930
1 5927
1 5926
1 5923
1 5922
1 5919
1 5918
1 5915
1 5914
1 5911
1 5910
1 5907
1 5906
1 5903
1 5902
1 5899
1 5898
1 5895
1 5894
1 5891
1 5890
1 5887
1 5886
1 5883
1 5882
1 5879
1 5878
1 5875
1 5874
1 5871
1 5870
1 5867
1 5866
1 5863
1 5862
1 5859
1 5858
1 5855
1 5854
1 5851
1 5850
1 5847
1 5846
1 5843
1 5842
1 5839
1 5838
1 5835
1 5834
1 5831
1 5830
1 5827
1 5826
1 5823
1 5822
1 5819
1 5818
1 5815
1 5814
1 5811
1 5810
1 5807
1 5806
1 5803
1 5802
1 5799
1 5798
1 5795
1 5794
1 5791
1 5790
1 5787
1 5786
1 5783
1 5782
1 5779
1 5778
1 5775
1 5774
1 5771
1 5770
1 5767
1 5766
1 5763
1 5762
1 5759
1 5758
1 5755
1 5754
1 5751
1 5750
1 5747
1 5746
1 5743
1 5742
1 5739
1 5738
1 5735
1 5734
1 5731
1 5730
1 5727
1 5726
1 5723
1 5722
1 5719
1 5718
1 5715
1 5714
1 5711
1 5710
1 5707
1 5706
1 5703
1 5702
1 5699
1 5698
1 5695
1 5694
1 5691
1 5690
1 5687
1 5686
1 5683
1 5682
1 5679
1 5678
1 5675
1 5674
1 5671
1 5670
1 5667
1 5666
1 5663
1 5662
1 5659
1 5658
1 5655
1 5654
1 5651
1 5650
1 5647
1 5646
1 5643
1 5642
1 5639
1 5638
1 5635
1 5634
1 5631
1 5630
1 5627
1 5626
1 5623
1 5622
1 5619
1 5618
1 5615
1 5614
1 5611
1 5610
1 5607
1 5606
1 5603
1 5602
1 5599
1 5598
1 5595
1 5594
1 5591
1 5590
1 5587
1 5586
1 5583
1 5582
1 5579
1 5578
1 5575
1 5574
1 5571
1 5570
1 5567
1 5566
1 5563
1 5562
1 5559
1 5558
1 5555
1 5554
1 5551
1 5550
1 5547
1 5546
1 5543
1 5542
1 5539
1 5538
1 5535
1 5534
1 5531
1 5530
1 5527
1 5526
1 5523
1 5522
1 5519
1 5518
1 5515
1 5514
1 5511
1 5510
1 5507
1 5506
1 5503
1 5502
1 5499
1 5498
1 5495
1 5494
1 5491
1 5490
1 5487
1 5486
1 5483
1 5482
1 5479
1 5478
1 5475
1 5474
1 5471
1 5470
1 5467
1 5466
1 5463
1 5462
1 5459
1 5458
1 5455
1 5454
1 5451
1 5450
1 5447
1 5446
1 5443
1 5442
1 5439
1 5438
1 5435
1 5434
1 5431
1 5430
1 5427
1 5426
1 5423
1 5422
1 5419
1 5418
1 5415
1 5414
1 5411
1 5410
1 5407
1 5406
1 5403
1 5402
1 5399
1 5398
1 5395
1 5394
1 5391
1 5390
1 5387
1 5386
1 5383
1 5382
1 5379
1 5378
1 5375
1 5374
1 5371
1 5370
1 5367
1 5366
1 5363
1 5362
1 5359
1 5358
1 5355
1 5354
1 5351
1 5350
1 5347
1 5346
1 5343
1 5342
1 5339
1 5338
1 5335
1 5334
1 5331
1 5330
1 5327
1 5326
1 5323
1 5322
1 5319
1 5318
1 5315
1 5314
1 5311
1 5310
1 5307
1 5306
1 5303
1 5302
1 5299
1 5298
1 5295
1 5294
1 5291
1 5290
1 5287
1 5286
1 5283
1 5282
1 5279
1 5278
1 5275
1 5274
1 5271
1 5270
1 5267
1 5266
1 5263
1 5262
1 5259
1 5258
1 5255
1 5254
1 5251
1 5250
1 5247
1 5246
1 5243
1 5242
1 5239
1 5238
1 5235
1 5234
1 5231
1 5230
1 5227
1 5226
1 5223
1 5222
1 5219
1 5218
1 5215
1 5214
1 5211
1 5210
1 5207
1 5206
1 5203
1 5202
1 5199
1 5198
1 5195
1 5194
1 5191
1 5190
1 5187
1 5186
1 5183
1 5182
1 5179
1 5178
1 5175
1 5174
1 5171
1 5170
1 5167
1 5166
1 5163
1 5162
1 5159
1 5158
1 5155
1 5154
1 5151
1 5150
1 5147
1 5146
1 5143
1 5142
1 5139
1 5138
1 5135
1 5134
1 5131
1 5130
1 5127
1 5126
1 5123
1 5122
1 5119
1 5118
1 5115
1 5114
1 5111
1 5110
1 5107
1 5106
1 5103
1 5102
1 5099
1 5098
1 5095
1 5094
1 5091
1 5090
1 5087
1 5086
1 5083
1 5082
1 5079
1 5078
1 5075
1 5074
1 5071
1 5070
1 5067
1 5066
1 5063
1 5062
1 5059
1 5058
1 5055
1 5054
1 5051
1 5050
1 5047
1 5046
1 5043
1 5042
1 5039
1 5038
1 5035
1 5034
1 5031
1 5030
1 5027
1 5026
1 5023
1 5022
1 5019
1 5018
1 5015
1 5014
1 5011
1 5010
1 5007
1 5006
1 5003
1 5002
1 4999
1 4998
1 4995
1 4994
1 4991
1 4990
1 4987
1 4986
1 4983
1 4982
1 4979
1 4978
1 4975
1 4974
1 4971
1 4970
1 4967
1 4966
1 4963
1 4962
1 4959
1 4958
1 4955
1 4954
1 4951
1 4950
1 4947
1 4946
1 4943
1 4942
1 4939
1 4938
1 4935
1 4934
1 4931
1 4930
1 4927
1 4926
1 4923
1 4922
1 4919
1 4918
1 4915
1 4914
1 4911
1 4910
1 4907
1 4906
1 4903
1 4902
1 4899
1 4898
1 4895
1 4894
1 4891
1 4890
1 4887
1 4886
1 4883
1 4882
1 4879
1 4878
1 4875
1 4874
1 4871
1 4870
1 4867
1 4866
1 4863
1 4862
1 4859
1 4858
1 4855
1 4854
1 4851
1 4850
1 4847
1 4846
1 4843
1 4842
1 4839
1 4838
1 4835
1 4834
1 4831
1 4830
1 4827
1 4826
1 4823
1 4822
1 4819
1 4818
1 4815
1 4814
1 4811
1 4810
1 4807
1 4806
1 4803
1 4802
1 4799
1 4798
1 4795
1 4794
1 4791
1 4790
1 4787
1 4786
1 4783
1 4782
1 4779
1 4778
1 4775
1 4774
1 4771
1 4770
1 4767
1 4766
1 4763
1 4762
1 4759
1 4758
1 4755
1 4754
1 4751
1 4750
1 4747
1 4746
1 4743
1 4742
1 4739
1 4738
1 4735
1 4734
1 4731
1 4730
1 4727
1 4726
1 4723
1 4722
1 4719
1 4718
1 4715
1 4714
1 4711
1 4710
1 4707
1 4706
1 4703
1 4702
1 4699
1 4698
1 4695
1 4694
1 4691
1 4690
1 4687
1 4686
1 4683
1 4682
1 4679
1 4678
1 4675
1 4674
1 4671
1 4670
1 4667
1 4666
1 4663
1 4662
1 4659
1 4658
1 4655
1 4654
1 4651
1 4650
1 4647
1 4646
1 4643
1 4642
1 4639
1 4638
1 4635
1 4634
1 4631
1 4630
1 4627
1 4626
1 4623
1 4622
1 4619
1 4618
1 4615
1 4614
1 4611
1 4610
1 4607
1 4606
1 4603
1 4602
1 4599
1 4598
1 4595
1 4594
1 4591
1 4590
1 4587
1 4586
1 4583
1 4582
1 4579
1 4578
1 4575
1 4574
1 4571
1 4570
1 4567
1 4566
1 4563
1 4562
1 4559
1 4558
1 4555
1 4554
1 4551
1 4550
1 4547
1 4546
1 4543
1 4542
1 4539
1 4538
1 4535
1 4534
1 4531
1 4530
1 4527
1 4526
1 4523
1 4522
1 4519
1 4518
1 4515
1 4514
1 4511
1 4510
1 4507
1 4506
1 4503
1 4502
1 4499
1 4498
1 4495
1 4494
1 4491
1 4490
1 4487
1 4486
1 4483
1 4482
1 4479
1 4478
1 4475
1 4474
1 4471
1 4470
1 4467
1 4466
1 4463
1 4462
1 4459
1 4458
1 4455
1 4454
1 4451
1 4450
1 4447
1 4446
1 4443
1 4442
1 4439
1 4438
1 4435
1 4434
1 4431
1 4430
1 4427
1 4426
1 4423
1 4422
1 4419
1 4418
1 4415
1 4414
1 4411
1 4410
1 4407
1 4406
1 4403
1 4402
1 4399
1 4398
1 4395
1 4394
1 4391
1 4390
1 4387
1 4386
1 4383
1 4382
1 4379
1 4378
1 4375
1 4374
1 4371
1 4370
1 4367
1 4366
1 4363
1 4362
1 4359
1 4358
1 4355
1 4354
1 4351
1 4350
1 4347
1 4346
1 4343
1 4342
1 4339
1 4338
1 4335
1 4334
1 4331
1 4330
1 4327
1 4326
1 4323
1 4322
1 4319
1 4318
1 4315
1 4314
1 4311
1 4310
1 4307
1 4306
1 4303
1 4302
1 4299
1 4298
1 4295
1 4294
1 4291
1 4290
1 4287
1 4286
1 4283
1 4282
1 4279
1 4278
1 4275
1 4274
1 4271
1 4270
1 4267
1 4266
1 4263
1 4262
1 4259
1 4258
1 4255
1 4254
1 4251
1 4250
1 4247
1 4246
1 4243
1 4242
1 4239
1 4238
1 4235
1 4234
1 4231
1 4230
1 4227
1 4226
1 4223
1 4222
1 4219
1 4218
1 4215
1 4214
1 4211
1 4210
1 4207
1 4206
1 4203
1 4202
1 4199
1 4198
1 4195
1 4194
1 4191
1 4190
1 4187
1 4186
1 4183
1 4182
1 4179
1 4178
1 4175
1 4174
1 4171
1 4170
1 4167
1 4166
1 4163
1 4162
1 4159
1 4158
1 4155
1 4154
1 4151
1 4150
1 4147
1 4146
1 4143
1 4142
1 4139
1 4138
1 4135
1 4134
1 4131
1 4130
1 4127
1 4126
1 4123
1 4122
1 4119
1 4118
1 4115
1 4114
1 4111
1 4110
1 4107
1 4106
1 4103
1 4102
1 4099
1 4098
1 4095
1 4094
1 4091
1 4090
1 4087
1 4086
1 4083
1 4082
1 4079
1 4078
1 4075
1 4074
1 4071
1 4070
1 4067
1 4066
1 4063
1 4062
1 4059
1 4058
1 4055
1 4054
1 4051
1 4050
1 4047
1 4046
1 4043
1 4042
1 4039
1 4038
1 4035
1 4034
1 4031
1 4030
1 4027
1 4026
1 4023
1 4022
1 4019
1 4018
1 4015
1 4014
1 4011
1 4010
1 4007
1 4006
1 4003
1 4002
1 3999
1 3998
1 3995
1 3994
1 3991
1 3990
1 3987
1 3986
1 3983
1 3982
1 3979
1 3978
1 3975
1 3974
1 3971
1 3970
1 3967
1 3966
1 3963
1 3962
1 3959
1 3958
1 3955
1 3954
1 3951
1 3950
1 3947
1 3946
1 3943
1 3942
1 3939
1 3938
1 3935
1 3934
1 3931
1 3930
1 3927
1 3926
1 3923
1 3922
1 3919
1 3918
1 3915
1 3914
1 3911
1 3910
1 3907
1 3906
1 3903
1 3902
1 3899
1 3898
1 3895
1 3894
1 3891
1 3890
1 3887
1 3886
1 3883
1 3882
1 3879
1 3878
1 3875
1 3874
1 3871
1 3870
1 3867
1 3866
1 3863
1 3862
1 3859
1 3858
1 3855
1 3854
1 3851
1 3850
1 3847
1 3846
1 3843
1 3842
1 3839
1 3838
1 3835
1 3834
1 3831
1 3830
1 3827
1 3826
1 3823
1 3822
1 3819
1 3818
1 3815
1 3814
1 3811
1 3810
1 3807
1 3806
1 3803
1 3802
1 3799
1 3798
1 3795
1 3794
1 3791
1 3790
1 3787
1 3786
1 3783
1 3782
1 3779
1 3778
1 3775
1 3774
1 3771
1 3770
1 3767
1 3766
1 3763
1 3762
1 3759
1 3758
1 3755
1 3754
1 3751
1 3750
1 3747
1 3746
1 3743
1 3742
1 3739
1 3738
1 3735
1 3734
1 3731
1 3730
1 3727
1 3726
1 3723
1 3722
1 3719
1 3718
1 3715
1 3714
1 3711
1 3710
1 3707
1 3706
1 3703
1 3702
1 3699
1 3698
1 3695
1 3694
1 3691
1 3690
1 3687
1 3686
1 3683
1 3682
1 3679
1 3678
1 3675
1 3674
1 3671
1 3670
1 3667
1 3666
1 3663
1 3662
1 3659
1 3658
1 3655
1 3654
1 3651
1 3650
1 3647
1 3646
1 3643
1 3642
1 3639
1 3638
1 3635
1 3634
1 3631
1 3630
1 3627
1 3626
1 3623
1 3622
1 3619
1 3618
1 3615
1 3614
1 3611
1 3610
1 3607
1 3606
1 3603
1 3602
1 3599
1 3598
1 3595
1 3594
1 3591
1 3590
1 3587
1 3586
1 3583
1 3582
1 3579
1 3578
1 3575
1 3574
1 3571
1 3570
1 3567
1 3566
1 3563
1 3562
1 3559
1 3558
1 3555
1 3554
1 3551
1 3550
1 3547
1 3546
1 3543
1 3542
1 3539
1 3538
1 3535
1 3534
1 3531
1 3530
1 3527
1 3526
1 3523
1 3522
1 3519
1 3518
1 3515
1 3514
1 3511
1 3510
1 3507
1 3506
1 3503
1 3502
1 3499
1 3498
1 3495
1 3494
1 3491
1 3490
1 3487
1 3486
1 3483
1 3482
1 3479
1 3478
1 3475
1 3474
1 3471
1 3470
1 3467
1 3466
1 3463
1 3462
1 3459
1 3458
1 3455
1 3454
1 3451
1 3450
1 3447
1 3446
1 3443
1 3442
1 3439
1 3438
1 3435
1 3434
1 3431
1 3430
1 3427
1 3426
1 3423
1 3422
1 3419
1 3418
1 3415
1 3414
1 3411
1 3410
1 3407
1 3406
1 3403
1 3402
1 3399
1 3398
1 3395
1 3394
1 3391
1 3390
1 3387
1 3386
1 3383
1 3382
1 3379
1 3378
1 3375
1 3374
1 3371
1 3370
1 3367
1 3366
1 3363
1 3362
1 3359
1 3358
1 3355
1 3354
1 3351
1 3350
1 3347
1 3346
1 3343
1 3342
1 3339
1 3338
1 3335
1 3334
1 3331
1 3330
1 3327
1 3326
1 3323
1 3322
1 3319
1 3318
1 3315
1 3314
1 3311
1 3310
1 3307
1 3306
1 3303
1 3302
1 3299
1 3298
1 3295
1 3294
1 3291
1 3290
1 3287
1 3286
1 3283
1 3282
1 3279
1 3278
1 3275
1 3274
1 3271
1 3270
1 3267
1 3266
1 3263
1 3262
1 3259
1 3258
1 3255
1 3254
1 3251
1 3250
1 3247
1 3246
1 3243
1 3242
1 3239
1 3238
1 3235
1 3234
1 3231
1 3230
1 3227
1 3226
1 3223
1 3222
1 3219
1 3218
1 3215
1 3214
1 3211
1 3210
1 3207
1 3206
1 3203
1 3202
1 3199
1 3198
1 3195
1 3194
1 3191
1 3190
1 3187
1 3186
1 3183
1 3182
1 3179
1 3178
1 3175
1 3174
1 3171
1 3170
1 3167
1 3166
1 3163
1 3162
1 3159
1 3158
1 3155
1 3154
1 3151
1 3150
1 3147
1 3146
1 3143
1 3142
1 3139
1 3138
1 3135
1 3134
1 3131
1 3130
1 3127
1 3126
1 3123
1 3122
1 3119
1 3118
1 3115
1 3114
1 3111
1 3110
1 3107
1 3106
1 3103
1 3102
1 3099
1 3098
1 3095
1 3094
1 3091
1 3090
1 3087
1 3086
1 3083
1 3082
1 3079
1 3078
1 3075
1 3074
1 3071
1 3070
1 3067
1 3066
1 3063
1 3062
1 3059
1 3058
1 3055
1 3054
1 3051
1 3050
1 3047
1 3046
1 3043
1 3042
1 3039
1 3038
1 3035
1 3034
1 3031
1 3030
1 3027
1 3026
1 3023
1 3022
1 3019
1 3018
1 3015
1 3014
1 3011
1 3010
1 3007
1 3006
1 3003
1 3002
1 2999
1 2998
1 2995
1 2994
1 2991
1 2990
1 2987
1 2986
1 2983
1 2982
1 2979
1 2978
1 2975
1 2974
1 2971
1 2970
1 2967
1 2966
1 2963
1 2962
1 2959
1 2958
1 2955
1 2954
1 2951
1 2950
1 2947
1 2946
1 2943
1 2942
1 2939
1 2938
1 2935
1 2934
1 2931
1 2930
1 2927
1 2926
1 2923
1 2922
1 2919
1 2918
1 2915
1 2914
1 2911
1 2910
1 2907
1 2906
1 2903
1 2902
1 2899
1 2898
1 2895
1 2894
1 2891
1 2890
1 2887
1 2886
1 2883
1 2882
1 2879
1 2878
1 2875
1 2874
1 2871
1 2870
1 2867
1 2866
1 2863
1 2862
1 2859
1 2858
1 2855
1 2854
1 2851
1 2850
1 2847
1 2846
1 2843
1 2842
1 2839
1 2838
1 2835
1 2834
1 2831
1 2830
1 2827
1 2826
1 2823
1 2822
1 2819
1 2818
1 2815
1 2814
1 2811
1 2810
1 2807
1 2806
1 2803
1 2802
1 2799
1 2798
1 2795
1 2794
1 2791
1 2790
1 2787
1 2786
1 2783
1 2782
1 2779
1 2778
1 2775
1 2774
1 2771
1 2770
1 2767
1 2766
1 2763
1 2762
1 2759
1 2758
1 2755
1 2754
1 2751
1 2750
1 2747
1 2746
1 2743
1 2742
1 2739
1 2738
1 2735
1 2734
1 2731
1 2730
1 2727
1 2726
1 2723
1 2722
1 2719
1 2718
1 2715
1 2714
1 2711
1 2710
1 2707
1 2706
1 2703
1 2702
1 2699
1 2698
1 2695
1 2694
1 2691
1 2690
1 2687
1 2686
1 2683
1 2682
1 2679
1 2678
1 2675
1 2674
1 2671
1 2670
1 2667
1 2666
1 2663
1 2662
1 2659
1 2658
1 2655
1 2654
1 2651
1 2650
1 2647
1 2646
1 2643
1 2642
1 2639
1 2638
1 2635
1 2634
1 2631
1 2630
1 2627
1 2626
1 2623
1 2622
1 2619
1 2618
1 2615
1 2614
1 2611
1 2610
1 2607
1 2606
1 2603
1 2602
1 2599
1 2598
1 2595
1 2594
1 2591
1 2590
1 2587
1 2586
1 2583
1 2582
1 2579
1 2578
1 2575
1 2574
1 2571
1 2570
1 2567
1 2566
1 2563
1 2562
1 2559
1 2558
1 2555
1 2554
1 2551
1 2550
1 2547
1 2546
1 2543
1 2542
1 2539
1 2538
1 2535
1 2534
1 2531
1 2530
1 2527
1 2526
1 2523
1 2522
1 2519
1 2518
1 2515
1 2514
1 2511
1 2510
1 2507
1 2506
1 2503
1 2502
1 2499
1 2498
1 2495
1 2494
1 2491
1 2490
1 2487
1 2486
1 2483
1 2482
1 2479
1 2478
1 2475
1 2474
1 2471
1 2470
1 2467
1 2466
1 2463
1 2462
1 2459
1 2458
1 2455
1 2454
1 2451
1 2450
1 2447
1 2446
1 2443
1 2442
1 2439
1 2438
1 2435
1 2434
1 2431
1 2430
1 2427
1 2426
1 2423
1 2422
1 2419
1 2418
1 2415
1 2414
1 2411
1 2410
1 2407
1 2406
1 2403
1 2402
1 2399
1 2398
1 2395
1 2394
1 2391
1 2390
1 2387
1 2386
1 2383
1 2382
1 2379
1 2378
1 2375
1 2374
1 2371
1 2370
1 2367
1 2366
1 2363
1 2362
1 2359
1 2358
1 2355
1 2354
1 2351
1 2350
1 2347
1 2346
1 2343
1 2342
1 2339
1 2338
1 2335
1 2334
1 2331
1 2330
1 2327
1 2326
1 2323
1 2322
1 2319
1 2318
1 2315
1 2314
1 2311
1 2310
1 2307
1 2306
1 2303
1 2302
1 2299
1 2298
1 2295
1 2294
1 2291
1 2290
1 2287
1 2286
1 2283
1 2282
1 2279
1 2278
1 2275
1 2274
1 2271
1 2270
1 2267
1 2266
1 2263
1 2262
1 2259
1 2258
1 2255
1 2254
1 2251
1 2250
1 2247
1 2246
1 2243
1 2242
1 2239
1 2238
1 2235
1 2234
1 2231
1 2230
1 2227
1 2226
1 2223
1 2222
1 2219
1 2218
1 2215
1 2214
1 2211
1 2210
1 2207
1 2206
1 2203
1 2202
1 2199
1 2198
1 2195
1 2194
1 2191
1 2190
1 2187
1 2186
1 2183
1 2182
1 2179
1 2178
1 2175
1 2174
1 2171
1 2170
1 2167
1 2166
1 2163
1 2162
1 2159
1 2158
1 2155
1 2154
1 2151
1 2150
1 2147
1 2146
1 2143
1 2142
1 2139
1 2138
1 2135
1 2134
1 2131
1 2130
1 2127
1 2126
1 2123
1 2122
1 2119
1 2118
1 2115
1 2114
1 2111
1 2110
1 2107
1 2106
1 2103
1 2102
1 2099
1 2098
1 2095
1 2094
1 2091
1 2090
1 2087
1 2086
1 2083
1 2082
1 2079
1 2078
1 2075
1 2074
1 2071
1 2070
1 2067
1 2066
1 2063
1 2062
1 2059
1 2058
1 2055
1 2054
1 2051
1 2050
1 2047
1 2046
1 2043
1 2042
1 2039
1 2038
1 2035
1 2034
1 2031
1 2030
1 2027
1 2026
1 2023
1 2022
1 2019
1 2018
1 2015
1 2014
1 2011
1 2010
1 2007
1 2006
1 2003
1 2002
1 1999
1 1998
1 1995
1 1994
1 1991
1 1990
1 1987
1 1986
1 1983
1 1982
1 1979
1 1978
1 1975
1 1974
1 1971
1 1970
1 1967
1 1966
1 1963
1 1962
1 1959
1 1958
1 1955
1 1954
1 1951
1 1950
1 1947
1 1946
1 1943
1 1942
1 1939
1 1938
1 1935
1 1934
1 1931
1 1930
1 1927
1 1926
1 1923
1 1922
1 1919
1 1918
1 1915
1 1914
1 1911
1 1910
1 1907
1 1906
1 1903
1 1902
1 1899
1 1898
1 1895
1 1894
1 1891
1 1890
1 1887
1 1886
1 1883
1 1882
1 1879
1 1878
1 1875
1 1874
1 1871
1 1870
1 1867
1 1866
1 1863
1 1862
1 1859
1 1858
1 1855
1 1854
1 1851
1 1850
1 1847
1 1846
1 1843
1 1842
1 1839
1 1838
1 1835
1 1834
1 1831
1 1830
1 1827
1 1826
1 1823
1 1822
1 1819
1 1818
1 1815
1 1814
1 1811
1 1810
1 1807
1 1806
1 1803
1 1802
1 1799
1 1798
1 1795
1 1794
1 1791
1 1790
1 1787
1 1786
1 1783
1 1782
1 1779
1 1778
1 1775
1 1774
1 1771
1 1770
1 1767
1 1766
1 1763
1 1762
1 1759
1 1758
1 1755
1 1754
1 1751
1 1750
1 1747
1 1746
1 1743
1 1742
1 1739
1 1738
1 1735
1 1734
1 1731
1 1730
1 1727
1 1726
1 1723
1 1722
1 1719
1 1718
1 1715
1 1714
1 1711
1 1710
1 1707
1 1706
1 1703
1 1702
1 1699
1 1698
1 1695
1 1694
1 1691
1 1690
1 1687
1 1686
1 1683
1 1682
1 1679
1 1678
1 1675
1 1674
1 1671
1 1670
1 1667
1 1666
1 1663
1 1662
1 1659
1 1658
1 1655
1 1654
1 1651
1 1650
1 1647
1 1646
1 1643
1 1642
1 1639
1 1638
1 1635
1 1634
1 1631
1 1630
1 1627
1 1626
1 1623
1 1622
1 1619
1 1618
1 1615
1 1614
1 1611
1 1610
1 1607
1 1606
1 1603
1 1602
1 1599
1 1598
1 1595
1 1594
1 1591
1 1590
1 1587
1 1586
1 1583
1 1582
1 1579
1 1578
1 1575
1 1574
1 1571
1 1570
1 1567
1 1566
1 1563
1 1562
1 1559
1 1558
1 1555
1 1554
1 1551
1 1550
1 1547
1 1546
1 1543
1 1542
1 1539
1 1538
1 1535
1 1534
1 1531
1 1530
1 1527
1 1526
1 1523
1 1522
1 1519
1 1518
1 1515
1 1514
1 1511
1 1510
1 1507
1 1506
1 1503
1 1502
1 1499
1 1498
1 1495
1 1494
1 1491
1 1490
1 1487
1 1486
1 1483
1 1482
1 1479
1 1478
1 1475
1 1474
1 1471
1 1470
1 1467
1 1466
1 1463
1 1462
1 1459
1 1458
1 1455
1 1454
1 1451
1 1450
1 1447
1 1446
1 1443
1 1442
1 1439
1 1438
1 1435
1 1434
1 1431
1 1430
1 1427
1 1426
1 1423
1 1422
1 1419
1 1418
1 1415
1 1414
1 1411
1 1410
1 1407
1 1406
1 1403
1 1402
1 1399
1 1398
1 1395
1 1394
1 1391
1 1390
1 1387
1 1386
1 1383
1 1382
1 1379
1 1378
1 1375
1 1374
1 1371
1 1370
1 1367
1 1366
1 1363
1 1362
1 1359
1 1358
1 1355
1 1354
1 1351
1 1350
1 1347
1 1346
1 1343
1 1342
1 1339
1 1338
1 1335
1 1334
1 1331
1 1330
1 1327
1 1326
1 1323
1 1322
1 1319
1 1318
1 1315
1 1314
1 1311
1 1310
1 1307
1 1306
1 1303
1 1302
1 1299
1 1298
1 1295
1 1294
1 1291
1 1290
1 1287
1 1286
1 1283
1 1282
1 1279
1 1278
1 1275
1 1274
1 1271
1 1270
1 1267
1 1266
1 1263
1 1262
1 1259
1 1258
1 1255
1 1254
1 1251
1 1250
1 1247
1 1246
1 1243
1 1242
1 1239
1 1238
1 1235
1 1234
1 1231
1 1230
1 1227
1 1226
1 1223
1 1222
1 1219
1 1218
1 1215
1 1214
1 1211
1 1210
1 1207
1 1206
1 1203
1 1202
1 1199
1 1198
1 1195
1 1194
1 1191
1 1190
1 1187
1 1186
1 1183
1 1182
1 1179
1 1178
1 1175
1 1174
1 1171
1 1170
1 1167
1 1166
1 1163
1 1162
1 1159
1 1158
1 1155
1 1154
1 1151
1 1150
1 1147
1 1146
1 1143
1 1142
1 1139
1 1138
1 1135
1 1134
1 1131
1 1130
1 1127
1 1126
1 1123
1 1122
1 1119
1 1118
1 1115
1 1114
1 1111
1 1110
1 1107
1 1106
1 1103
1 1102
1 1099
1 1098
1 1095
1 1094
1 1091
1 1090
1 1087
1 1086
1 1083
1 1082
1 1079
1 1078
1 1075
1 1074
1 1071
1 1070
1 1067
1 1066
1 1063
1 1062
1 1059
1 1058
1 1055
1 1054
1 1051
1 1050
1 1047
1 1046
1 1043
1 1042
1 1039
1 1038
1 1035
1 1034
1 1031
1 1030
1 1027
1 1026
1 1023
1 1022
1 1019
1 1018
1 1015
1 1014
1 1011
1 1010
1 1007
1 1006
1 1003
1 1002
1 999
1 998
1 995
1 994
1 991
1 990
1 987
1 986
1 983
1 982
1 979
1 978
1 975
1 974
1 971
1 970
1 967
1 966
1 963
1 962
1 959
1 958
1 955
1 954
1 951
1 950
1 947
1 946
1 943
1 942
1 939
1 938
1 935
1 934
1 931
1 930
1 927
1 926
1 923
1 922
1 919
1 918
1 915
1 914
1 911
1 910
1 907
1 906
1 903
1 902
1 899
1 898
1 895
1 894
1 891
1 890
1 887
1 886
1 883
1 882
1 879
1 878
1 875
1 874
1 871
1 870
1 867
1 866
1 863
1 862
1 859
1 858
1 855
1 854
1 851
1 850
1 847
1 846
1 843
1 842
1 839
1 838
1 835
1 834
1 831
1 830
1 827
1 826
1 823
1 822
1 819
1 818
1 815
1 814
1 811
1 810
1 807
1 806
1 803
1 802
1 799
1 798
1 795
1 794
1 791
1 790
1 787
1 786
1 783
1 782
1 779
1 778
1 775
1 774
1 771
1 770
1 767
1 766
1 763
1 762
1 759
1 758
1 755
1 754
1 751
1 750
1 747
1 746
1 743
1 742
1 739
1 738
1 735
1 734
1 731
1 730
1 727
1 726
1 723
1 722
1 719
1 718
1 715
1 714
1 711
1 710
1 707
1 706
1 703
1 702
1 699
1 698
1 695
1 694
1 691
1 690
1 687
1 686
1 683
1 682
1 679
1 678
1 675
1 674
1 671
1 670
1 667
1 666
1 663
1 662
1 659
1 658
1 655
1 654
1 651
1 650
1 647
1 646
1 643
1 642
1 639
1 638
1 635
1 634
1 631
1 630
1 627
1 626
1 623
1 622
1 619
1 618
1 615
1 614
1 611
1 610
1 607
1 606
1 603
1 602
1 599
1 598
1 595
1 594
1 591
1 590
1 587
1 586
1 583
1 582
1 579
1 578
1 575
1 574
1 571
1 570
1 567
1 566
1 563
1 562
1 559
1 558
1 555
1 554
1 551
1 550
1 547
1 546
1 543
1 542
1 539
1 538
1 535
1 534
1 531
1 530
1 527
1 526
1 523
1 522
1 519
1 518
1 515
1 514
1 511
1 510
1 507
1 506
1 503
1 502
1 499
1 498
1 495
1 494
1 491
1 490
1 487
1 486
1 483
1 482
1 479
1 478
1 475
1 474
1 471
1 470
1 467
1 466
1 463
1 462
1 459
1 458
1 455
1 454
1 451
1 450
1 447
1 446
1 443
1 442
1 439
1 438
1 435
1 434
1 431
1 430
1 427
1 426
1 423
1 422
1 419
1 418
1 415
1 414
1 411
1 410
1 407
1 406
1 403
1 402
1 399
1 398
1 395
1 394
1 391
1 390
1 387
1 386
1 383
1 382
1 379
1 378
1 375
1 374
1 371
1 370
1 367
1 366
1 363
1 362
1 359
1 358
1 355
1 354
1 351
1 350
1 347
1 346
1 343
1 342
1 339
1 338
1 335
1 334
1 331
1 330
1 327
1 326
1 323
1 322
1 319
1 318
1 315
1 314
1 311
1 310
1 307
1 306
1 303
1 302
1 299
1 298
1 295
1 294
1 291
1 290
1 287
1 286
1 283
1 282
1 279
1 278
1 275
1 274
1 271
1 270
1 267
1 266
1 263
1 262
1 259
1 258
1 255
1 254
1 251
1 250
1 247
1 246
1 243
1 242
1 239
1 238
1 235
1 234
1 231
1 230
1 227
1 226
1 223
1 222
1 219
1 218
1 215
1 214
1 211
1 210
1 207
1 206
1 203
1 202
1 199
1 198
1 195
1 194
1 191
1 190
1 187
1 186
1 183
1 182
1 179
1 178
1 175
1 174
1 171
1 170
1 167
1 166
1 163
1 162
1 159
1 158
1 155
1 154
1 151
1 150
1 147
1 146
1 143
1 142
1 139
1 138
1 135
1 134
1 131
1 130
1 127
1 126
1 123
1 122
1 119
1 118
1 115
1 114
1 111
1 110
1 107
1 106
1 103
1 102
1 99
1 98
1 95
1 94
1 91
1 90
1 87
1 86
1 83
1 82
1 79
1 78
1 75
1 74
1 71
1 70
1 67
1 66
1 63
1 62
1 59
1 58
1 55
1 54
1 51
1 50
1 47
1 46
1 43
1 42
1 39
1 38
1 35
1 34
1 31
1 30
1 27
1 26
1 23
1 22
1 19
1 18
1 15
1 14
1 11
1 10
1 7
1 6
1 3
1 2
2 6000
2 5997
2 5996
2 5993
2 5992
2 5989
2 5988
2 5985
2 5984
2 5981
2 5980
2 5977
2 5976
2 5973
2 5972
2 5969
2 5968
2 5965
2 5964
2 5961
2 5960
2 5957
2 5956
2 5953
2 5952
2 5949
2 5948
2 5945
2 5944
2 5941
2 5940
2 5937
2 5936
2 5933
2 5932
2 5929
2 5928
2 5925
2 5924
2 5921
2 5920
2 5917
2 5916
2 5913
2 5912
2 5909
2 5908
2 5905
2 5904
2 5901
2 5900
2 5897
2 5896
2 5893
2 5892
2 5889
2 5888
2 5885
2 5884
2 5881
2 5880
2 5877
2 5876
2 5873
2 5872
2 5869
2 5868
2 5865
2 5864
2 5861
2 5860
2 5857
2 5856
2 5853
2 5852
2 5849
2 5848
2 5845
2 5844
2 5841
2 5840
2 5837
2 5836
2 5833
2 5832
2 5829
2 5828
2 5825
2 5824
2 5821
2 5820
2 5817
2 5816
2 5813
2 5812
2 5809
2 5808
2 5805
2 5804
2 5801
2 5800
2 5797
2 5796
2 5793
2 5792
2 5789
2 5788
2 5785
2 5784
2 5781
2 5780
2 5777
2 5776
2 5773
2 5772
2 5769
2 5768
2 5765
2 5764
2 5761
2 5760
2 5757
2 5756
2 5753
2 5752
2 5749
2 5748
2 5745
2 5744
2 5741
2 5740
2 5737
2 5736
2 5733
2 5732
2 5729
2 5728
2 5725
2 5724
2 5721
2 5720
2 5717
2 5716
2 5713
2 5712
2 5709
2 5708
2 5705
2 5704
2 5701
2 5700
2 5697
2 5696
2 5693
2 5692
2 5689
2 5688
2 5685
2 5684
2 5681
2 5680
2 5677
2 5676
2 5673
2 5672
2 5669
2 5668
2 5665
2 5664
2 5661
2 5660
2 5657
2 5656
2 5653
2 5652
2 5649
2 5648
2 5645
2 5644
2 5641
2 5640
2 5637
2 5636
2 5633
2 5632
2 5629
2 5628
2 5625
2 5624
2 5621
2 5620
2 5617
2 5616
2 5613
2 5612
2 5609
2 5608
2 5605
2 5604
2 5601
2 5600
2 5597
2 5596
2 5593
2 5592
2 5589
2 5588
2 5585
2 5584
2 5581
2 5580
2 5577
2 5576
2 5573
2 5572
2 5569
2 5568
2 5565
2 5564
2 5561
2 5560
2 5557
2 5556
2 5553
2 5552
2 5549
2 5548
2 5545
2 5544
2 5541
2 5540
2 5537
2 5536
2 5533
2 5532
2 5529
2 5528
2 5525
2 5524
2 5521
2 5520
2 5517
2 5516
2 5513
2 5512
2 5509
2 5508
2 5505
2 5504
2 5501
2 5500
2 5497
2 5496
2 5493
2 5492
2 5489
2 5488
2 5485
2 5484
2 5481
2 5480
2 5477
2 5476
2 5473
2 5472
2 5469
2 5468
2 5465
2 5464
2 5461
2 5460
2 5457
2 5456
2 5453
2 5452
2 5449
2 5448
2 5445
2 5444
2 5441
2 5440
2 5437
2 5436
2 5433
2 5432
2 5429
2 5428
2 5425
2 5424
2 5421
2 5420
2 5417
2 5416
2 5413
2 5412
2 5409
2 5408
2 5405
2 5404
2 5401
2 5400
2 5397
2 5396
2 5393
2 5392
2 5389
2 5388
2 5385
2 5384
2 5381
2 5380
2 5377
2 5376
2 5373
2 5372
2 5369
2 5368
2 5365
2 5364
2 5361
2 5360
2 5357
2 5356
2 5353
2 5352
2 5349
2 5348
2 5345
2 5344
2 5341
2 5340
2 5337
2 5336
2 5333
2 5332
2 5329
2 5328
2 5325
2 5324
2 5321
2 5320
2 5317
2 5316
2 5313
2 5312
2 5309
2 5308
2 5305
2 5304
2 5301
2 5300
2 5297
2 5296
2 5293
2 5292
2 5289
2 5288
2 5285
2 5284
2 5281
2 5280
2 5277
2 5276
2 5273
2 5272
2 5269
2 5268
2 5265
2 5264
2 5261
2 5260
2 5257
2 5256
2 5253
2 5252
2 5249
2 5248
2 5245
2 5244
2 5241
2 5240
2 5237
2 5236
2 5233
2 5232
2 5229
2 5228
2 5225
2 5224
2 5221
2 5220
2 5217
2 5216
2 5213
2 5212
2 5209
2 5208
2 5205
2 5204
2 5201
2 5200
2 5197
2 5196
2 5193
2 5192
2 5189
2 5188
2 5185
2 5184
2 5181
2 5180
2 5177
2 5176
2 5173
2 5172
2 5169
2 5168
2 5165
2 5164
2 5161
2 5160
2 5157
2 5156
2 5153
2 5152
2 5149
2 5148
2 5145
2 5144
2 5141
2 5140
2 5137
2 5136
2 5133
2 5132
2 5129
2 5128
2 5125
2 5124
2 5121
2 5120
2 5117
2 5116
2 5113
2 5112
2 5109
2 5108
2 5105
2 5104
2 5101
2 5100
2 5097
2 5096
2 5093
2 5092
2 5089
2 5088
2 5085
2 5084
2 5081
2 5080
2 5077
2 5076
2 5073
2 5072
2 5069
2 5068
2 5065
2 5064
2 5061
2 5060
2 5057
2 5056
2 5053
2 5052
2 5049
2 5048
2 5045
2 5044
2 5041
2 5040
2 5037
2 5036
2 5033
2 5032
2 5029
2 5028
2 5025
2 5024
2 5021
2 5020
2 5017
2 5016
2 5013
2 5012
2 5009
2 5008
2 5005
2 5004
2 5001
2 5000
2 4997
2 4996
2 4993
2 4992
2 4989
2 4988
2 4985
2 4984
2 4981
2 4980
2 4977
2 4976
2 4973
2 4972
2 4969
2 4968
2 4965
2 4964
2 4961
2 4960
2 4957
2 4956
2 4953
2 4952
2 4949
2 4948
2 4945
2 4944
2 4941
2 4940
2 4937
2 4936
2 4933
2 4932
2 4929
2 4928
2 4925
2 4924
2 4921
2 4920
2 4917
2 4916
2 4913
2 4912
2 4909
2 4908
2 4905
2 4904
2 4901
2 4900
2 4897
2 4896
2 4893
2 4892
2 4889
2 4888
2 4885
2 4884
2 4881
2 4880
2 4877
2 4876
2 4873
2 4872
2 4869
2 4868
2 4865
2 4864
2 4861
2 4860
2 4857
2 4856
2 4853
2 4852
2 4849
2 4848
2 4845
2 4844
2 4841
2 4840
2 4837
2 4836
2 4833
2 4832
2 4829
2 4828
2 4825
2 4824
2 4821
2 4820
2 4817
2 4816
2 4813
2 4812
2 4809
2 4808
2 4805
2 4804
2 4801
2 4800
2 4797
2 4796
2 4793
2 4792
2 4789
2 4788
2 4785
2 4784
2 4781
2 4780
2 4777
2 4776
2 4773
2 4772
2 4769
2 4768
2 4765
2 4764
2 4761
2 4760
2 4757
2 4756
2 4753
2 4752
2 4749
2 4748
2 4745
2 4744
2 4741
2 4740
2 4737
2 4736
2 4733
2 4732
2 4729
2 4728
2 4725
2 4724
2 4721
2 4720
2 4717
2 4716
2 4713
2 4712
2 4709
2 4708
2 4705
2 4704
2 4701
2 4700
2 4697
2 4696
2 4693
2 4692
2 4689
2 4688
2 4685
2 4684
2 4681
2 4680
2 4677
2 4676
2 4673
2 4672
2 4669
2 4668
2 4665
2 4664
2 4661
2 4660
2 4657
2 4656
2 4653
2 4652
2 4649
2 4648
2 4645
2 4644
2 4641
2 4640
2 4637
2 4636
2 4633
2 4632
2 4629
2 4628
2 4625
2 4624
2 4621
2 4620
2 4617
2 4616
2 4613
2 4612
2 4609
2 4608
2 4605
2 4604
2 4601
2 4600
2 4597
2 4596
2 4593
2 4592
2 4589
2 4588
2 4585
2 4584
2 4581
2 4580
2 4577
2 4576
2 4573
2 4572
2 4569
2 4568
2 4565
2 4564
2 4561
2 4560
2 4557
2 4556
2 4553
2 4552
2 4549
2 4548
2 4545
2 4544
2 4541
2 4540
2 4537
2 4536
2 4533
2 4532
2 4529
2 4528
2 4525
2 4524
2 4521
2 4520
2 4517
2 4516
2 4513
2 4512
2 4509
2 4508
2 4505
2 4504
2 4501
2 4500
2 4497
2 4496
2 4493
2 4492
2 4489
2 4488
2 4485
2 4484
2 4481
2 4480
2 4477
2 4476
2 4473
2 4472
2 4469
2 4468
2 4465
2 4464
2 4461
2 4460
2 4457
2 4456
2 4453
2 4452
2 4449
2 4448
2 4445
2 4444
2 4441
2 4440
2 4437
2 4436
2 4433
2 4432
2 4429
2 4428
2 4425
2 4424
2 4421
2 4420
2 4417
2 4416
2 4413
2 4412
2 4409
2 4408
2 4405
2 4404
2 4401
2 4400
2 4397
2 4396
2 4393
2 4392
2 4389
2 4388
2 4385
2 4384
2 4381
2 4380
2 4377
2 4376
2 4373
2 4372
2 4369
2 4368
2 4365
2 4364
2 4361
2 4360
2 4357
2 4356
2 4353
2 4352
2 4349
2 4348
2 4345
2 4344
2 4341
2 4340
2 4337
2 4336
2 4333
2 4332
2 4329
2 4328
2 4325
2 4324
2 4321
2 4320
2 4317
2 4316
2 4313
2 4312
2 4309
2 4308
2 4305
2 4304
2 4301
2 4300
2 4297
2 4296
2 4293
2 4292
2 4289
2 4288
2 4285
2 4284
2 4281
2 4280
2 4277
2 4276
2 4273
2 4272
2 4269
2 4268
2 4265
2 4264
2 4261
2 4260
2 4257
2 4256
2 4253
2 4252
2 4249
2 4248
2 4245
2 4244
2 4241
2 4240
2 4237
2 4236
2 4233
2 4232
2 4229
2 4228
2 4225
2 4224
2 4221
2 4220
2 4217
2 4216
2 4213
2 4212
2 4209
2 4208
2 4205
2 4204
2 4201
2 4200
2 4197
2 4196
2 4193
2 4192
2 4189
2 4188
2 4185
2 4184
2 4181
2 4180
2 4177
2 4176
2 4173
2 4172
2 4169
2 4168
2 4165
2 4164
2 4161
2 4160
2 4157
2 4156
2 4153
2 4152
2 4149
2 4148
2 4145
2 4144
2 4141
2 4140
2 4137
2 4136
2 4133
2 4132
2 4129
2 4128
2 4125
2 4124
2 4121
2 4120
2 4117
2 4116
2 4113
2 4112
2 4109
2 4108
2 4105
2 4104
2 4101
2 4100
2 4097
2 4096
2 4093
2 4092
2 4089
2 4088
2 4085
2 4084
2 4081
2 4080
2 4077
2 4076
2 4073
2 4072
2 4069
2 4068
2 4065
2 4064
2 4061
2 4060
2 4057
2 4056
2 4053
2 4052
2 4049
2 4048
2 4045
2 4044
2 4041
2 4040
2 4037
2 4036
2 4033
2 4032
2 4029
2 4028
2 4025
2 4024
2 4021
2 4020
2 4017
2 4016
2 4013
2 4012
2 4009
2 4008
2 4005
2 4004
2 4001
2 4000
2 3997
2 3996
2 3993
2 3992
2 3989
2 3988
2 3985
2 3984
2 3981
2 3980
2 3977
2 3976
2 3973
2 3972
2 3969
2 3968
2 3965
2 3964
2 3961
2 3960
2 3957
2 3956
2 3953
2 3952
2 3949
2 3948
2 3945
2 3944
2 3941
2 3940
2 3937
2 3936
2 3933
2 3932
2 3929
2 3928
2 3925
2 3924
2 3921
2 3920
2 3917
2 3916
2 3913
2 3912
2 3909
2 3908
2 3905
2 3904
2 3901
2 3900
2 3897
2 3896
2 3893
2 3892
2 3889
2 3888
2 3885
2 3884
2 3881
2 3880
2 3877
2 3876
2 3873
2 3872
2 3869
2 3868
2 3865
2 3864
2 3861
2 3860
2 3857
2 3856
2 3853
2 3852
2 3849
2 3848
2 3845
2 3844
2 3841
2 3840
2 3837
2 3836
2 3833
2 3832
2 3829
2 3828
2 3825
2 3824
2 3821
2 3820
2 3817
2 3816
2 3813
2 3812
2 3809
2 3808
2 3805
2 3804
2 3801
2 3800
2 3797
2 3796
2 3793
2 3792
2 3789
2 3788
2 3785
2 3784
2 3781
2 3780
2 3777
2 3776
2 3773
2 3772
2 3769
2 3768
2 3765
2 3764
2 3761
2 3760
2 3757
2 3756
2 3753
2 3752
2 3749
2 3748
2 3745
2 3744
2 3741
2 3740
2 3737
2 3736
2 3733
2 3732
2 3729
2 3728
2 3725
2 3724
2 3721
2 3720
2 3717
2 3716
2 3713
2 3712
2 3709
2 3708
2 3705
2 3704
2 3701
2 3700
2 3697
2 3696
2 3693
2 3692
2 3689
2 3688
2 3685
2 3684
2 3681
2 3680
2 3677
2 3676
2 3673
2 3672
2 3669
2 3668
2 3665
2 3664
2 3661
2 3660
2 3657
2 3656
2 3653
2 3652
2 3649
2 3648
2 3645
2 3644
2 3641
2 3640
2 3637
2 3636
2 3633
2 3632
2 3629
2 3628
2 3625
2 3624
2 3621
2 3620
2 3617
2 3616
2 3613
2 3612
2 3609
2 3608
2 3605
2 3604
2 3601
2 3600
2 3597
2 3596
2 3593
2 3592
2 3589
2 3588
2 3585
2 3584
2 3581
2 3580
2 3577
2 3576
2 3573
2 3572
2 3569
2 3568
2 3565
2 3564
2 3561
2 3560
2 3557
2 3556
2 3553
2 3552
2 3549
2 3548
2 3545
2 3544
2 3541
2 3540
2 3537
2 3536
2 3533
2 3532
2 3529
2 3528
2 3525
2 3524
2 3521
2 3520
2 3517
2 3516
2 3513
2 3512
2 3509
2 3508
2 3505
2 3504
2 3501
2 3500
2 3497
2 3496
2 3493
2 3492
2 3489
2 3488
2 3485
2 3484
2 3481
2 3480
2 3477
2 3476
2 3473
2 3472
2 3469
2 3468
2 3465
2 3464
2 3461
2 3460
2 3457
2 3456
2 3453
2 3452
2 3449
2 3448
2 3445
2 3444
2 3441
2 3440
2 3437
2 3436
2 3433
2 3432
2 3429
2 3428
2 3425
2 3424
2 3421
2 3420
2 3417
2 3416
2 3413
2 3412
2 3409
2 3408
2 3405
2 3404
2 3401
2 3400
2 3397
2 3396
2 3393
2 3392
2 3389
2 3388
2 3385
2 3384
2 3381
2 3380
2 3377
2 3376
2 3373
2 3372
2 3369
2 3368
2 3365
2 3364
2 3361
2 3360
2 3357
2 3356
2 3353
2 3352
2 3349
2 3348
2 3345
2 3344
2 3341
2 3340
2 3337
2 3336
2 3333
2 3332
2 3329
2 3328
2 3325
2 3324
2 3321
2 3320
2 3317
2 3316
2 3313
2 3312
2 3309
2 3308
2 3305
2 3304
2 3301
2 3300
2 3297
2 3296
2 3293
2 3292
2 3289
2 3288
2 3285
2 3284
2 3281
2 3280
2 3277
2 3276
2 3273
2 3272
2 3269
2 3268
2 3265
2 3264
2 3261
2 3260
2 3257
2 3256
2 3253
2 3252
2 3249
2 3248
2 3245
2 3244
2 3241
2 3240
2 3237
2 3236
2 3233
2 3232
2 3229
2 3228
2 3225
2 3224
2 3221
2 3220
2 3217
2 3216
2 3213
2 3212
2 3209
2 3208
2 3205
2 3204
2 3201
2 3200
2 3197
2 3196
2 3193
2 3192
2 3189
2 3188
2 3185
2 3184
2 3181
2 3180
2 3177
2 3176
2 3173
2 3172
2 3169
2 3168
2 3165
2 3164
2 3161
2 3160
2 3157
2 3156
2 3153
2 3152
2 3149
2 3148
2 3145
2 3144
2 3141
2 3140
2 3137
2 3136
2 3133
2 3132
2 3129
2 3128
2 3125
2 3124
2 3121
2 3120
2 3117
2 3116
2 3113
2 3112
2 3109
2 3108
2 3105
2 3104
2 3101
2 3100
2 3097
2 3096
2 3093
2 3092
2 3089
2 3088
2 3085
2 3084
2 3081
2 3080
2 3077
2 3076
2 3073
2 3072
2 3069
2 3068
2 3065
2 3064
2 3061
2 3060
2 3057
2 3056
2 3053
2 3052
2 3049
2 3048
2 3045
2 3044
2 3041
2 3040
2 3037
2 3036
2 3033
2 3032
2 3029
2 3028
2 3025
2 3024
2 3021
2 3020
2 3017
2 3016
2 3013
2 3012
2 3009
2 3008
2 3005
2 3004
2 3001
2 3000
2 2997
2 2996
2 2993
2 2992
2 2989
2 2988
2 2985
2 2984
2 2981
2 2980
2 2977
2 2976
2 2973
2 2972
2 2969
2 2968
2 2965
2 2964
2 2961
2 2960
2 2957
2 2956
2 2953
2 2952
2 2949
2 2948
2 2945
2 2944
2 2941
2 2940
2 2937
2 2936
2 2933
2 2932
2 2929
2 2928
2 2925
2 2924
2 2921
2 2920
2 2917
2 2916
2 2913
2 2912
2 2909
2 2908
2 2905
2 2904
2 2901
2 2900
2 2897
2 2896
2 2893
2 2892
2 2889
2 2888
2 2885
2 2884
2 2881
2 2880
2 2877
2 2876
2 2873
2 2872
2 2869
2 2868
2 2865
2 2864
2 2861
2 2860
2 2857
2 2856
2 2853
2 2852
2 2849
2 2848
2 2845
2 2844
2 2841
2 2840
2 2837
2 2836
2 2833
2 2832
2 2829
2 2828
2 2825
2 2824
2 2821
2 2820
2 2817
2 2816
2 2813
2 2812
2 2809
2 2808
2 2805
2 2804
2 2801
2 2800
2 2797
2 2796
2 2793
2 2792
2 2789
2 2788
2 2785
2 2784
2 2781
2 2780
2 2777
2 2776
2 2773
2 2772
2 2769
2 2768
2 2765
2 2764
2 2761
2 2760
2 2757
2 2756
2 2753
2 2752
2 2749
2 2748
2 2745
2 2744
2 2741
2 2740
2 2737
2 2736
2 2733
2 2732
2 2729
2 2728
2 2725
2 2724
2 2721
2 2720
2 2717
2 2716
2 2713
2 2712
2 2709
2 2708
2 2705
2 2704
2 2701
2 2700
2 2697
2 2696
2 2693
2 2692
2 2689
2 2688
2 2685
2 2684
2 2681
2 2680
2 2677
2 2676
2 2673
2 2672
2 2669
2 2668
2 2665
2 2664
2 2661
2 2660
2 2657
2 2656
2 2653
2 2652
2 2649
2 2648
2 2645
2 2644
2 2641
2 2640
2 2637
2 2636
2 2633
2 2632
2 2629
2 2628
2 2625
2 2624
2 2621
2 2620
2 2617
2 2616
2 2613
2 2612
2 2609
2 2608
2 2605
2 2604
2 2601
2 2600
2 2597
2 2596
2 2593
2 2592
2 2589
2 2588
2 2585
2 2584
2 2581
2 2580
2 2577
2 2576
2 2573
2 2572
2 2569
2 2568
2 2565
2 2564
2 2561
2 2560
2 2557
2 2556
2 2553
2 2552
2 2549
2 2548
2 2545
2 2544
2 2541
2 2540
2 2537
2 2536
2 2533
2 2532
2 2529
2 2528
2 2525
2 2524
2 2521
2 2520
2 2517
2 2516
2 2513
2 2512
2 2509
2 2508
2 2505
2 2504
2 2501
2 2500
2 2497
2 2496
2 2493
2 2492
2 2489
2 2488
2 2485
2 2484
2 2481
2 2480
2 2477
2 2476
2 2473
2 2472
2 2469
2 2468
2 2465
2 2464
2 2461
2 2460
2 2457
2 2456
2 2453
2 2452
2 2449
2 2448
2 2445
2 2444
2 2441
2 2440
2 2437
2 2436
2 2433
2 2432
2 2429
2 2428
2 2425
2 2424
2 2421
2 2420
2 2417
2 2416
2 2413
2 2412
2 2409
2 2408
2 2405
2 2404
2 2401
2 2400
2 2397
2 2396
2 2393
2 2392
2 2389
2 2388
2 2385
2 2384
2 2381
2 2380
2 2377
2 2376
2 2373
2 2372
2 2369
2 2368
2 2365
2 2364
2 2361
2 2360
2 2357
2 2356
2 2353
2 2352
2 2349
2 2348
2 2345
2 2344
2 2341
2 2340
2 2337
2 2336
2 2333
2 2332
2 2329
2 2328
2 2325
2 2324
2 2321
2 2320
2 2317
2 2316
2 2313
2 2312
2 2309
2 2308
2 2305
2 2304
2 2301
2 2300
2 2297
2 2296
2 2293
2 2292
2 2289
2 2288
2 2285
2 2284
2 2281
2 2280
2 2277
2 2276
2 2273
2 2272
2 2269
2 2268
2 2265
2 2264
2 2261
2 2260
2 2257
2 2256
2 2253
2 2252
2 2249
2 2248
2 2245
2 2244
2 2241
2 2240
2 2237
2 2236
2 2233
2 2232
2 2229
2 2228
2 2225
2 2224
2 2221
2 2220
2 2217
2 2216
2 2213
2 2212
2 2209
2 2208
2 2205
2 2204
2 2201
2 2200
2 2197
2 2196
2 2193
2 2192
2 2189
2 2188
2 2185
2 2184
2 2181
2 2180
2 2177
2 2176
2 2173
2 2172
2 2169
2 2168
2 2165
2 2164
2 2161
2 2160
2 2157
2 2156
2 2153
2 2152
2 2149
2 2148
2 2145
2 2144
2 2141
2 2140
2 2137
2 2136
2 2133
2 2132
2 2129
2 2128
2 2125
2 2124
2 2121
2 2120
2 2117
2 2116
2 2113
2 2112
2 2109
2 2108
2 2105
2 2104
2 2101
2 2100
2 2097
2 2096
2 2093
2 2092
2 2089
2 2088
2 2085
2 2084
2 2081
2 2080
2 2077
2 2076
2 2073
2 2072
2 2069
2 2068
2 2065
2 2064
2 2061
2 2060
2 2057
2 2056
2 2053
2 2052
2 2049
2 2048
2 2045
2 2044
2 2041
2 2040
2 2037
2 2036
2 2033
2 2032
2 2029
2 2028
2 2025
2 2024
2 2021
2 2020
2 2017
2 2016
2 2013
2 2012
2 2009
2 2008
2 2005
2 2004
2 2001
2 2000
2 1997
2 1996
2 1993
2 1992
2 1989
2 1988
2 1985
2 1984
2 1981
2 1980
2 1977
2 1976
2 1973
2 1972
2 1969
2 1968
2 1965
2 1964
2 1961
2 1960
2 1957
2 1956
2 1953
2 1952
2 1949
2 1948
2 1945
2 1944
2 1941
2 1940
2 1937
2 1936
2 1933
2 1932
2 1929
2 1928
2 1925
2 1924
2 1921
2 1920
2 1917
2 1916
2 1913
2 1912
2 1909
2 1908
2 1905
2 1904
2 1901
2 1900
2 1897
2 1896
2 1893
2 1892
2 1889
2 1888
2 1885
2 1884
2 1881
2 1880
2 1877
2 1876
2 1873
2 1872
2 1869
2 1868
2 1865
2 1864
2 1861
2 1860
2 1857
2 1856
2 1853
2 1852
2 1849
2 1848
2 1845
2 1844
2 1841
2 1840
2 1837
2 1836
2 1833
2 1832
2 1829
2 1828
2 1825
2 1824
2 1821
2 1820
2 1817
2 1816
2 1813
2 1812
2 1809
2 1808
2 1805
2 1804
2 1801
2 1800
2 1797
2 1796
2 1793
2 1792
2 1789
2 1788
2 1785
2 1784
2 1781
2 1780
2 1777
2 1776
2 1773
2 1772
2 1769
2 1768
2 1765
2 1764
2 1761
2 1760
2 1757
2 1756
2 1753
2 1752
2 1749
2 1748
2 1745
2 1744
2 1741
2 1740
2 1737
2 1736
2 1733
2 1732
2 1729
2 1728
2 1725
2 1724
2 1721
2 1720
2 1717
2 1716
2 1713
2 1712
2 1709
2 1708
2 1705
2 1704
2 1701
2 1700
2 1697
2 1696
2 1693
2 1692
2 1689
2 1688
2 1685
2 1684
2 1681
2 1680
2 1677
2 1676
2 1673
2 1672
2 1669
2 1668
2 1665
2 1664
2 1661
2 1660
2 1657
2 1656
2 1653
2 1652
2 1649
2 1648
2 1645
2 1644
2 1641
2 1640
2 1637
2 1636
2 1633
2 1632
2 1629
2 1628
2 1625
2 1624
2 1621
2 1620
2 1617
2 1616
2 1613
2 1612
2 1609
2 1608
2 1605
2 1604
2 1601
2 1600
2 1597
2 1596
2 1593
2 1592
2 1589
2 1588
2 1585
2 1584
2 1581
2 1580
2 1577
2 1576
2 1573
2 1572
2 1569
2 1568
2 1565
2 1564
2 1561
2 1560
2 1557
2 1556
2 1553
2 1552
2 1549
2 1548
2 1545
2 1544
2 1541
2 1540
2 1537
2 1536
2 1533
2 1532
2 1529
2 1528
2 1525
2 1524
2 1521
2 1520
2 1517
2 1516
2 1513
2 1512
2 1509
2 1508
2 1505
2 1504
2 1501
2 1500
2 1497
2 1496
2 1493
2 1492
2 1489
2 1488
2 1485
2 1484
2 1481
2 1480
2 1477
2 1476
2 1473
2 1472
2 1469
2 1468
2 1465
2 1464
2 1461
2 1460
2 1457
2 1456
2 1453
2 1452
2 1449
2 1448
2 1445
2 1444
2 1441
2 1440
2 1437
2 1436
2 1433
2 1432
2 1429
2 1428
2 1425
2 1424
2 1421
2 1420
2 1417
2 1416
2 1413
2 1412
2 1409
2 1408
2 1405
2 1404
2 1401
2 1400
2 1397
2 1396
2 1393
2 1392
2 1389
2 1388
2 1385
2 1384
2 1381
2 1380
2 1377
2 1376
2 1373
2 1372
2 1369
2 1368
2 1365
2 1364
2 1361
2 1360
2 1357
2 1356
2 1353
2 1352
2 1349
2 1348
2 1345
2 1344
2 1341
2 1340
2 1337
2 1336
2 1333
2 1332
2 1329
2 1328
2 1325
2 1324
2 1321
2 1320
2 1317
2 1316
2 1313
2 1312
2 1309
2 1308
2 1305
2 1304
2 1301
2 1300
2 1297
2 1296
2 1293
2 1292
2 1289
2 1288
2 1285
2 1284
2 1281
2 1280
2 1277
2 1276
2 1273
2 1272
2 1269
2 1268
2 1265
2 1264
2 1261
2 1260
2 1257
2 1256
2 1253
2 1252
2 1249
2 1248
2 1245
2 1244
2 1241
2 1240
2 1237
2 1236
2 1233
2 1232
2 1229
2 1228
2 1225
2 1224
2 1221
2 1220
2 1217
2 1216
2 1213
2 1212
2 1209
2 1208
2 1205
2 1204
2 1201
2 1200
2 1197
2 1196
2 1193
2 1192
2 1189
2 1188
2 1185
2 1184
2 1181
2 1180
2 1177
2 1176
2 1173
2 1172
2 1169
2 1168
2 1165
2 1164
2 1161
2 1160
2 1157
2 1156
2 1153
2 1152
2 1149
2 1148
2 1145
2 1144
2 1141
2 1140
2 1137
2 1136
2 1133
2 1132
2 1129
2 1128
2 1125
2 1124
2 1121
2 1120
2 1117
2 1116
2 1113
2 1112
2 1109
2 1108
2 1105
2 1104
2 1101
2 1100
2 1097
2 1096
2 1093
2 1092
2 1089
2 1088
2 1085
2 1084
2 1081
2 1080
2 1077
2 1076
2 1073
2 1072
2 1069
2 1068
2 1065
2 1064
2 1061
2 1060
2 1057
2 1056
2 1053
2 1052
2 1049
2 1048
2 1045
2 1044
2 1041
2 1040
2 1037
2 1036
2 1033
2 1032
2 1029
2 1028
2 1025
2 1024
2 1021
2 1020
2 1017
2 1016
2 1013
2 1012
2 1009
2 1008
2 1005
2 1004
2 1001
2 1000
2 997
2 996
2 993
2 992
2 989
2 988
2 985
2 984
2 981
2 980
2 977
2 976
2 973
2 972
2 969
2 968
2 965
2 964
2 961
2 960
2 957
2 956
2 953
2 952
2 949
2 948
2 945
2 944
2 941
2 940
2 937
2 936
2 933
2 932
2 929
2 928
2 925
2 924
2 921
2 920
2 917
2 916
2 913
2 912
2 909
2 908
2 905
2 904
2 901
2 900
2 897
2 896
2 893
2 892
2 889
2 888
2 885
2 884
2 881
2 880
2 877
2 876
2 873
2 872
2 869
2 868
2 865
2 864
2 861
2 860
2 857
2 856
2 853
2 852
2 849
2 848
2 845
2 844
2 841
2 840
2 837
2 836
2 833
2 832
2 829
2 828
2 825
2 824
2 821
2 820
2 817
2 816
2 813
2 812
2 809
2 808
2 805
2 804
2 801
2 800
2 797
2 796
2 793
2 792
2 789
2 788
2 785
2 784
2 781
2 780
2 777
2 776
2 773
2 772
2 769
2 768
2 765
2 764
2 761
2 760
2 757
2 756
2 753
2 752
2 749
2 748
2 745
2 744
2 741
2 740
2 737
2 736
2 733
2 732
2 729
2 728
2 725
2 724
2 721
2 720
2 717
2 716
2 713
2 712
2 709
2 708
2 705
2 704
2 701
2 700
2 697
2 696
2 693
2 692
2 689
2 688
2 685
2 684
2 681
2 680
2 677
2 676
2 673
2 672
2 669
2 668
2 665
2 664
2 661
2 660
2 657
2 656
2 653
2 652
2 649
2 648
2 645
2 644
2 641
2 640
2 637
2 636
2 633
2 632
2 629
2 628
2 625
2 624
2 621
2 620
2 617
2 616
2 613
2 612
2 609
2 608
2 605
2 604
2 601
2 600
2 597
2 596
2 593
2 592
2 589
2 588
2 585
2 584
2 581
2 580
2 577
2 576
2 573
2 572
2 569
2 568
2 565
2 564
2 561
2 560
2 557
2 556
2 553
2 552
2 549
2 548
2 545
2 544
2 541
2 540
2 537
2 536
2 533
2 532
2 529
2 528
2 525
2 524
2 521
2 520
2 517
2 516
2 513
2 512
2 509
2 508
2 505
2 504
2 501
2 500
2 497
2 496
2 493
2 492
2 489
2 488
2 485
2 484
2 481
2 480
2 477
2 476
2 473
2 472
2 469
2 468
2 465
2 464
2 461
2 460
2 457
2 456
2 453
2 452
2 449
2 448
2 445
2 444
2 441
2 440
2 437
2 436
2 433
2 432
2 429
2 428
2 425
2 424
2 421
2 420
2 417
2 416
2 413
2 412
2 409
2 408
2 405
2 404
2 401
2 400
2 397
2 396
2 393
2 392
2 389
2 388
2 385
2 384
2 381
2 380
2 377
2 376
2 373
2 372
2 369
2 368
2 365
2 364
2 361
2 360
2 357
2 356
2 353
2 352
2 349
2 348
2 345
2 344
2 341
2 340
2 337
2 336
2 333
2 332
2 329
2 328
2 325
2 324
2 321
2 320
2 317
2 316
2 313
2 312
2 309
2 308
2 305
2 304
2 301
2 300
2 297
2 296
2 293
2 292
2 289
2 288
2 285
2 284
2 281
2 280
2 277
2 276
2 273
2 272
2 269
2 268
2 265
2 264
2 261
2 260
2 257
2 256
2 253
2 252
2 249
2 248
2 245
2 244
2 241
2 240
2 237
2 236
2 233
2 232
2 229
2 228
2 225
2 224
2 221
2 220
2 217
2 216
2 213
2 212
2 209
2 208
2 205
2 204
2 201
2 200
2 197
2 196
2 193
2 192
2 189
2 188
2 185
2 184
2 181
2 180
2 177
2 176
2 173
2 172
2 169
2 168
2 165
2 164
2 161
2 160
2 157
2 156
2 153
2 152
2 149
2 148
2 145
2 144
2 141
2 140
2 137
2 136
2 133
2 132
2 129
2 128
2 125
2 124
2 121
2 120
2 117
2 116
2 113
2 112
2 109
2 108
2 105
2 104
2 101
2 100
2 97
2 96
2 93
2 92
2 89
2 88
2 85
2 84
2 81
2 80
2 77
2 76
2 73
2 72
2 69
2 68
2 65
2 64
2 61
2 60
2 57
2 56
2 53
2 52
2 49
2 48
2 45
2 44
2 41
2 40
2 37
2 36
2 33
2 32
2 29
2 28
2 25
2 24
2 21
2 20
2 17
2 16
2 13
2 12
2 9
2 8
2 5
2 4
2 1
