6000 2911
77 74
73 91
105 2
91 115
2 5
111 107
91 22
32 105
119 75
108 89
42 16
8 69
119 90
23 10
90 44
73 51
104 72
1 74
62 4
113 67
116 33
33 58
74 76
108 57
60 76
29 114
46 85
60 17
5 99
17 71
86 89
29 82
20 73
99 99
119 102
103 2
39 83
45 118
64 85
104 45
35 98
28 116
25 14
74 37
27 2
64 1
25 35
15 102
9 59
30 104
51 111
104 24
100 52
41 39
68 48
109 66
77 2
23 111
15 10
41 19
72 49
105 114
51 119
88 69
26 57
63 31
45 54
102 104
85 27
1 54
46 113
39 63
102 41
69 102
59 35
11 87
117 26
85 23
105 103
39 87
11 6
86 61
59 43
70 88
50 64
20 104
52 80
54 68
63 102
35 35
78 16
11 110
4 45
8 88
81 94
61 63
33 19
65 42
10 37
54 20
10 33
84 52
97 78
23 91
57 83
70 85
90 36
56 97
92 32
59 82
53 59
20 8
78 89
45 62
95 95
22 41
69 15
49 58
29 62
107 91
110 40
14 84
85 79
106 120
104 25
91 66
105 74
3 119
64 41
60 85
85 118
104 69
33 59
5 86
111 27
35 119
8 9
105 34
6 85
66 81
100 81
27 118
112 17
3 66
45 59
40 53
60 104
79 86
2 33
91 102
13 71
67 94
36 93
40 40
69 98
108 104
82 100
78 104
117 98
112 37
85 18
41 26
32 33
100 88
21 15
32 113
45 2
103 23
25 110
54 5
90 64
87 7
73 38
110 5
97 90
43 43
67 18
37 27
120 37
15 11
118 93
80 89
81 2
23 115
7 34
109 90
18 97
115 15
29 67
88 44
92 109
12 112
43 30
7 107
110 77
64 113
28 73
18 100
116 68
73 14
63 54
83 110
45 78
65 7
44 45
84 96
100 108
27 74
13 70
22 24
34 72
60 120
2 113
84 109
110 25
85 22
29 71
15 78
11 42
111 38
117 11
105 86
85 102
58 61
114 45
101 90
22 108
115 38
21 90
28 5
12 40
110 36
68 33
41 51
12 61
5 119
68 52
118 120
53 78
19 107
28 60
115 110
76 13
43 26
120 84
51 46
66 4
85 51
102 60
90 80
114 80
55 59
112 120
102 72
88 117
59 94
104 37
1 63
50 80
37 75
87 102
19 102
3 22
77 118
17 78
31 102
85 59
79 70
108 20
100 57
25 15
86 9
7 71
14 49
107 23
94 97
116 9
11 91
105 102
98 32
76 117
39 2
69 14
70 108
4 48
5 23
120 77
26 69
35 86
93 114
105 46
38 76
96 33
30 65
2 69
75 27
68 69
100 117
67 50
20 108
97 43
87 10
26 97
9 107
2 16
13 66
6 28
106 28
23 119
32 77
6 40
8 84
88 113
58 113
15 66
20 25
96 97
66 21
99 63
109 103
36 20
96 13
15 63
12 16
28 37
7 23
31 71
44 40
36 13
53 42
77 86
20 12
22 33
54 69
109 99
19 7
57 86
34 25
113 43
89 83
120 56
119 18
2 8
78 56
61 114
21 62
12 100
70 25
93 107
26 65
34 13
116 64
95 34
107 3
35 6
103 39
60 100
116 57
104 113
36 41
1 67
116 13
70 17
14 16
47 14
105 54
96 17
94 69
82 68
21 107
120 36
43 110
84 105
41 63
48 113
61 38
102 84
12 44
19 39
67 58
89 7
11 50
99 42
21 7
120 48
58 57
39 107
71 30
83 82
77 78
101 15
67 79
89 11
90 60
57 38
58 25
95 119
117 114
31 94
109 34
28 77
69 38
76 16
98 5
43 54
98 89
101 95
7 50
34 120
98 45
117 119
99 58
112 117
18 45
115 111
115 19
16 93
59 46
29 102
34 20
111 26
112 12
51 62
109 62
93 31
91 78
33 103
95 63
82 29
24 68
2 100
19 83
54 76
37 66
91 82
25 34
73 3
17 26
74 97
72 96
79 59
62 120
89 54
33 46
105 110
54 105
46 48
83 107
72 48
116 69
45 87
84 41
16 32
47 30
93 71
74 105
69 58
28 44
50 84
109 91
87 118
62 56
35 99
13 43
65 18
42 96
107 7
86 73
29 18
88 21
46 4
33 111
21 2
37 50
113 58
16 80
95 42
37 14
13 54
34 37
110 105
7 115
37 91
103 18
104 84
20 85
65 47
69 106
34 89
79 6
7 46
68 76
81 46
76 76
45 98
48 21
25 67
10 84
66 53
68 96
52 9
1 86
107 115
56 8
91 7
81 71
57 107
13 111
22 9
61 47
1 90
70 81
68 112
84 32
111 67
55 11
21 71
55 87
107 98
26 45
92 85
108 33
76 89
36 81
63 98
22 88
52 93
116 36
5 87
66 64
65 50
114 37
87 6
80 13
53 38
95 50
103 90
104 8
101 118
23 18
88 84
42 64
26 9
44 113
59 99
53 3
95 115
114 36
87 18
26 16
55 51
62 8
78 68
19 19
57 18
86 41
16 84
42 37
58 109
79 74
99 98
59 7
80 37
104 93
42 93
23 83
10 28
55 83
76 68
114 8
64 72
80 1
120 29
36 105
43 67
107 67
101 27
55 75
35 26
34 12
69 74
107 35
95 107
14 80
7 102
82 25
8 105
48 52
45 75
40 32
56 48
83 14
16 16
7 119
35 91
40 65
3 51
97 98
106 96
102 13
52 85
52 32
19 42
19 43
63 50
41 75
30 112
26 77
42 4
106 40
92 13
9 47
9 95
120 44
20 48
106 53
44 80
3 95
66 109
40 108
100 5
115 23
11 59
65 31
15 87
97 23
107 10
35 54
109 107
76 109
61 90
26 12
104 28
44 105
89 118
109 98
97 71
83 47
110 29
90 65
30 97
92 113
20 17
8 28
94 52
114 64
1 91
76 25
74 49
34 117
36 96
102 21
66 5
19 110
18 37
63 74
82 12
78 109
91 42
8 73
72 57
26 73
78 36
54 24
59 58
96 20
31 34
51 39
14 73
86 116
83 54
102 48
51 99
28 85
34 17
12 97
75 6
40 1
28 4
26 109
60 28
17 43
66 33
108 28
110 44
25 6
62 117
84 77
60 69
95 23
32 32
111 58
10 109
68 45
30 48
53 114
7 82
27 70
96 81
56 20
117 46
18 12
81 30
107 74
79 106
68 120
46 81
11 55
91 27
95 102
101 19
68 49
16 100
15 55
4 113
27 58
38 17
106 101
87 62
88 97
23 79
19 114
9 71
1 3
36 69
24 57
100 56
92 61
62 32
83 10
21 70
21 31
16 28
42 77
29 87
93 7
116 84
96 112
77 26
80 4
111 70
13 15
113 118
2 108
59 3
44 9
24 1
79 82
106 73
10 12
89 102
37 83
26 112
30 96
50 28
35 42
48 72
8 112
18 13
1 103
110 16
119 19
68 80
63 110
84 57
21 38
4 81
8 81
89 119
67 47
107 111
22 21
107 82
104 53
37 70
72 60
105 10
63 10
101 54
119 2
77 7
36 68
36 108
41 62
36 17
104 116
60 60
110 69
46 37
52 5
86 92
81 54
101 11
8 13
2 88
90 108
13 67
101 3
1 59
91 90
92 48
118 52
3 70
45 66
58 120
39 55
64 61
69 114
101 7
78 113
103 118
64 33
74 69
51 87
99 2
100 40
4 25
119 86
25 18
61 110
106 116
7 106
80 96
27 107
41 111
100 68
44 4
31 55
102 120
47 90
60 41
111 34
17 94
36 1
4 100
18 9
50 13
83 87
4 104
1 95
10 69
26 5
40 80
1 106
94 5
43 83
63 23
51 19
4 93
10 21
89 86
67 119
30 68
21 106
104 65
3 59
59 95
116 73
111 71
13 86
71 106
93 63
65 82
94 117
32 40
76 64
74 88
9 35
79 31
85 43
24 92
109 111
119 67
4 28
79 30
81 26
70 52
86 36
85 3
41 71
106 52
14 113
28 16
109 27
95 26
101 67
102 89
19 103
65 118
82 88
57 99
82 52
62 16
63 87
117 19
103 58
98 69
68 57
12 73
44 60
88 12
90 33
31 82
35 2
46 64
117 34
115 78
103 26
89 18
54 32
85 14
25 98
120 17
110 13
64 112
44 57
49 7
28 72
93 47
70 109
9 66
93 87
68 77
109 82
91 30
47 79
54 21
24 100
75 42
62 61
43 70
74 92
85 94
58 13
41 34
119 46
76 9
23 66
43 87
106 109
13 51
1 22
36 24
44 69
92 57
25 79
6 41
51 18
14 97
3 115
2 117
74 40
29 23
23 55
21 98
18 16
69 47
52 120
10 92
11 34
63 95
1 46
38 21
12 25
106 49
69 86
114 29
9 18
32 4
64 29
31 2
103 59
98 49
73 67
47 75
103 31
30 49
119 47
98 12
30 32
36 101
30 37
23 15
65 58
40 5
15 23
59 10
22 120
37 90
43 74
108 73
59 90
15 47
80 105
15 107
36 80
85 58
115 46
7 39
106 8
22 37
86 76
97 54
33 55
117 54
104 64
10 85
45 31
48 104
79 102
52 12
118 45
38 93
22 4
53 118
50 65
82 69
14 45
15 91
81 114
113 71
44 109
116 104
29 95
107 55
96 92
50 77
57 39
47 19
36 85
6 97
19 63
106 16
13 118
13 42
73 118
55 10
8 100
46 44
69 6
95 110
27 43
57 34
4 52
99 87
110 72
22 81
81 59
56 120
118 65
38 41
15 111
75 103
100 24
30 73
23 6
7 15
6 13
89 71
91 10
12 104
42 13
76 105
107 26
120 49
55 54
65 90
70 40
116 77
109 35
76 104
2 57
30 28
40 117
95 86
31 78
103 47
112 20
57 91
23 90
103 7
105 26
73 86
118 29
111 7
53 34
99 67
82 81
47 103
38 65
53 98
91 71
89 3
54 25
49 75
53 47
85 115
71 11
69 67
27 99
110 49
26 96
113 14
66 56
83 74
95 15
116 76
83 7
82 117
68 44
1 94
28 93
68 116
23 99
93 46
12 80
39 3
48 24
5 75
39 94
67 102
109 18
23 58
41 2
120 1
23 23
111 94
32 25
31 90
56 101
40 57
118 41
38 37
30 29
74 104
97 107
104 92
41 87
2 41
75 11
31 26
87 66
60 112
86 1
79 75
34 57
93 2
61 50
56 72
30 16
99 14
97 15
42 5
59 14
36 40
43 2
69 46
75 26
113 75
58 105
79 51
22 76
56 81
13 39
74 5
71 67
14 105
58 29
31 27
44 24
56 77
111 55
37 42
78 37
73 42
7 63
116 117
53 99
35 111
57 66
101 23
81 86
71 42
32 65
100 20
49 106
106 117
67 10
82 97
118 57
76 53
19 38
84 25
92 40
45 43
96 105
73 98
47 42
94 17
87 111
97 26
49 67
91 43
112 92
66 72
23 31
49 23
105 111
61 35
64 13
65 39
6 61
3 42
24 21
116 120
113 83
7 83
1 118
46 108
101 39
57 70
90 97
75 90
114 49
113 7
78 84
57 94
3 86
27 66
117 50
24 4
16 12
81 7
67 51
112 80
17 51
6 104
62 48
46 24
1 15
27 114
100 13
92 60
86 68
120 109
102 88
85 107
7 27
40 61
51 79
22 104
36 64
108 48
52 61
42 88
23 14
59 31
6 29
14 112
57 15
62 84
85 83
5 10
50 117
31 66
65 35
25 103
76 60
52 76
19 10
13 87
120 28
28 36
79 19
44 108
7 7
49 59
106 37
38 8
114 20
90 21
66 9
14 12
22 69
92 81
101 30
2 116
51 42
75 115
103 103
97 55
15 46
101 62
71 91
44 13
100 17
4 1
67 115
102 29
11 26
119 63
4 88
41 43
57 90
84 68
77 27
70 33
19 34
29 51
14 120
108 41
36 52
16 17
33 67
19 90
19 51
7 87
34 101
87 54
117 38
80 49
28 69
74 85
50 32
39 74
40 89
111 91
12 24
26 17
105 30
119 14
2 101
15 59
18 113
64 8
66 25
115 98
111 39
87 42
18 53
28 40
100 101
24 117
38 9
34 68
65 62
116 116
90 41
69 90
15 43
66 37
73 90
12 33
73 6
103 91
109 51
42 113
113 107
76 112
80 104
44 32
24 104
36 16
80 77
18 41
80 117
24 109
86 20
22 112
99 71
62 44
28 57
37 35
38 81
68 24
18 8
37 10
86 120
99 83
48 4
75 110
53 87
72 108
60 1
100 25
25 38
59 47
101 14
62 40
52 69
13 14
72 52
1 62
35 15
96 60
60 5
98 101
23 87
86 93
22 17
52 65
58 72
105 58
79 43
3 3
69 2
53 119
30 64
10 57
77 54
6 112
71 118
34 112
58 1
39 95
27 110
82 109
76 48
82 13
73 35
74 45
52 53
114 13
87 31
120 105
61 22
44 5
82 89
58 96
110 64
107 62
8 116
61 98
108 69
88 92
47 31
79 22
18 29
71 14
86 81
18 4
76 81
15 39
6 68
8 52
87 71
33 62
51 26
88 104
120 60
17 31
61 3
103 114
17 115
90 24
50 5
10 108
115 102
31 38
75 23
40 13
120 85
69 95
20 105
4 8
1 115
67 6
9 34
115 7
57 14
64 44
33 78
118 17
17 34
58 65
116 89
65 46
5 83
91 99
96 73
47 102
91 18
27 38
16 25
94 68
102 108
47 35
25 71
55 35
12 48
55 94
55 3
85 95
25 95
98 113
5 35
14 52
61 86
85 86
10 1
44 76
33 18
78 97
94 104
3 103
27 15
6 8
113 6
80 68
108 96
52 56
82 112
87 55
63 111
104 16
62 69
80 57
80 12
34 28
71 7
103 11
12 68
31 10
49 30
90 48
67 98
105 70
46 20
59 118
58 64
97 14
73 82
95 22
4 21
31 43
62 92
41 30
33 74
3 7
84 89
2 105
15 34
54 85
95 58
85 55
27 115
1 6
100 120
107 47
35 34
54 8
107 118
119 79
60 37
102 65
12 69
63 82
29 6
45 47
31 15
3 55
99 38
87 74
96 109
119 74
29 83
28 17
113 86
37 110
17 74
86 28
86 69
15 99
57 78
62 108
42 20
53 43
109 6
42 33
44 41
79 58
106 36
33 115
74 4
56 24
38 97
86 113
1 31
36 89
17 59
52 97
100 28
15 106
32 97
117 111
43 119
111 50
88 68
33 119
80 36
81 74
15 3
44 85
98 117
5 42
20 32
12 77
97 51
38 13
46 33
63 114
60 116
41 66
96 12
31 70
9 11
93 115
53 39
58 100
23 30
4 96
88 13
82 20
99 102
86 96
117 22
89 82
72 93
27 111
83 66
41 42
15 54
48 80
3 30
14 44
83 94
13 2
15 42
102 64
105 18
90 77
40 4
71 70
10 104
64 65
28 120
50 116
58 88
9 94
42 60
74 16
104 57
65 106
17 7
92 65
119 10
55 22
9 10
74 108
24 113
39 115
115 11
80 112
82 4
108 40
43 75
3 79
119 62
65 6
36 117
32 56
96 68
57 79
53 54
75 50
83 90
20 16
18 101
9 90
67 43
120 69
2 48
78 32
25 70
83 83
28 109
59 54
23 22
112 49
12 116
16 53
63 79
7 110
78 116
5 3
4 53
63 2
77 46
103 107
38 60
65 38
7 55
10 17
58 21
98 1
117 107
42 61
105 87
15 14
106 85
37 115
112 104
75 7
100 112
75 82
24 28
113 46
90 96
4 37
58 116
107 38
8 104
34 109
107 95
27 18
10 81
62 65
77 30
11 19
5 62
17 82
26 60
19 86
20 68
120 40
68 25
75 75
108 8
61 31
21 58
53 58
17 14
44 49
36 88
62 53
99 74
50 40
38 100
22 53
70 60
17 23
29 119
57 42
86 85
93 10
115 118
115 27
74 12
54 109
117 62
46 53
115 3
75 95
3 2
14 48
26 108
31 18
97 86
28 108
112 85
50 61
10 120
120 5
27 19
25 106
97 110
100 93
117 10
73 54
27 83
118 76
45 6
33 79
107 31
54 36
117 2
100 89
65 99
12 108
3 18
50 53
108 117
115 35
111 119
118 4
119 91
22 101
68 8
35 55
22 49
90 8
66 52
69 22
7 94
18 88
16 109
40 100
61 78
44 52
48 28
79 87
21 118
95 91
19 30
58 52
89 111
58 117
80 8
5 70
72 73
53 75
73 71
26 80
92 97
86 44
95 39
74 20
46 93
60 108
57 51
25 10
32 44
118 72
115 71
35 51
42 56
23 26
105 98
107 86
70 89
81 43
37 95
96 120
71 95
13 35
3 10
28 8
73 34
110 109
7 58
120 41
94 24
119 59
62 52
26 84
118 48
92 69
28 92
115 66
104 5
74 24
54 100
12 109
7 14
18 117
18 52
15 31
33 75
31 3
6 24
80 92
34 9
57 115
30 117
54 40
13 10
47 26
37 19
113 2
64 120
73 58
49 118
85 75
28 88
16 20
65 102
28 104
102 9
37 30
75 18
5 111
47 110
81 115
96 116
74 93
10 73
32 60
15 119
72 61
22 60
39 75
5 2
64 9
119 119
43 115
8 49
53 66
77 63
95 111
14 33
14 32
67 107
38 112
92 64
6 1
61 26
59 62
81 35
32 109
72 24
99 66
31 107
60 48
103 63
93 15
57 110
25 86
75 87
57 119
92 17
57 71
71 18
30 45
80 93
66 17
99 114
47 78
24 9
41 99
62 68
89 19
21 11
118 92
49 19
51 103
104 97
37 86
76 5
27 46
10 8
54 72
42 25
62 21
62 37
87 67
118 21
99 62
82 105
9 91
17 30
86 33
119 15
118 101
39 18
68 73
102 4
117 47
80 25
96 108
88 29
94 64
45 70
66 77
21 74
74 81
108 9
115 42
114 16
29 59
87 2
99 91
79 10
107 87
108 101
28 117
78 108
79 14
97 42
48 116
45 90
85 62
99 78
76 52
70 13
119 50
71 102
46 56
41 31
53 22
34 104
14 92
112 44
115 50
86 49
31 62
4 65
22 28
61 111
120 9
15 98
94 61
52 45
83 103
51 98
84 65
49 55
69 63
89 31
104 21
91 111
85 111
118 73
106 84
106 100
60 64
59 59
22 117
120 88
94 85
65 115
111 18
107 34
86 52
111 11
91 103
69 78
10 16
109 59
44 56
16 13
45 110
58 33
113 34
58 112
81 90
71 26
50 60
64 16
20 36
111 83
72 112
65 94
75 34
3 87
77 43
17 2
61 43
107 114
21 27
31 35
61 39
77 3
68 104
86 88
113 10
118 97
79 118
32 104
51 31
20 61
65 11
96 9
64 76
36 49
107 42
104 104
8 5
70 9
81 3
39 46
99 51
9 22
50 33
60 36
94 56
120 4
120 25
106 105
79 15
21 99
8 37
114 120
1 70
12 88
53 51
55 91
43 7
93 66
48 40
28 52
48 68
40 88
111 98
27 47
115 90
101 47
97 6
48 41
13 34
56 4
34 36
46 65
11 115
42 1
10 44
98 8
14 37
77 34
95 19
86 117
50 89
119 98
55 67
12 113
80 33
76 21
77 75
25 74
61 42
62 41
62 60
71 98
78 4
97 59
73 11
29 14
5 63
91 86
120 57
111 75
87 115
65 111
37 74
112 9
46 88
43 79
26 13
56 117
84 36
74 57
109 54
6 92
45 107
11 58
94 45
103 98
114 109
102 73
78 40
109 110
75 31
91 14
18 64
72 33
52 33
10 113
29 86
17 103
105 107
80 17
73 22
36 12
51 43
82 57
53 35
57 11
34 108
19 87
111 6
32 76
5 110
77 55
64 32
84 56
28 45
56 5
21 18
50 4
109 94
41 94
1 35
38 28
75 38
94 40
32 49
94 29
102 100
86 32
94 60
1 78
56 21
35 115
59 103
2 81
22 80
86 21
108 85
75 74
96 44
97 27
49 79
18 40
66 16
65 26
31 74
13 94
118 64
98 57
48 76
41 114
48 25
52 104
52 36
26 48
102 117
93 22
7 95
85 30
39 66
98 65
34 80
64 108
42 109
119 66
87 106
47 95
72 92
92 73
112 48
119 106
6 120
111 114
93 14
24 77
40 104
46 16
60 29
67 70
20 120
40 113
3 110
39 78
30 113
105 39
58 44
8 113
47 11
54 16
110 81
89 34
13 6
97 91
63 43
100 9
37 18
32 116
118 8
83 86
106 9
37 107
55 79
47 43
61 87
29 78
97 102
78 105
50 120
107 6
35 67
64 4
35 30
65 15
11 35
81 79
89 110
43 34
77 42
46 12
92 28
104 76
118 24
111 22
83 79
23 7
77 19
11 114
69 87
12 29
19 74
33 47
107 19
9 3
31 22
107 50
13 99
115 22
79 63
17 62
117 18
75 30
81 31
3 67
95 74
96 4
50 69
60 32
115 95
11 78
37 71
6 116
35 7
44 81
105 15
102 61
100 61
86 80
68 92
22 16
85 50
32 53
30 25
99 90
38 88
3 118
98 28
67 82
29 43
92 77
61 119
96 32
112 41
53 7
27 3
13 22
18 93
10 61
75 2
37 34
55 119
53 102
82 16
73 94
11 43
25 75
3 91
112 16
102 33
72 64
76 29
64 96
20 52
46 77
20 101
17 27
90 120
51 55
21 66
73 23
36 21
9 98
85 119
39 14
98 104
85 10
101 119
64 69
49 115
77 115
10 101
91 55
1 27
48 105
74 33
120 116
29 106
100 48
90 49
77 83
53 14
58 92
114 93
109 55
7 2
15 79
21 75
66 69
49 46
70 68
27 94
22 93
67 19
81 95
71 59
72 76
106 88
31 59
22 64
14 29
41 38
58 8
21 87
80 60
1 79
56 44
11 79
69 39
82 104
98 97
105 62
94 12
4 89
79 7
63 119
64 49
59 115
24 80
40 81
5 27
83 70
29 34
59 91
110 68
51 22
22 56
31 118
106 33
10 9
11 103
10 20
2 52
119 78
34 16
25 90
42 85
90 85
93 26
114 84
103 46
94 112
82 73
17 98
13 3
110 41
27 54
68 108
61 107
39 34
19 18
75 46
56 28
45 26
16 9
58 68
23 107
22 96
108 77
94 44
115 59
24 81
57 63
64 45
68 17
93 111
6 49
118 37
16 64
48 81
118 12
12 65
59 22
85 38
81 15
57 35
93 27
25 54
35 27
104 80
32 48
119 107
106 89
95 82
105 35
84 29
97 82
6 20
25 111
11 51
53 103
91 38
107 30
92 9
83 63
92 8
24 60
20 116
97 79
26 68
90 32
90 40
111 78
20 97
44 48
52 112
43 51
43 23
94 65
76 113
5 74
115 82
115 14
69 11
66 36
88 81
41 90
91 59
88 80
110 92
98 84
118 112
15 67
100 1
70 80
43 98
109 23
69 54
53 95
96 80
117 115
20 44
63 46
61 102
109 79
114 48
6 52
52 29
6 4
77 82
25 50
52 92
68 56
98 108
21 95
42 80
77 11
9 42
6 113
51 54
69 19
98 52
49 95
47 71
98 100
12 64
44 25
12 101
113 26
88 5
94 101
17 90
28 20
83 22
13 62
41 110
71 6
96 8
77 94
21 30
81 47
97 34
66 32
55 111
107 70
73 110
105 59
32 13
112 28
51 94
56 1
100 100
49 98
94 109
68 117
86 16
77 102
96 77
100 64
43 22
109 58
39 43
104 4
103 71
112 113
112 61
3 11
9 83
64 24
86 48
55 66
23 74
49 31
100 92
70 20
26 85
69 107
93 30
76 101
116 48
77 50
84 60
66 80
90 68
61 14
23 103
36 72
119 70
112 29
113 95
33 10
53 91
21 59
48 64
95 18
11 22
40 17
72 69
111 99
99 22
109 78
76 12
100 96
37 111
6 53
120 53
76 80
54 45
71 43
5 67
30 105
38 96
2 21
73 59
88 24
49 47
45 71
30 60
94 9
38 64
42 21
54 112
21 103
22 105
87 43
64 104
11 38
4 72
69 31
33 54
87 114
63 67
9 99
81 11
4 20
13 58
103 50
26 120
55 95
9 46
105 67
59 107
109 95
113 31
100 105
102 32
41 91
59 86
78 96
105 63
33 70
79 27
43 62
16 108
23 35
9 23
93 34
78 49
89 59
50 85
86 37
82 108
79 47
3 50
104 117
42 9
42 81
110 76
3 78
101 110
45 114
41 74
15 83
40 76
20 89
18 60
74 72
51 70
96 84
114 4
61 70
28 76
23 3
14 9
119 82
61 6
95 106
80 101
120 8
43 55
53 74
22 77
21 67
107 58
6 33
5 38
68 88
24 36
116 97
60 77
48 9
91 106
87 27
51 14
55 26
71 75
15 19
35 107
13 78
20 88
54 84
16 92
75 59
101 70
66 112
75 66
86 12
116 65
71 15
89 42
107 79
40 25
66 20
105 94
44 92
53 83
63 107
4 17
45 19
82 76
67 26
76 69
116 12
60 61
43 106
99 15
63 30
19 55
37 47
73 43
74 80
61 18
67 35
13 106
77 103
58 89
30 76
103 15
82 17
18 73
78 1
98 41
94 120
87 82
80 32
35 103
30 92
120 120
55 42
15 51
16 48
49 39
21 78
47 38
52 44
105 22
84 84
101 43
55 50
120 100
35 3
77 99
6 12
90 109
114 41
52 96
25 22
111 14
65 22
40 72
94 80
17 50
60 20
119 38
115 67
27 106
83 2
31 46
49 43
9 79
104 44
9 86
97 39
12 21
62 104
10 117
99 18
39 38
54 60
30 84
5 31
29 11
108 84
91 51
87 22
112 52
80 73
34 69
57 54
1 75
7 6
65 119
49 6
37 7
21 26
39 86
109 119
56 80
99 110
77 62
28 84
40 12
72 9
51 2
50 41
2 76
101 6
40 109
52 21
60 113
11 66
40 96
93 59
39 114
36 57
100 84
103 35
3 46
61 54
55 103
46 5
95 47
93 55
59 55
24 93
18 108
106 108
25 94
45 34
95 7
67 46
82 77
118 77
97 118
42 44
35 94
22 12
76 44
91 95
35 114
32 8
49 71
98 13
23 2
91 31
46 28
8 53
54 33
39 50
98 21
48 108
15 70
72 101
7 74
77 95
101 42
17 22
99 107
45 46
116 113
58 53
95 99
43 3
102 92
78 29
9 62
44 44
2 4
27 23
120 16
37 59
50 24
67 99
85 35
109 47
28 33
94 88
18 85
37 6
76 32
48 8
37 31
67 23
70 100
11 47
76 96
108 108
78 92
65 19
65 43
19 98
54 12
23 34
49 78
29 70
96 48
118 53
99 23
112 8
34 48
22 40
35 70
91 62
4 40
48 120
72 13
24 72
56 112
94 73
8 76
81 55
82 113
17 6
112 72
64 116
80 113
105 11
106 25
51 83
118 60
21 114
102 28
100 4
2 65
5 94
8 32
55 31
9 14
49 35
65 63
42 36
23 114
69 66
36 92
37 99
72 72
52 40
12 37
67 54
45 58
30 1
3 63
57 22
67 83
114 65
8 16
18 49
50 12
6 36
88 108
76 85
83 106
44 116
17 107
21 23
88 61
113 66
116 20
57 106
14 116
102 17
93 58
18 96
35 58
55 7
19 22
29 110
55 86
29 91
119 95
115 75
28 89
53 19
37 79
14 69
102 20
47 2
24 41
82 92
98 37
50 113
27 91
90 84
97 115
16 101
1 99
43 58
1 71
63 7
36 4
104 108
69 111
120 97
10 40
112 109
110 89
88 72
39 118
33 102
32 92
12 4
56 49
113 115
63 55
1 58
84 120
11 11
35 23
48 56
67 86
58 69
91 47
24 61
3 111
19 79
6 101
112 88
24 17
98 76
118 5
15 118
1 43
57 74
5 95
2 97
24 29
76 100
120 21
80 29
22 68
39 42
2 29
42 116
87 39
24 24
60 52
89 87
104 120
4 68
60 44
86 57
59 87
24 32
10 64
52 52
28 48
113 38
52 116
28 68
17 87
12 20
40 20
34 45
111 23
62 1
26 104
30 40
19 118
107 22
59 51
23 51
3 14
5 102
55 2
19 66
44 96
80 81
32 61
23 110
33 51
36 9
88 57
52 101
85 71
35 47
31 42
30 81
114 24
47 22
74 32
108 93
38 52
27 6
70 76
16 4
47 94
62 36
18 76
56 113
32 85
80 85
46 1
1 47
22 5
50 16
5 26
92 29
43 66
117 58
36 56
92 72
52 57
35 14
30 52
2 45
50 1
93 119
41 22
102 101
118 105
8 4
71 78
55 107
29 7
11 27
109 3
116 93
47 59
4 9
10 48
78 100
36 97
43 31
26 28
16 41
16 73
6 16
61 118
88 89
97 83
79 83
22 84
61 75
97 103
55 71
60 93
34 41
24 101
85 26
29 90
38 44
60 53
30 93
68 65
114 88
76 61
101 63
96 61
42 57
45 3
102 25
42 72
79 38
82 44
42 112
101 114
74 84
96 85
22 36
95 30
21 34
109 30
79 55
97 2
64 68
81 83
27 10
30 9
69 119
27 42
97 66
63 118
87 58
120 72
108 4
64 97
98 96
29 107
36 61
87 11
2 37
103 75
110 108
111 30
65 71
78 53
86 5
66 97
46 120
75 63
48 101
88 8
37 3
32 88
24 112
76 45
61 58
66 1
42 97
109 106
32 1
70 48
78 65
99 54
49 86
9 74
30 85
101 82
39 39
18 48
111 15
31 30
108 12
102 24
38 101
70 112
56 37
104 12
75 51
84 100
120 64
11 82
44 117
35 22
7 43
68 20
27 63
69 26
68 12
51 63
11 7
101 50
79 2
3 34
49 26
114 81
2 96
63 78
110 48
117 14
115 74
51 74
14 36
113 99
55 118
64 53
49 87
100 8
120 13
67 62
69 51
83 35
14 89
6 44
97 30
112 60
75 114
39 110
66 29
115 63
13 83
89 46
108 49
70 77
2 61
98 81
102 49
40 8
2 28
103 38
111 54
1 110
81 111
11 2
29 47
41 59
34 92
82 85
66 108
60 89
108 100
101 91
117 94
57 111
114 85
118 1
61 10
96 24
77 110
42 49
35 118
69 27
87 99
78 93
71 34
108 5
109 39
99 119
92 105
116 28
21 54
102 53
116 52
106 1
116 32
39 119
63 3
63 27
87 50
15 95
81 6
59 102
9 78
53 31
19 58
113 15
111 63
50 72
28 49
55 47
38 12
57 26
99 94
85 87
102 8
11 83
32 37
61 66
88 73
95 62
96 53
102 40
78 52
73 18
2 24
66 61
18 120
10 29
117 83
113 103
112 24
95 59
18 32
80 88
106 45
56 109
5 51
65 54
88 109
92 101
28 21
6 72
33 114
91 19
98 109
56 32
96 117
71 39
3 82
100 53
82 64
118 56
88 96
50 48
36 53
56 88
3 107
120 73
53 15
19 99
8 96
54 53
37 2
97 11
68 89
33 15
119 58
12 28
27 34
96 100
107 66
78 8
13 7
56 52
23 95
13 74
82 48
82 116
42 40
6 80
62 57
27 11
41 107
86 101
105 31
57 2
110 37
110 32
88 93
90 116
104 9
85 70
73 95
109 26
89 115
76 24
76 8
81 119
72 25
99 79
86 104
4 32
30 61
27 26
79 103
70 116
49 51
103 55
24 105
7 86
41 14
108 60
9 58
38 68
20 109
91 6
15 90
16 36
80 109
70 61
69 71
45 11
19 94
65 79
2 56
13 114
113 102
120 33
102 5
59 79
117 118
43 15
5 43
31 95
62 5
118 89
50 92
8 25
14 68
115 115
45 23
16 88
18 17
38 32
12 120
16 24
43 103
61 115
70 41
106 32
67 31
41 58
11 14
84 48
68 16
91 58
25 26
16 89
17 63
40 52
10 52
27 7
8 117
103 70
69 110
110 28
92 108
35 78
114 100
13 59
48 112
40 45
58 5
77 23
102 81
43 46
65 91
56 29
102 52
42 41
96 25
30 53
106 13
63 11
95 70
25 62
69 18
111 106
9 19
13 90
69 83
63 14
20 41
69 30
83 58
77 22
25 58
94 100
8 93
86 100
104 52
2 84
39 26
15 2
26 101
60 45
99 106
91 46
2 53
94 20
57 98
7 103
113 87
78 45
30 17
70 21
82 36
117 87
102 44
77 15
14 20
33 90
36 84
99 11
27 75
119 110
118 81
51 11
55 114
50 44
38 113
35 95
108 24
35 39
95 10
54 44
67 78
94 76
23 106
55 43
41 3
114 89
120 20
86 72
105 82
14 17
117 55
67 38
27 62
94 8
64 21
5 14
42 29
72 32
91 34
107 107
42 17
113 98
30 89
111 35
42 32
47 106
101 74
114 61
82 28
66 28
20 81
73 62
75 14
26 89
86 105
116 56
78 20
110 97
21 42
29 63
64 101
32 89
119 6
38 116
43 42
109 43
58 56
119 43
47 10
97 10
106 61
33 63
50 57
18 36
24 88
29 55
4 5
21 82
13 95
3 90
65 78
107 39
33 31
7 67
113 39
113 35
100 16
79 35
77 59
6 9
52 60
34 65
31 103
37 51
29 26
56 92
24 73
75 119
57 102
117 102
98 53
88 16
13 107
77 87
90 25
99 70
12 76
115 79
34 93
10 36
116 60
55 82
46 84
80 97
108 45
94 108
11 118
47 6
68 105
44 88
119 115
36 25
83 71
25 107
115 39
93 18
113 19
76 40
34 8
97 74
35 66
45 35
18 57
31 111
26 37
53 82
38 1
16 97
49 94
79 98
67 59
62 25
86 77
107 71
100 73
8 101
22 57
13 119
31 115
25 83
33 23
29 66
59 66
26 33
10 112
80 21
64 60
83 91
51 107
93 103
5 118
59 23
30 80
12 60
39 90
72 36
56 85
102 112
31 54
32 64
25 43
8 40
16 104
98 77
46 41
53 79
92 37
65 70
55 34
79 91
51 86
98 16
81 19
33 50
9 50
112 69
48 117
53 62
91 74
56 45
78 13
100 72
92 116
53 30
56 17
25 31
54 65
47 66
38 5
59 27
26 100
77 90
65 23
22 25
51 110
6 57
87 90
70 37
77 70
81 98
119 103
103 27
14 108
60 96
35 75
48 33
3 15
94 81
20 5
115 55
15 75
104 68
88 64
90 93
29 115
72 120
87 15
102 36
50 73
48 77
2 12
116 40
65 107
54 28
91 35
94 4
112 105
103 87
25 47
101 106
26 61
117 90
55 14
77 79
118 49
68 29
62 80
71 47
97 94
88 4
107 102
5 15
6 105
76 41
59 75
26 29
10 100
73 63
27 51
103 74
62 85
56 36
87 70
31 75
78 64
119 39
109 50
116 1
81 87
16 76
105 71
20 37
43 38
52 13
86 108
87 83
115 18
57 67
50 8
94 21
110 116
106 48
94 37
8 12
42 24
114 60
59 34
26 76
77 14
69 42
33 39
78 25
20 29
82 41
12 5
38 80
97 35
84 88
115 47
93 102
41 118
95 79
17 19
78 60
107 2
74 48
20 65
77 106
6 17
63 62
23 54
80 20
12 81
46 92
64 20
37 23
71 111
49 38
111 31
108 120
9 27
93 91
3 43
4 56
120 68
71 110
44 68
38 45
30 57
49 42
5 19
47 98
48 100
28 28
21 79
28 25
27 67
16 72
33 6
61 106
111 43
21 63
95 98
74 36
36 73
2 17
115 51
79 50
116 16
95 31
85 7
92 88
13 103
111 79
97 18
64 57
112 89
75 47
115 31
41 98
107 46
9 39
70 65
81 75
34 77
8 72
30 72
71 86
39 111
7 10
112 33
16 65
44 112
48 93
21 22
30 36
77 67
89 66
92 104
82 8
55 99
35 38
72 89
13 26
50 21
64 77
39 98
38 92
50 109
10 5
105 78
4 44
94 36
4 13
19 31
106 60
96 16
60 105
44 1
77 71
81 118
20 20
39 31
49 11
46 89
54 80
81 18
18 92
16 56
96 93
46 13
119 51
25 118
57 19
17 75
108 112
59 26
39 59
68 28
96 104
91 26
54 4
112 64
114 76
43 47
71 62
10 105
29 31
3 38
104 96
13 46
112 4
73 2
31 119
89 38
21 55
74 25
84 85
118 20
57 55
78 85
72 105
59 50
87 98
48 16
50 96
58 97
70 84
13 19
116 41
108 97
76 56
20 93
88 52
64 93
119 11
55 18
73 111
118 96
1 66
62 93
115 26
37 15
82 33
25 82
84 117
71 58
107 78
10 24
3 99
75 91
18 84
7 3
38 108
95 11
12 96
78 80
91 63
84 45
92 84
22 48
114 1
103 19
20 92
97 7
53 10
33 66
88 37
40 16
69 50
28 101
26 24
9 103
73 79
50 93
74 56
72 84
48 1
49 27
14 88
101 94
87 38
90 88
94 57
26 40
64 56
43 90
16 61
76 108
90 92
101 34
58 36
28 100
114 72
86 53
13 82
119 27
23 42
73 102
28 32
10 65
98 80
116 88
57 95
81 70
109 15
117 91
16 21
40 37
1 34
117 63
80 16
64 12
101 26
16 52
26 93
66 12
46 25
101 18
33 14
13 63
17 79
17 3
112 93
110 1
49 82
116 25
116 108
63 58
52 109
105 23
83 99
16 40
114 32
29 19
50 29
66 104
66 24
40 33
46 8
32 12
5 55
98 20
116 81
82 56
39 35
62 109
81 42
119 22
25 87
38 53
39 79
107 94
30 13
37 43
74 64
53 111
77 107
100 21
21 83
11 111
37 102
106 64
61 82
73 107
89 79
90 101
55 98
110 120
58 93
75 10
20 9
64 17
48 13
26 92
58 37
70 57
25 46
6 65
12 9
36 104
101 86
71 66
71 10
14 56
10 53
33 42
41 27
66 13
57 50
89 103
67 91
21 43
104 32
18 44
72 104
88 49
47 7
106 56
98 105
8 45
37 67
40 41
74 112
26 1
84 73
83 78
47 34
30 69
55 55
88 76
17 10
87 86
103 110
69 55
103 6
42 101
103 66
46 40
55 46
69 75
71 38
104 105
2 120
109 42
14 109
87 23
33 110
5 30
112 1
52 20
92 80
22 61
108 68
119 99
11 119
41 119
119 23
35 19
72 5
43 82
60 33
41 18
15 18
93 74
67 27
23 39
105 115
31 99
20 113
65 14
80 28
26 117
36 65
16 45
20 117
27 98
66 84
77 58
48 17
104 73
30 44
14 24
95 55
15 86
88 48
78 57
2 73
104 109
20 45
111 51
36 116
20 24
94 32
73 115
28 12
53 71
51 115
51 51
53 27
14 1
24 44
49 114
59 98
1 102
85 98
26 49
52 72
61 34
33 30
66 101
41 82
79 39
40 84
100 109
105 38
90 13
26 44
108 116
69 82
19 27
29 22
83 19
16 112
23 102
117 59
50 97
32 120
46 60
32 68
73 99
17 118
113 22
66 41
83 31
73 114
102 97
17 110
82 65
108 1
2 93
19 35
43 6
43 118
70 105
37 94
50 45
20 96
32 41
99 3
22 97
33 38
81 67
55 62
75 107
54 97
25 2
11 63
43 59
103 94
29 27
53 107
96 96
11 3
12 12
53 18
44 33
90 4
41 6
92 41
8 17
26 81
36 120
41 7
87 14
52 8
20 112
49 119
88 36
31 86
24 120
86 97
46 17
110 4
5 66
92 4
25 114
32 5
57 6
18 72
14 60
52 24
71 115
45 74
80 53
100 37
59 15
45 115
42 69
1 107
42 8
22 1
106 112
98 9
84 17
79 11
105 42
99 35
58 76
47 67
36 33
5 71
97 38
64 100
110 57
56 25
48 20
92 92
45 55
28 97
92 89
34 24
38 105
71 90
88 65
67 71
43 99
70 73
114 92
78 9
4 61
90 17
39 102
35 10
2 32
28 13
120 61
29 99
100 33
38 20
114 104
9 82
120 93
51 106
87 87
54 41
61 15
42 108
118 109
85 63
55 70
98 68
89 99
75 118
65 30
52 4
110 117
99 39
113 111
2 112
15 62
43 107
104 89
59 6
8 8
54 37
84 104
95 114
109 2
59 106
109 87
11 67
68 37
27 79
116 49
65 98
44 104
72 85
3 74
37 54
80 65
51 78
53 55
117 27
109 102
72 56
92 12
5 39
112 112
28 112
22 65
31 31
77 47
24 45
56 76
26 20
59 74
120 45
102 1
40 44
92 112
53 115
96 49
52 77
25 19
69 3
6 109
58 104
79 115
108 36
20 57
120 89
81 27
16 113
106 113
48 12
116 112
91 75
72 68
78 117
92 100
55 115
79 42
24 40
13 38
64 73
48 85
115 10
66 100
7 35
95 6
53 11
59 110
72 4
22 89
61 95
113 50
46 105
89 74
94 28
120 32
12 92
103 83
66 68
14 28
22 109
84 76
3 39
112 116
118 16
82 5
52 73
24 85
101 31
10 25
97 87
116 45
83 23
24 52
87 103
90 52
102 16
15 71
81 22
107 110
38 25
17 39
111 59
1 2
3 23
89 30
14 81
54 92
60 21
34 85
117 15
98 33
39 82
42 52
53 50
75 70
113 82
21 35
92 5
63 35
115 114
33 35
8 68
93 54
44 64
40 9
73 66
71 79
73 15
19 111
40 24
38 29
34 84
4 116
32 16
56 33
40 21
37 78
51 75
15 82
7 59
61 23
34 73
50 104
61 74
28 41
18 77
9 55
111 42
104 77
65 83
67 2
104 85
9 106
6 48
5 82
57 43
108 81
74 21
38 72
26 8
84 72
19 59
99 59
27 31
116 72
75 3
99 118
89 6
53 90
83 38
84 92
37 103
54 113
83 26
72 81
92 53
56 60
108 25
115 2
28 96
32 28
107 83
6 84
69 59
105 118
45 102
70 29
90 100
54 17
34 88
19 62
90 104
72 45
24 12
81 66
95 2
93 82
50 68
74 68
72 77
18 56
100 76
83 115
73 74
92 56
51 71
18 25
82 40
85 34
3 35
120 81
65 34
76 36
16 68
96 76
117 3
87 46
109 74
73 7
108 44
74 52
29 118
118 116
111 47
23 67
97 63
20 53
14 64
39 7
25 66
47 70
119 3
15 6
84 116
15 27
106 65
23 19
102 85
50 49
23 82
4 120
24 108
17 35
107 43
4 112
33 34
90 29
64 25
72 12
10 116
114 68
19 50
67 42
80 80
118 36
102 116
20 1
44 61
68 40
112 76
56 73
109 115
85 39
63 15
6 100
119 34
23 46
11 94
2 80
17 38
110 61
106 12
13 11
83 59
44 12
95 78
4 69
60 81
75 67
105 55
101 115
63 34
84 16
68 36
31 110
79 71
16 81
94 89
43 111
2 36
90 73
47 27
15 94
12 117
58 17
6 73
14 5
114 116
104 88
25 102
104 20
64 117
99 27
119 26
64 84
73 47
94 72
89 47
60 8
21 6
5 18
27 55
7 114
25 99
65 3
83 43
31 87
70 44
54 52
11 95
82 72
11 107
101 22
36 77
19 14
47 50
90 9
117 99
14 25
7 38
9 63
45 38
101 38
32 93
30 108
87 75
111 90
83 119
92 45
3 75
84 53
31 50
108 109
95 43
105 95
61 99
51 35
68 93
64 89
106 5
101 51
84 49
65 51
87 30
84 61
89 94
14 8
7 11
88 112
84 97
107 99
63 6
37 119
17 42
105 50
119 35
48 89
56 104
71 19
27 59
109 11
52 113
3 58
76 72
29 38
37 63
67 66
48 96
18 1
106 17
102 57
79 18
15 30
34 5
96 45
117 78
55 110
13 23
45 83
51 34
62 13
3 47
114 77
106 97
25 27
2 13
70 49
68 21
63 71
50 88
48 84
120 112
60 73
37 39
39 10
12 93
108 29
54 88
115 43
59 111
24 13
64 109
41 47
67 11
102 68
45 63
93 38
42 28
44 72
83 50
39 19
120 117
91 87
35 74
32 73
48 49
100 36
98 72
23 86
73 70
29 35
82 24
115 91
117 51
40 73
7 22
114 101
88 120
17 83
64 92
87 107
68 32
105 75
87 26
51 47
56 65
61 79
37 26
59 42
89 107
70 24
34 60
27 95
71 2
95 90
114 44
81 99
13 27
58 45
33 83
76 120
106 29
84 93
27 14
102 76
89 95
109 114
113 59
4 85
85 91
9 26
21 14
12 89
92 120
99 34
5 78
14 93
85 11
90 72
43 50
89 91
38 77
34 64
69 94
84 37
83 30
45 106
32 81
27 30
94 48
45 111
81 38
44 101
48 69
21 3
74 61
74 8
58 101
79 34
92 96
94 96
49 83
62 77
83 98
9 118
108 72
112 97
59 38
41 95
57 59
52 1
26 113
79 119
62 64
49 54
89 15
47 15
34 100
95 35
98 92
83 114
5 50
60 40
16 44
47 87
54 89
47 83
47 82
13 30
40 92
51 27
25 11
107 75
100 80
89 114
45 7
6 60
64 28
15 115
116 8
29 54
101 59
88 77
44 120
84 113
88 9
95 67
93 62
79 95
54 93
20 4
115 86
86 112
24 25
58 16
66 88
64 40
84 20
105 6
60 80
108 65
4 97
85 46
7 111
43 18
29 30
70 12
1 10
68 113
65 55
105 83
44 77
77 39
24 116
90 112
21 94
61 71
61 91
103 67
17 58
75 111
61 27
108 56
66 44
10 13
103 102
109 118
51 114
70 113
90 20
52 37
57 82
35 11
62 33
118 84
29 111
74 28
86 60
75 106
102 96
73 31
104 13
90 76
8 57
76 49
56 108
87 35
83 62
51 30
45 99
7 62
114 112
18 80
8 80
85 6
21 10
69 79
9 7
77 119
83 39
55 15
117 95
13 47
83 95
48 37
53 106
69 70
86 13
49 63
22 73
111 95
48 88
17 99
16 60
32 52
19 47
80 5
54 1
44 53
47 99
13 75
81 10
113 119
58 9
118 13
38 40
77 91
19 75
98 17
53 94
39 47
28 56
37 106
58 81
70 36
66 92
112 73
73 39
46 109
83 15
40 56
100 77
81 110
72 53
1 114
9 75
69 34
9 70
86 24
82 21
65 67
62 9
101 55
69 99
97 46
120 80
58 84
53 2
108 21
79 94
55 39
60 92
67 3
79 62
7 99
100 116
51 66
87 78
74 65
21 91
63 83
104 29
58 24
68 72
55 23
14 96
46 36
56 13
63 75
21 46
2 49
93 11
18 104
7 54
2 72
116 101
116 37
88 17
13 18
31 98
3 31
16 5
5 46
112 77
78 120
119 31
102 105
31 51
110 73
58 60
60 56
14 117
43 14
12 105
63 106
78 21
109 46
25 59
119 83
119 114
36 100
100 65
47 115
32 29
32 57
18 109
89 43
28 53
117 82
82 53
110 65
61 67
92 16
22 92
9 54
31 14
58 49
70 101
80 64
119 7
43 71
89 23
93 70
85 78
70 120
27 39
33 7
43 39
80 44
115 99
10 89
52 64
70 8
13 110
36 44
106 72
23 94
90 81
76 33
25 3
30 56
117 74
78 61
67 95
80 52
62 116
32 84
77 31
104 48
100 32
71 82
59 83
113 91
12 8
26 105
1 23
112 45
28 80
98 85
9 43
12 52
87 34
54 117
30 33
80 116
40 68
111 102
65 95
61 55
17 18
109 38
57 10
117 7
34 116
11 46
109 10
107 11
48 45
38 84
69 10
45 18
19 78
46 76
17 67
51 6
54 104
35 50
16 49
46 21
68 101
91 114
15 74
78 44
22 44
4 33
82 49
4 73
105 99
66 93
114 21
93 95
45 50
115 119
29 10
117 79
44 65
74 73
72 37
71 55
32 112
83 75
97 106
63 38
112 25
50 52
86 4
85 114
44 21
51 118
78 17
75 99
66 117
50 9
101 103
44 93
8 65
79 3
110 93
113 30
93 19
47 39
88 56
54 56
35 71
84 24
1 82
97 119
51 82
34 96
30 21
98 40
25 23
78 76
103 30
4 84
56 84
87 91
88 33
38 69
8 24
51 90
24 89
85 54
117 6
56 40
9 67
4 77
34 44
16 29
43 91
95 103
98 112
35 106
81 23
87 79
55 58
40 85
49 111
59 18
24 33
4 76
8 33
100 29
5 115
2 104
49 102
11 10
6 88
22 116
101 111
99 6
4 60
49 22
93 43
88 101
12 17
11 70
7 78
118 108
107 90
34 56
88 116
93 50
78 12
113 51
93 90
9 110
91 11
37 58
27 78
33 98
112 32
26 116
98 25
56 16
43 35
99 111
85 31
90 45
67 110
38 49
21 110
3 83
94 13
112 5
58 12
81 82
49 10
41 46
47 18
29 50
54 77
82 37
48 97
19 15
49 70
53 46
13 31
11 31
101 102
46 9
37 62
34 97
41 102
9 6
71 119
5 34
29 3
88 32
66 65
64 105
102 93
5 11
58 108
10 72
14 77
58 48
72 16
9 2
112 40
110 17
65 27
75 43
44 36
65 66
79 54
68 13
50 101
110 9
98 88
66 49
68 100
102 109
99 95
75 55
12 36
87 51
55 106
65 87
112 101
11 75
59 71
57 114
44 100
101 78
55 27
19 3
34 113
76 17
20 76
47 47
71 114
47 114
65 2
20 80
88 60
20 100
45 30
45 51
72 80
94 113
44 20
49 50
93 83
80 9
6 117
18 65
60 9
109 7
78 5
113 18
104 49
119 30
36 32
96 37
33 2
117 106
39 11
70 5
17 46
79 79
10 96
103 10
100 85
63 115
99 19
52 88
77 66
19 71
30 109
37 38
115 83
80 120
75 22
38 85
91 118
29 74
109 31
8 41
105 3
66 116
45 22
88 28
28 65
91 23
10 45
17 70
20 21
95 83
101 98
2 68
118 117
77 18
79 46
70 93
10 41
93 118
71 3
47 23
11 18
18 69
31 91
39 71
89 90
40 105
19 67
78 72
20 40
74 109
12 41
70 104
72 17
114 40
51 59
80 56
80 76
40 28
99 103
4 92
112 68
7 42
1 39
61 7
9 87
32 72
111 46
27 86
50 108
51 15
45 94
62 76
118 32
76 28
48 32
44 28
58 20
80 108
43 19
94 49
49 103
115 106
7 79
93 6
71 103
113 79
105 119
12 57
116 29
117 43
54 9
38 36
77 51
2 20
114 17
84 33
74 100
11 62
108 88
4 16
34 81
74 77
11 106
10 56
93 79
83 3
116 4
52 117
71 50
93 23
60 84
96 40
95 87
89 62
32 69
56 12
45 15
14 53
92 52
46 96
116 5
51 95
66 113
102 80
3 106
30 5
78 101
107 27
54 64
47 63
84 44
11 39
100 104
63 19
2 77
42 12
70 28
73 19
103 14
111 118
5 6
28 9
5 22
68 53
46 97
90 5
81 91
49 2
57 87
62 12
107 54
66 89
46 80
6 37
60 72
66 96
95 38
33 95
40 69
63 90
89 50
107 106
84 64
26 21
9 114
73 103
117 71
69 115
75 58
90 117
46 101
58 40
36 109
113 42
101 107
110 88
114 52
87 63
52 108
31 63
72 88
98 116
94 116
60 57
61 94
33 86
53 6
85 42
41 86
103 119
30 12
101 35
120 12
32 17
68 81
63 63
8 92
76 20
108 17
68 4
117 39
72 41
42 100
4 64
8 1
55 19
103 78
7 90
52 68
47 54
18 89
41 55
114 96
43 94
82 80
91 50
110 100
77 98
115 94
31 47
5 90
111 19
69 35
64 48
110 8
7 66
84 21
42 73
21 19
2 92
82 84
84 80
35 18
41 79
27 87
87 59
58 28
99 50
17 106
47 46
107 18
38 120
98 56
58 80
111 86
13 55
50 37
52 17
118 85
24 65
24 97
20 77
116 96
11 23
110 24
96 36
37 55
118 104
20 33
4 4
115 107
14 21
20 13
19 2
46 68
81 107
33 87
91 2
113 62
5 79
71 94
112 96
6 32
39 67
13 115
44 89
63 47
37 87
14 72
12 49
90 37
61 83
54 61
119 87
49 99
103 82
107 59
94 33
71 83
1 87
90 28
47 74
75 62
97 3
78 73
31 58
94 53
64 36
115 87
16 37
6 89
80 40
29 58
85 103
1 38
24 69
63 51
63 99
67 15
113 78
38 104
107 119
62 17
84 4
81 102
67 30
45 82
8 21
75 71
12 32
105 47
22 72
33 3
51 7
60 97
62 113
62 29
38 56
30 101
48 53
83 67
4 57
7 18
79 23
44 8
54 73
62 89
104 101
110 112
34 105
99 82
78 48
111 103
68 97
83 18
94 77
111 111
30 24
15 35
112 81
83 34
59 63
109 67
67 114
8 77
62 49
99 55
104 56
40 112
108 13
113 27
118 25
42 117
71 54
57 27
85 47
38 24
22 29
57 58
68 85
54 116
84 81
85 99
2 89
105 79
87 119
32 117
112 36
62 105
110 45
35 46
14 13
75 86
27 90
74 96
12 53
5 107
79 110
73 46
95 3
70 64
67 63
60 25
65 10
20 72
86 64
53 23
62 96
9 31
96 1
100 41
117 110
104 61
21 39
111 2
11 30
10 80
29 2
103 34
46 49
81 34
107 63
116 53
119 118
51 91
42 76
116 24
54 81
120 52
11 99
98 64
107 14
26 52
40 120
7 51
17 86
92 1
94 105
118 80
39 91
117 31
38 48
29 79
39 106
88 1
72 117
37 82
120 96
101 79
106 68
94 25
31 6
23 62
31 39
30 116
72 100
11 98
85 66
6 21
33 106
23 118
103 86
89 51
106 92
96 28
102 12
76 77
46 73
63 94
28 1
66 8
64 5
45 14
94 93
88 25
111 3
75 102
53 63
84 13
32 21
28 61
39 23
55 74
76 97
6 25
104 40
46 29
26 53
37 118
72 113
104 33
108 64
43 95
71 35
17 55
33 71
80 61
71 99
20 69
49 15
28 24
45 91
16 96
106 80
4 105
59 39
98 93
76 92
79 90
113 11
108 113
71 46
49 110
84 8
6 64
84 69
110 12
34 40
88 105
75 19
106 93
8 29
