522 250877914575
1 333 -933
1 192 272
2 534 -647
5 -181 294
2 362 -950
2 790 540
2 -924 -570
1 -659 601
5 -111 -194
1 -858 -776
3 -338 -162
5 605 771
1 -121 -961
3 -411 787
1 -465 -475
5 894 -387
1 -265 -92
4 -482 889
5 308 -868
5 631 429
1 545 -148
1 -212 -499
1 -973 213
4 229 240
2 -521 267
3 -700 -821
4 -785 584
3 802 -719
4 102 88
1 848 229
5 871 926
5 -316 10
3 87 -545
4 -377 -697
1 202 -801
4 -931 -604
4 -311 -990
5 836 58
2 -670 -550
5 -1 -476
3 5 406
5 -326 -174
3 -235 -271
1 -971 -795
5 528 843
5 33 -527
2 62 -298
2 -324 -977
4 -483 221
4 841 -334
5 -401 -311
2 322 390
3 -671 -16
2 663 820
1 -358 -993
5 -947 939
5 -468 850
3 560 988
4 869 71
3 -397 719
4 -994 243
4 393 266
5 9 531
3 556 -277
2 578 425
1 -767 -440
3 173 863
5 -53 -414
5 634 148
3 952 339
2 -489 896
2 576 -974
2 242 989
4 -33 944
3 -123 -872
5 624 697
3 354 -120
2 -256 -812
5 -652 866
4 281 -987
2 322 255
2 29 238
2 956 862
5 -985 86
2 -455 -788
1 -175 -420
4 -351 -65
2 -99 282
2 414 332
3 -491 -613
5 637 972
5 764 814
1 620 -688
4 942 306
4 -704 557
1 -884 29
5 355 317
2 -329 -515
1 -657 -229
2 393 917
1 -532 -71
1 414 -20
4 623 293
3 673 -160
4 -480 -334
2 -255 -235
4 636 313
2 -119 -164
5 908 -497
5 229 -941
1 -657 -552
4 261 405
1 344 944
2 650 729
4 265 -181
5 -965 -910
1 -925 949
1 422 -552
3 -109 -246
3 -125 731
1 851 -60
4 33 156
3 -576 -941
4 720 249
2 -261 257
1 589 -491
3 869 -796
2 153 368
4 607 -239
4 756 -654
4 -135 843
4 -668 949
4 -564 246
1 336 -586
4 719 488
3 837 180
1 -116 -889
1 24 64
3 585 -743
3 753 -760
4 -170 528
1 60 136
5 -320 32
5 -748 710
3 -55 735
4 -964 738
5 247 58
2 -305 -853
2 -918 490
2 96 -885
5 621 -319
2 -435 -614
2 607 422
4 362 923
3 -296 -705
4 -217 291
3 3 -808
1 643 -115
3 517 -265
4 -911 -835
3 -522 753
1 -363 880
2 860 -936
5 630 762
5 799 708
4 605 -238
3 -281 333
5 -379 -673
5 77 -82
3 439 -218
3 689 -539
2 -137 -628
3 747 476
1 662 -537
5 -869 -4
5 -892 -871
4 532 -156
1 481 914
5 479 -788
3 424 859
3 496 746
2 926 -809
4 -196 -527
3 3 413
1 140 -60
2 16 601
3 539 278
3 743 465
4 -451 23
2 488 959
5 773 229
4 685 -468
3 643 -154
2 109 716
1 415 -759
1 148 222
2 -627 -150
5 -114 -944
1 -352 742
3 -271 -343
4 687 -196
4 882 327
4 -340 -808
4 -295 -22
5 -10 368
1 -323 14
5 -195 -151
2 114 660
2 -276 -474
1 -448 210
5 324 -658
2 -323 -664
4 -761 -875
5 -19 -398
5 224 305
1 753 -559
4 102 -820
4 -43 543
3 -11 -935
1 968 -189
2 -871 646
1 473 -989
3 758 -699
3 433 614
5 445 160
5 -712 -719
1 -702 991
4 178 -824
1 -281 -145
5 982 -825
5 893 -461
3 404 -721
4 250 809
1 833 543
1 969 582
5 -397 -154
3 269 220
1 -113 932
5 -124 423
1 -720 383
1 201 -387
1 259 -269
4 458 357
5 -582 339
4 404 -955
4 -713 23
5 605 245
3 501 352
4 737 -155
5 -290 287
1 -148 -392
3 770 -20
2 -121 243
3 -993 202
1 758 756
3 -363 -579
1 -466 435
1 -878 -643
3 -112 -593
2 705 -761
1 271 -632
1 248 -630
3 772 65
1 -250 -669
1 -119 128
2 559 -225
5 -527 582
4 111 943
5 30 111
1 270 -614
4 -177 670
2 -92 -898
3 850 87
3 245 744
5 -795 -355
5 -404 649
2 867 -648
2 -338 -547
2 -210 -34
5 -661 -42
3 753 -600
4 196 -941
4 464 -140
2 -623 417
2 377 146
2 303 581
1 -556 -95
4 -239 -126
2 240 772
3 -586 -580
4 -288 -283
5 212 465
4 -912 538
2 -584 -873
3 782 -293
2 501 708
3 198 -280
2 -171 695
5 729 24
3 402 312
3 590 218
2 171 475
2 946 251
1 208 107
4 833 -613
1 79 870
4 914 -210
1 557 -510
4 -142 -550
5 -859 309
2 -976 75
2 939 -44
4 682 -718
1 -720 937
3 938 962
1 -931 -245
4 -4 671
1 -556 -63
5 297 791
2 -242 163
5 -799 379
1 448 -506
4 -19 -169
3 -177 305
1 198 669
1 674 271
3 -543 -9
3 306 48
3 20 -32
1 860 865
1 -326 97
3 850 -244
4 494 -522
1 -710 -503
5 794 416
2 -380 -787
5 13 971
3 749 608
5 940 25
5 -953 255
1 601 -305
5 -968 382
1 -743 -36
4 -535 -817
3 -770 862
1 967 522
5 493 -439
3 878 -817
2 841 -946
1 958 -27
4 430 797
2 232 -432
4 438 -196
4 187 417
4 163 -901
2 -353 -718
5 489 107
2 243 -505
1 -259 -932
3 466 881
3 962 596
3 -860 801
4 957 422
2 866 380
1 860 -399
5 198 -257
5 -966 933
5 688 -629
2 881 272
4 -122 230
3 795 -697
3 -326 -230
5 -945 -956
4 756 132
4 -314 -132
4 -983 288
4 -329 776
1 -551 -359
1 -219 -761
3 436 -244
2 -422 -732
4 469 -621
3 -892 -829
3 855 748
5 -638 -115
5 130 -827
3 113 56
2 -516 473
3 423 -93
1 -839 632
3 55 -576
2 -838 896
1 101 190
4 933 -464
1 473 719
4 -258 581
1 51 298
3 -405 746
5 722 -672
4 -162 920
4 884 -448
5 -545 123
1 -405 -313
4 -740 -430
4 -807 -300
2 -127 -772
2 -929 -914
1 -719 579
5 163 -793
4 208 -517
1 -361 573
4 653 -627
4 -625 -519
4 36 -684
2 -678 -879
2 589 103
2 902 288
1 239 64
5 673 888
4 665 320
2 -71 505
2 -740 17
4 -243 -987
1 288 864
3 -999 -107
4 -744 834
5 -53 434
1 -878 601
1 -390 79
3 -682 -587
3 547 -24
5 192 358
1 375 887
5 -625 209
1 -893 -492
2 553 554
1 -903 -337
1 -485 -466
3 -817 -351
2 -83 500
1 -235 496
4 560 -712
1 -853 -79
5 -942 -661
2 660 301
2 361 433
3 115 -739
4 7 -890
4 74 236
2 591 159
4 -176 210
1 920 317
4 525 -461
2 332 -435
1 282 471
2 394 -801
3 -886 332
4 94 66
4 229 603
2 132 70
1 -742 -212
5 -930 455
5 300 1
2 481 -47
2 -882 -730
3 -467 220
1 -649 237
3 572 -393
1 89 -473
1 -182 -274
2 -86 -648
1 392 -572
4 895 -901
3 327 -896
3 -174 157
3 549 -286
3 -150 -141
2 746 -964
3 -700 -475
4 606 -776
3 -996 86
3 -691 574
3 288 140
2 -81 -813
2 865 -5
1 848 16
4 -680 -365
1 697 524
5 -200 668
4 -388 654
5 580 -913
5 -490 -537
1 -794 369
1 350 764
1 421 957
3 249 458
3 694 -682
3 46 -198
1 -649 -101
1 757 -833
3 -997 -107
5 233 219
2 600 -331
1 730 -593
4 -719 -704
3 806 -377
5 346 723
3 -493 -632
4 24 777
1 698 -523
4 -111 102
2 -916 -677
1 -305 138
3 -520 -822
4 -224 -389
4 -185 71
1 -156 745
2 -328 -662
1 744 -783
1 382 -643
5 224 643
4 499 282
